County,Total_Population_County,Total_Population_Medicaid,Male_Total_Medicaid,Male_Under_19_Medicaid,Male_Under_19_With_Medicaid,Male_Under_19_No_Medicaid,Male_19_to_64_Medicaid,Male_19_to_64_With_Medicaid,Male_19_to_64_No_Medicaid,Male_65_and_Over_Medicaid,Male_65_and_Over_With_Medicaid,Male_65_and_Over_No_Medicaid,Female_Total_Medicaid,Female_Under_19_Medicaid,Female_Under_19_With_Medicaid,Female_Under_19_No_Medicaid,Female_19_to_64_Medicaid,Female_19_to_64_With_Medicaid,Female_19_to_64_No_Medicaid,Female_65_and_Over_Medicaid,Female_65_and_Over_With_Medicaid,Female_65_and_Over_No_Medicaid,state,county,Year
"Onondaga County, New York",454753,450355,216874,52234,14829,37405,138836,13598,125238,25804,2958,22846,233481,51764,14159,37605,146295,20009,126286,35422,5214,30208,36,067,2009
"Ontario County, New York",105650,104324,51879,12162,2844,9318,33037,1965,31072,6680,501,6179,52445,11406,2597,8809,32814,2811,30003,8225,1125,7100,36,069,2009
"Orange County, New York",383532,370574,182337,54063,15812,38251,111936,7813,104123,16338,2041,14297,188237,50145,13570,36575,116683,11781,104902,21409,3197,18212,36,071,2009
"Oswego County, New York",121377,120788,59750,14029,5845,8184,39454,5569,33885,6267,1138,5129,61038,13542,4618,8924,39415,7674,31741,8081,1559,6522,36,075,2009
"Putnam County, New York",99265,97428,49261,11644,837,10807,32202,1966,30236,5415,565,4850,48167,11119,1540,9579,31036,1475,29561,6012,873,5139,36,079,2009
"Queens County, New York",2306712,2292003,1114353,252066,110190,141876,746131,116564,629567,116156,24607,91549,1177650,241745,101294,140451,761446,154816,606630,174459,38929,135530,36,081,2009
"Rensselaer County, New York",155541,153245,76318,17269,5912,11357,50674,5152,45522,8375,938,7437,76927,15463,4218,11245,50179,7571,42608,11285,1803,9482,36,083,2009
"Richmond County, New York",491730,484425,235333,57411,16282,41129,153192,20129,133063,24730,3102,21628,249092,56004,16668,39336,159462,24163,135299,33626,5514,28112,36,085,2009
"Rockland County, New York",300173,298223,148199,42961,12646,30315,87996,8393,79603,17242,1843,15399,150024,40083,12627,27456,87444,8991,78453,22497,3286,19211,36,087,2009
"St. Lawrence County, New York",109715,107071,52843,11623,5415,6208,35073,5206,29867,6147,778,5369,54228,10870,4555,6315,34943,7572,27371,8415,1385,7030,36,089,2009
"Saratoga County, New York",220069,215276,105589,24412,3784,20628,68413,4238,64175,12764,794,11970,109687,24117,2183,21934,71535,5126,66409,14035,1590,12445,36,091,2009
"Schenectady County, New York",152169,150807,73830,18197,5776,12421,45748,2830,42918,9885,1420,8465,76977,16639,3427,13212,46946,4688,42258,13392,1664,11728,36,093,2009
"Steuben County, New York",96552,95972,47351,11230,3703,7527,29700,3300,26400,6421,852,5569,48621,10985,3082,7903,29799,4764,25035,7837,917,6920,36,101,2009
"Suffolk County, New York",1518475,1495683,736870,186020,32115,153905,467846,29471,438375,83004,6355,76649,758813,178456,29866,148590,468862,34060,434802,111495,13006,98489,36,103,2009
"Sullivan County, New York",75828,73347,36914,9424,3475,5949,22394,3254,19140,5096,488,4608,36433,7779,2287,5492,22948,3877,19071,5706,918,4788,36,105,2009
"Tompkins County, New York",101779,100994,50401,8755,2947,5808,37414,2509,34905,4232,245,3987,50593,7601,2072,5529,37256,3468,33788,5736,719,5017,36,109,2009
"Ulster County, New York",181440,176329,85534,17910,5915,11995,56425,7227,49198,11199,1362,9837,90795,18478,6353,12125,58145,6900,51245,14172,1958,12214,36,111,2009
"Warren County, New York",66021,64892,31684,6498,1608,4890,20213,1592,18621,4973,369,4604,33208,6373,1887,4486,20701,2006,18695,6134,825,5309,36,113,2009
"Wayne County, New York",91291,90011,45062,10860,2888,7972,28846,2623,26223,5356,1107,4249,44949,10486,3143,7343,28191,3958,24233,6272,890,5382,36,117,2009
"Westchester County, New York",955962,942858,456948,117053,23965,93088,285880,18057,267823,54015,5451,48564,485910,112407,24645,87762,298088,25069,273019,75415,10582,64833,36,119,2009
"Alamance County, North Carolina",150358,147779,71431,19024,6843,12181,44529,1995,42534,7878,759,7119,76348,17742,6600,11142,47550,3999,43551,11056,1443,9613,37,001,2009
"Brunswick County, North Carolina",107062,104989,49706,9394,3824,5570,30125,2453,27672,10187,655,9532,55283,10375,3549,6826,34051,4161,29890,10857,781,10076,37,019,2009
"Buncombe County, North Carolina",231452,228744,108254,23662,9250,14412,69692,4633,65059,14900,1861,13039,120490,24354,10426,13928,76021,7383,68638,20115,2984,17131,37,021,2009
"Burke County, North Carolina",89548,86911,43033,10393,4299,6094,26919,3536,23383,5721,438,5283,43878,9567,3601,5966,26576,4299,22277,7735,1019,6716,37,023,2009
"Cabarrus County, North Carolina",172223,171138,83973,24609,8817,15792,51532,1953,49579,7832,964,6868,87165,23287,6161,17126,53598,4513,49085,10280,1408,8872,37,025,2009
"Caldwell County, North Carolina",79914,79107,38671,9099,3377,5722,24146,1336,22810,5426,1189,4237,40436,9024,4477,4547,24854,3410,21444,6558,1588,4970,37,027,2009
"Catawba County, North Carolina",159125,158080,77915,19579,5755,13824,49451,3439,46012,8885,1229,7656,80165,18814,7061,11753,48711,5265,43446,12640,1802,10838,37,035,2009
"Cleveland County, North Carolina",99274,98775,47869,12720,4300,8420,29040,2634,26406,6109,1046,5063,50906,11111,4752,6359,31267,3570,27697,8528,1787,6741,37,045,2009
"Craven County, North Carolina",98529,89436,40363,11507,4158,7349,22210,2134,20076,6646,802,5844,49073,11293,4171,7122,29144,4241,24903,8636,1245,7391,37,049,2009
"Cumberland County, North Carolina",315207,280366,123751,42901,12729,30172,69186,6737,62449,11664,1247,10417,156615,40936,13235,27701,97893,12888,85005,17786,2385,15401,37,051,2009
"Davidson County, North Carolina",158582,156922,76256,18935,7226,11709,48350,2339,46011,8971,406,8565,80666,19085,8461,10624,49981,4934,45047,11600,1351,10249,37,057,2009
"Durham County, North Carolina",269706,264481,125251,32016,12079,19937,83323,4643,78680,9912,1193,8719,139230,31106,12530,18576,93910,9055,84855,14214,2239,11975,37,063,2009
"Forsyth County, North Carolina",359638,356276,171262,45071,15468,29603,107342,4297,103045,18849,1702,17147,185014,43280,12352,30928,115353,10246,105107,26381,3219,23162,37,067,2009
"Gaston County, North Carolina",208958,207081,98372,24865,8240,16625,62616,5432,57184,10891,906,9985,108709,25705,8977,16728,67212,9131,58081,15792,2319,13473,37,071,2009
"Guilford County, North Carolina",480362,475249,227624,58379,19188,39191,144952,6305,138647,24293,3085,21208,247625,55823,17542,38281,158439,14189,144250,33363,4616,28747,37,081,2009
"Harnett County, North Carolina",115761,109895,49158,16143,5407,10736,28681,2884,25797,4334,470,3864,60737,14982,5158,9824,39802,4795,35007,5953,1276,4677,37,085,2009
"Henderson County, North Carolina",103669,99366,49208,12070,3278,8792,28250,1835,26415,8888,519,8369,50158,9851,3795,6056,30027,2544,27483,10280,729,9551,37,089,2009
"Iredell County, North Carolina",158153,157043,77702,22305,7214,15091,47297,2355,44942,8100,510,7590,79341,18539,5683,12856,49253,5774,43479,11549,1577,9972,37,097,2009
"Johnston County, North Carolina",168525,166805,83200,24776,10096,14680,51971,3835,48136,6453,368,6085,83605,22719,8446,14273,52616,5437,47179,8270,1470,6800,37,101,2009
"Lincoln County, North Carolina",76043,72945,36133,9785,3891,5894,21899,1622,20277,4449,534,3915,36812,8796,1754,7042,23014,1945,21069,5002,830,4172,37,109,2009
"Mecklenburg County, North Carolina",913639,908095,444430,121584,36332,85252,290669,11585,279084,32177,2852,29325,463665,115844,35059,80785,304319,24252,280067,43502,3614,39888,37,119,2009
"Moore County, North Carolina",87158,84579,40811,10268,5248,5020,22516,1718,20798,8027,727,7300,43768,8992,3592,5400,25386,2364,23022,9390,1111,8279,37,125,2009
"Nash County, North Carolina",94743,93735,44721,11912,4616,7296,27179,3031,24148,5630,892,4738,49014,11361,3595,7766,29374,3894,25480,8279,1064,7215,37,127,2009
"New Hanover County, North Carolina",195085,192838,91620,19545,6147,13398,60940,4968,55972,11135,425,10710,101218,20074,6996,13078,66544,6294,60250,14600,1674,12926,37,129,2009
"Onslow County, North Carolina",173064,123827,50195,20085,6089,13996,24907,1881,23026,5203,546,4657,73632,20097,3917,16180,47376,3954,43422,6159,1016,5143,37,133,2009
"Orange County, North Carolina",129083,128541,61217,14128,4338,9790,41403,778,40625,5686,445,5241,67324,12633,2953,9680,47035,1639,45396,7656,873,6783,37,135,2009
"Pitt County, North Carolina",159057,157522,74644,18163,5665,12498,50330,3105,47225,6151,1399,4752,82878,18141,5719,12422,55491,4430,51061,9246,2295,6951,37,147,2009
"Randolph County, North Carolina",142151,141137,68173,16422,9259,7163,43773,2572,41201,7978,870,7108,72964,18220,10046,8174,43917,5407,38510,10827,1569,9258,37,151,2009
"Robeson County, North Carolina",129559,126103,61051,18780,10586,8194,36806,5839,30967,5465,436,5029,65052,17203,11621,5582,39997,9086,30911,7852,1240,6612,37,155,2009
"Rockingham County, North Carolina",92252,91645,44016,10777,4952,5825,27552,3714,23838,5687,550,5137,47629,10194,4179,6015,28964,4203,24761,8471,1087,7384,37,157,2009
"Rowan County, North Carolina",140798,138561,68060,17138,7748,9390,42829,3340,39489,8093,1026,7067,70501,15989,7160,8829,42831,4653,38178,11681,2189,9492,37,159,2009
"Surry County, North Carolina",72496,71447,34929,9109,4078,5031,20902,1594,19308,4918,525,4393,36518,8139,3570,4569,21281,2537,18744,7098,906,6192,37,171,2009
"Union County, North Carolina",198645,197565,97397,29812,7012,22800,60030,3066,56964,7555,582,6973,100168,29970,7608,22362,60676,4385,56291,9522,861,8661,37,179,2009
"Wake County, North Carolina",897214,889710,439375,121324,27998,93326,286958,10408,276550,31093,2994,28099,450335,115745,22717,93028,293853,15737,278116,40737,4941,35796,37,183,2009
"Wayne County, North Carolina",113811,106680,50210,14816,8470,6346,29489,3789,25700,5905,1052,4853,56470,14000,7204,6796,34484,5618,28866,7986,1661,6325,37,191,2009
"Wilkes County, North Carolina",66555,64876,30962,7406,3247,4159,18947,1863,17084,4609,531,4078,33914,7472,4071,3401,20539,3291,17248,5903,1029,4874,37,193,2009
"Wilson County, North Carolina",78353,78341,37480,10090,4501,5589,23049,2146,20903,4341,585,3756,40861,9686,4631,5055,24623,3349,21274,6552,1289,5263,37,195,2009
"Burleigh County, North Dakota",79822,78404,37380,8854,1326,7528,24139,647,23492,4387,575,3812,41024,8555,818,7737,26021,1927,24094,6448,883,5565,38,015,2009
"Cass County, North Dakota",143339,141944,71572,16078,3015,13063,49727,1483,48244,5767,727,5040,70372,14967,2552,12415,47797,2126,45671,7608,850,6758,38,017,2009
"Grand Forks County, North Dakota",66414,65275,33202,7131,1769,5362,23132,1106,22026,2939,137,2802,32073,6264,1620,4644,21793,1400,20393,4016,175,3841,38,035,2009
"Allen County, Ohio",104357,102066,50579,13510,5995,7515,30923,2631,28292,6146,427,5719,51487,12059,4931,7128,30976,5572,25404,8452,605,7847,39,003,2009
"Ashtabula County, Ohio",100767,97824,48168,12095,4963,7132,29614,3011,26603,6459,1037,5422,49656,11724,4962,6762,29908,4022,25886,8024,1021,7003,39,007,2009
"Belmont County, Ohio",68066,61016,31374,6694,1913,4781,20135,1802,18333,4545,652,3893,29642,6465,2017,4448,20019,4046,15973,3158,401,2757,39,013,2009
"Butler County, Ohio",363184,360713,177355,46319,11876,34443,114265,9166,105099,16771,1313,15458,183358,43426,12365,31061,117158,13583,103575,22774,2297,20477,39,017,2009
"Clark County, Ohio",139671,137585,66440,17192,7573,9619,40361,5265,35096,8887,1198,7689,71145,15725,6862,8863,43295,7351,35944,12125,1748,10377,39,023,2009
"Clermont County, Ohio",196364,194809,96118,25682,7670,18012,60794,4047,56747,9642,626,9016,98691,24310,5809,18501,62027,5706,56321,12354,901,11453,39,025,2009
"Columbiana County, Ohio",107722,104815,51764,11944,4626,7318,32522,4012,28510,7298,1258,6040,53051,11238,4009,7229,32284,4479,27805,9529,1541,7988,39,029,2009
"Cuyahoga County, Ohio",1275709,1255283,595919,148446,56110,92336,373669,39032,334637,73804,10970,62834,659364,143745,58617,85128,406360,63912,342448,109259,17129,92130,39,035,2009
"Delaware County, Ohio",168708,167766,83545,24455,2125,22330,52542,1230,51312,6548,417,6131,84221,22820,3250,19570,53313,2098,51215,8088,1064,7024,39,041,2009
"Erie County, Ohio",76963,74539,36315,8624,2000,6624,22090,1333,20757,5601,834,4767,38224,8303,2999,5304,23196,2877,20319,6725,617,6108,39,043,2009
"Fairfield County, Ohio",143712,141295,69554,18427,6054,12373,43179,3652,39527,7948,795,7153,71741,18603,5376,13227,43826,5265,38561,9312,932,8380,39,045,2009
"Franklin County, Ohio",1150122,1141932,558879,140792,46610,94182,372173,23530,348643,45914,5681,40233,583053,134711,46832,87879,383152,42671,340481,65190,9110,56080,39,049,2009
"Geauga County, Ohio",99060,97102,47311,12730,1799,10931,28447,1029,27418,6134,40,6094,49791,12226,1403,10823,29749,1231,28518,7816,400,7416,39,055,2009
"Greene County, Ohio",159823,155562,75132,18084,5139,12945,48381,2125,46256,8667,735,7932,80430,16498,5374,11124,52793,5579,47214,11139,1354,9785,39,057,2009
"Hamilton County, Ohio",855062,844743,404624,101281,29225,72056,259609,14394,245215,43734,4979,38755,440119,99054,31656,67398,276152,26744,249408,64913,7940,56973,39,061,2009
"Hancock County, Ohio",74538,74136,36023,8641,1805,6836,23059,985,22074,4323,627,3696,38113,8358,1442,6916,23707,1611,22096,6048,431,5617,39,063,2009
"Jefferson County, Ohio",67691,67310,32227,6836,2847,3989,20060,1647,18413,5331,615,4716,35083,6875,2918,3957,20912,3502,17410,7296,741,6555,39,081,2009
"Lake County, Ohio",236775,235221,116106,27236,5053,22183,73445,3248,70197,15425,1136,14289,119115,24541,3903,20638,74208,4800,69408,20366,2072,18294,39,085,2009
"Licking County, Ohio",158488,157453,77429,19606,5064,14542,48851,2916,45935,8972,778,8194,80024,18958,5112,13846,49581,5544,44037,11485,1372,10113,39,089,2009
"Lorain County, Ohio",305707,298221,144278,37215,12810,24405,90161,6866,83295,16902,2600,14302,153943,35886,12132,23754,95334,11716,83618,22723,2499,20224,39,093,2009
"Lucas County, Ohio",463493,458721,220870,55482,21474,34008,141583,14304,127279,23805,3353,20452,237851,54076,21316,32760,149184,25893,123291,34591,6101,28490,39,095,2009
"Mahoning County, Ohio",236735,231554,110426,26311,10319,15992,68286,6639,61647,15829,1639,14190,121128,25103,10501,14602,72608,12359,60249,23417,2976,20441,39,099,2009
"Marion County, Ohio",65655,60826,29663,7256,2579,4677,18699,1605,17094,3708,404,3304,31163,7122,2949,4173,18808,3282,15526,5233,863,4370,39,101,2009
"Medina County, Ohio",174035,173001,85463,22121,2425,19696,53778,1927,51851,9564,612,8952,87538,21746,3331,18415,54241,3413,50828,11551,720,10831,39,103,2009
"Miami County, Ohio",101256,98353,48600,11568,3092,8476,30530,1823,28707,6502,305,6197,49753,11118,3361,7757,30608,2772,27836,8027,431,7596,39,109,2009
"Montgomery County, Ohio",532562,523547,250342,61896,20803,41093,156454,12672,143782,31992,3167,28825,273205,59656,19738,39918,168474,23573,144901,45075,5234,39841,39,113,2009
"Muskingum County, Ohio",84884,83455,39972,10032,2985,7047,24658,2669,21989,5282,516,4766,43483,9702,3331,6371,26521,3579,22942,7260,1144,6116,39,119,2009
"Portage County, Ohio",157530,156207,76002,17247,5008,12239,50369,3361,47008,8386,532,7854,80205,15825,3616,12209,53666,4653,49013,10714,1163,9551,39,133,2009
"Richland County, Ohio",124490,117367,56597,14167,5432,8735,34454,3700,30754,7976,801,7175,60770,14236,5993,8243,35912,6293,29619,10622,1255,9367,39,139,2009
"Ross County, Ohio",75972,68987,33150,8260,2392,5868,20625,2552,18073,4265,298,3967,35837,8476,3576,4900,21654,3313,18341,5707,878,4829,39,141,2009
"Scioto County, Ohio",76334,74215,35383,8895,4413,4482,22039,2815,19224,4449,927,3522,38832,8426,3814,4612,23661,5531,18130,6745,1803,4942,39,145,2009
"Stark County, Ohio",379466,372093,180425,44534,18026,26508,112192,9974,102218,23699,2353,21346,191668,41677,14163,27514,118054,18643,99411,31937,4061,27876,39,151,2009
"Summit County, Ohio",542405,537678,258546,61834,15118,46716,165722,11985,153737,30990,3504,27486,279132,61822,18476,43346,173334,21520,151814,43976,6178,37798,39,153,2009
"Trumbull County, Ohio",210157,205435,99221,23552,9570,13982,61002,6031,54971,14667,1534,13133,106214,22390,8801,13589,64391,8560,55831,19433,2282,17151,39,155,2009
"Tuscarawas County, Ohio",91137,90281,44573,11094,2978,8116,27330,1432,25898,6149,831,5318,45708,10733,3277,7456,27043,3290,23753,7932,1565,6367,39,157,2009
"Warren County, Ohio",210712,203730,102102,28669,4469,24200,64452,2689,61763,8981,407,8574,101628,26957,2212,24745,63296,3199,60097,11375,935,10440,39,165,2009
"Wayne County, Ohio",114222,113087,55461,14587,3360,11227,34179,1895,32284,6695,748,5947,57626,14361,3595,10766,34587,3792,30795,8678,890,7788,39,169,2009
"Wood County, Ohio",125380,123763,59789,12925,3476,9449,40586,2425,38161,6278,802,5476,63974,13762,3599,10163,42511,3316,39195,7701,1085,6616,39,173,2009
"Canadian County, Oklahoma",109668,106801,52209,14349,3112,11237,32572,1407,31165,5288,796,4492,54592,14309,1854,12455,33492,2146,31346,6791,859,5932,40,017,2009
"Cleveland County, Oklahoma",244589,237824,117147,28086,7166,20920,78663,2676,75987,10398,1063,9335,120677,25776,6722,19054,81849,4738,77111,13052,1165,11887,40,027,2009
"Comanche County, Oklahoma",113228,95051,41925,14586,4966,9620,21990,1020,20970,5349,765,4584,53126,14482,4440,10042,32155,3194,28961,6489,1122,5367,40,031,2009
"Creek County, Oklahoma",70244,69044,33847,8917,3558,5359,20696,1539,19157,4234,1112,3122,35197,8729,3491,5238,20879,1741,19138,5589,1163,4426,40,037,2009
"Muskogee County, Oklahoma",71412,67380,31384,8825,4573,4252,18431,933,17498,4128,520,3608,35996,9567,4468,5099,20599,2533,18066,5830,1108,4722,40,101,2009
"Oklahoma County, Oklahoma",716704,707029,343923,94085,39079,55006,213582,11517,202065,36256,4901,31355,363106,90018,35892,54126,221858,20197,201661,51230,6851,44379,40,109,2009
"Payne County, Oklahoma",79727,78219,39337,7264,2114,5150,28059,1488,26571,4014,692,3322,38882,7154,2342,4812,26669,2254,24415,5059,446,4613,40,119,2009
"Pottawatomie County, Oklahoma",70274,67554,33498,9510,3734,5776,19891,1567,18324,4097,546,3551,34056,7759,3435,4324,21039,2275,18764,5258,997,4261,40,125,2009
"Rogers County, Oklahoma",85654,83676,40515,11086,1891,9195,24839,1050,23789,4590,611,3979,43161,11176,1935,9241,26593,1495,25098,5392,878,4514,40,131,2009
"Tulsa County, Oklahoma",601961,597066,291956,80327,26871,53456,182433,7708,174725,29196,4348,24848,305110,75972,24531,51441,186861,16346,170515,42277,7011,35266,40,143,2009
"Wagoner County, Oklahoma",70394,70394,35198,9442,2232,7210,22501,1651,20850,3255,717,2538,35196,8658,1692,6966,23048,1361,21687,3490,568,2922,40,145,2009
"Benton County, Oregon",82605,81857,40350,7951,2742,5209,28346,1054,27292,4053,164,3889,41507,7804,2559,5245,28510,1443,27067,5193,519,4674,41,003,2009
"Clackamas County, Oregon",386143,385259,190887,46026,9845,36181,122276,7496,114780,22585,2340,20245,194372,44077,10052,34025,122888,9220,113668,27407,4893,22514,41,005,2009
"Deschutes County, Oregon",158629,157559,77532,17907,5131,12776,48708,2684,46024,10917,1102,9815,80027,18064,5443,12621,50169,4477,45692,11794,1532,10262,41,017,2009
"Douglas County, Oregon",103205,102422,50362,11483,3714,7769,29174,1995,27179,9705,1629,8076,52060,9945,3446,6499,30744,3447,27297,11371,1921,9450,41,019,2009
"Jackson County, Oregon",201286,200021,96532,22158,7389,14769,59112,4108,55004,15262,1565,13697,103489,21996,6677,15319,62322,5798,56524,19171,2339,16832,41,029,2009
"Josephine County, Oregon",81026,80635,38445,8592,4875,3717,22072,3197,18875,7781,1029,6752,42190,7705,3876,3829,24829,4184,20645,9656,1077,8579,41,033,2009
"Klamath County, Oregon",66890,66237,31577,7233,2919,4314,19190,1592,17598,5154,360,4794,34660,8074,3028,5046,20430,2798,17632,6156,688,5468,41,035,2009
"Lane County, Oregon",351109,348815,171003,35637,11948,23689,113447,8336,105111,21919,3088,18831,177812,34248,11601,22647,116405,14837,101568,27159,3998,23161,41,039,2009
"Linn County, Oregon",116584,114298,56523,14674,3303,11371,34148,2438,31710,7701,1012,6689,57775,13416,4800,8616,35499,4468,31031,8860,1776,7084,41,043,2009
"Marion County, Oregon",317981,308927,152631,42718,14709,28009,93476,4432,89044,16437,2186,14251,156296,41537,12747,28790,92666,8685,83981,22093,2899,19194,41,047,2009
"Multnomah County, Oregon",726855,719694,353840,78006,22709,55297,246316,13457,232859,29518,4442,25076,365854,76025,25080,50945,248943,21401,227542,40886,7486,33400,41,051,2009
"Polk County, Oregon",78122,77093,37837,9606,3084,6522,22170,1004,21166,6061,452,5609,39256,8587,2680,5907,23099,1782,21317,7570,1030,6540,41,053,2009
"Umatilla County, Oregon",73347,69825,34792,10462,2310,8152,20132,861,19271,4198,357,3841,35033,8918,1129,7789,21289,1930,19359,4826,588,4238,41,059,2009
"Washington County, Oregon",537318,532725,267036,70601,12103,58498,174372,5923,168449,22063,2800,19263,265689,66951,12768,54183,171548,9137,162411,27190,3475,23715,41,067,2009
"Yamhill County, Oregon",99037,96845,48046,12613,2863,9750,29964,1388,28576,5469,557,4912,48799,11953,2892,9061,30115,2188,27927,6731,614,6117,41,071,2009
"Adams County, Pennsylvania",102323,102096,50532,11666,3535,8131,32233,1818,30415,6633,817,5816,51564,11263,2670,8593,31658,1999,29659,8643,1214,7429,42,001,2009
"Allegheny County, Pennsylvania",1218494,1201913,573644,123767,39200,84567,371136,29339,341797,78741,9300,69441,628269,117963,38900,79063,393189,50574,342615,117117,18241,98876,42,003,2009
"Armstrong County, Pennsylvania",67851,67371,33256,7244,2718,4526,20788,1636,19152,5224,754,4470,34115,6763,2295,4468,20460,3253,17207,6892,1042,5850,42,005,2009
"Beaver County, Pennsylvania",171673,166424,78164,17607,6370,11237,48050,5002,43048,12507,1736,10771,88260,16264,5153,11111,53986,7933,46053,18010,3355,14655,42,007,2009
"Berks County, Pennsylvania",407125,399784,198639,49892,15629,34263,125352,8729,116623,23395,2673,20722,201145,47008,16912,30096,124949,12539,112410,29188,3745,25443,42,011,2009
"Blair County, Pennsylvania",126122,123700,59373,13940,5902,8038,37184,3098,34086,8249,1275,6974,64327,13089,5136,7953,38916,6504,32412,12322,2265,10057,42,013,2009
"Bucks County, Pennsylvania",626015,619278,306063,72718,10077,62641,195221,8362,186859,38124,3102,35022,313215,69101,9114,59987,196287,10672,185615,47827,4445,43382,42,017,2009
"Butler County, Pennsylvania",184694,179079,87855,21030,4807,16223,56557,4310,52247,10268,1163,9105,91224,20031,4663,15368,57651,4989,52662,13542,2025,11517,42,019,2009
"Cambria County, Pennsylvania",143998,138081,66866,14727,6257,8470,41732,3579,38153,10407,1624,8783,71215,13556,5583,7973,42406,6364,36042,15253,2387,12866,42,021,2009
"Centre County, Pennsylvania",146212,143382,72201,12068,3351,8717,53139,2301,50838,6994,784,6210,71181,11475,2010,9465,50589,3563,47026,9117,645,8472,42,027,2009
"Chester County, Pennsylvania",498894,494562,244645,63003,10181,52822,155220,5831,149389,26422,1987,24435,249917,59855,8919,50936,156130,7132,148998,33932,3084,30848,42,029,2009
"Clearfield County, Pennsylvania",82324,78525,38566,8129,3886,4243,24752,3100,21652,5685,678,5007,39959,7945,3336,4609,23918,4102,19816,8096,1258,6838,42,033,2009
"Columbia County, Pennsylvania",65111,63947,30632,6329,1991,4338,20043,1129,18914,4260,628,3632,33315,6433,1868,4565,21566,2431,19135,5316,807,4509,42,037,2009
"Crawford County, Pennsylvania",88521,87311,42966,10320,4003,6317,26335,3404,22931,6311,1032,5279,44345,9522,3241,6281,26636,5220,21416,8187,1759,6428,42,039,2009
"Cumberland County, Pennsylvania",232483,225230,108312,24496,3575,20921,69484,3561,65923,14332,1254,13078,116918,22818,3501,19317,74279,4394,69885,19821,1993,17828,42,041,2009
"Dauphin County, Pennsylvania",258934,256008,122639,29491,9958,19533,78619,6815,71804,14529,1615,12914,133369,29833,9751,20082,82972,10713,72259,20564,3425,17139,42,043,2009
"Delaware County, Pennsylvania",558028,546179,261306,64987,17602,47385,165651,12026,153625,30668,3615,27053,284873,63209,16636,46573,176354,20448,155906,45310,5644,39666,42,045,2009
"Erie County, Pennsylvania",280291,273278,132967,32508,13226,19282,84917,9218,75699,15542,1933,13609,140311,30640,13370,17270,87662,15640,72022,22009,2841,19168,42,049,2009
"Fayette County, Pennsylvania",142605,139141,67385,15049,7424,7625,42867,6073,36794,9469,1070,8399,71756,13726,6463,7263,43680,8017,35663,14350,2286,12064,42,051,2009
"Franklin County, Pennsylvania",144994,143199,69117,16656,4540,12116,42141,2139,40002,10320,1064,9256,74082,16838,3894,12944,43536,4089,39447,13708,1180,12528,42,055,2009
"Indiana County, Pennsylvania",87450,85931,42199,8085,3473,4612,28315,2096,26219,5799,581,5218,43732,7715,2797,4918,28344,2707,25637,7673,1143,6530,42,063,2009
"Lackawanna County, Pennsylvania",208801,205841,97080,21216,8221,12995,61882,5115,56767,13982,1758,12224,108761,21976,9766,12210,65447,9612,55835,21338,3633,17705,42,069,2009
"Lancaster County, Pennsylvania",507766,501481,247071,65440,16819,48621,151306,8580,142726,30325,2492,27833,254410,60303,14636,45667,153720,13905,139815,40387,4102,36285,42,071,2009
"Lawrence County, Pennsylvania",90160,89211,42466,9554,3311,6243,26190,1646,24544,6722,900,5822,46745,9430,3946,5484,27333,3360,23973,9982,1048,8934,42,073,2009
"Lebanon County, Pennsylvania",130506,127969,62210,15163,3907,11256,37994,1694,36300,9053,1179,7874,65759,14219,4091,10128,39510,3651,35859,12030,1439,10591,42,075,2009
"Lehigh County, Pennsylvania",343519,338805,164822,40830,14174,26656,103174,8401,94773,20818,2030,18788,173983,39653,13019,26634,105395,12180,93215,28935,3273,25662,42,077,2009
"Luzerne County, Pennsylvania",312845,304933,147907,32616,11700,20916,94167,7495,86672,21124,2675,18449,157026,31019,11076,19943,94008,12998,81010,31999,4941,27058,42,079,2009
"Lycoming County, Pennsylvania",116840,113724,56829,12200,3224,8976,37033,3911,33122,7596,1120,6476,56895,11655,4472,7183,34903,6424,28479,10337,1968,8369,42,081,2009
"Mercer County, Pennsylvania",116071,113833,55717,12675,4430,8245,34856,4502,30354,8186,1100,7086,58116,11809,4031,7778,34798,6199,28599,11509,2201,9308,42,085,2009
"Monroe County, Pennsylvania",166355,165069,82394,20041,6355,13686,53121,3606,49515,9232,1287,7945,82675,19319,6333,12986,52045,5899,46146,11311,1776,9535,42,089,2009
"Montgomery County, Pennsylvania",782339,759949,366860,89934,13876,76058,229916,7416,222500,47010,3439,43571,393089,86949,13272,73677,243539,11721,231818,62601,5465,57136,42,091,2009
"Northampton County, Pennsylvania",298990,294017,144024,33399,8048,25351,92728,5101,87627,17897,1613,16284,149993,32086,7900,24186,94000,8344,85656,23907,2201,21706,42,095,2009
"Northumberland County, Pennsylvania",91311,87084,41950,8999,3094,5905,26387,2833,23554,6564,1349,5215,45134,8780,3689,5091,26960,4092,22868,9394,1602,7792,42,097,2009
"Philadelphia County, Pennsylvania",1547297,1524625,710486,184096,92936,91160,456127,68438,387689,70263,15295,54968,814139,178783,85333,93450,522261,114098,408163,113095,23868,89227,42,101,2009
"Schuylkill County, Pennsylvania",146952,140275,68987,14788,5087,9701,43745,3602,40143,10454,1946,8508,71288,14060,5855,8205,42112,6973,35139,15116,2818,12298,42,107,2009
"Somerset County, Pennsylvania",76953,73601,35899,7972,3182,4790,22312,2381,19931,5615,855,4760,37702,7392,2371,5021,22260,3435,18825,8050,1187,6863,42,111,2009
"Washington County, Pennsylvania",207389,204621,99627,21829,7538,14291,63404,6692,56712,14394,1867,12527,104994,20783,6194,14589,64434,8757,55677,19777,3129,16648,42,125,2009
"Westmoreland County, Pennsylvania",362251,357229,173780,36633,12266,24367,109319,8613,100706,27828,2389,25439,183449,34585,10283,24302,110882,14306,96576,37982,4121,33861,42,129,2009
"York County, Pennsylvania",428937,423400,209308,51048,14133,36915,132845,9969,122876,25415,3081,22334,214092,48134,13512,34622,134292,15052,119240,31666,3437,28229,42,133,2009
"Kent County, Rhode Island",168752,167343,80412,17489,2675,14814,52455,3460,48995,10468,758,9710,86931,17296,3495,13801,54497,5284,49213,15138,1699,13439,44,003,2009
"Newport County, Rhode Island",80300,76985,36964,8190,1469,6721,22873,978,21895,5901,601,5300,40021,7581,1059,6522,25421,1932,23489,7019,1170,5849,44,005,2009
"Providence County, Rhode Island",627690,617012,299751,72415,28355,44060,195758,20304,175454,31578,4943,26635,317261,68236,24896,43340,202603,32335,170268,46422,8849,37573,44,007,2009
"Washington County, Rhode Island",126925,125442,61030,13072,3315,9757,39863,2962,36901,8095,821,7274,64412,12184,2322,9862,41693,3690,38003,10535,1482,9053,44,009,2009
"Aiken County, South Carolina",156017,153739,73761,18374,7254,11120,45406,3512,41894,9981,1546,8435,79978,17703,6160,11543,49196,5966,43230,13079,3058,10021,45,003,2009
"Anderson County, South Carolina",184901,183001,88313,22821,8381,14440,54050,4125,49925,11442,1088,10354,94688,21710,7651,14059,57388,6785,50603,15590,2615,12975,45,007,2009
"Beaufort County, South Carolina",155215,143447,65308,16676,3912,12764,33829,1599,32230,14803,1458,13345,78139,16855,4690,12165,44579,3828,40751,16705,2029,14676,45,013,2009
"Berkeley County, South Carolina",173498,166982,81130,22010,6272,15738,51902,3356,48546,7218,915,6303,85852,21365,7935,13430,55964,5250,50714,8523,1092,7431,45,015,2009
"Charleston County, South Carolina",355276,348612,166314,38563,13231,25332,108842,6788,102054,18909,3399,15510,182298,36849,12744,24105,120154,9689,110465,25295,5714,19581,45,019,2009
"Darlington County, South Carolina",66445,64751,31663,9451,3889,5562,18510,1733,16777,3702,663,3039,33088,6758,2868,3890,21377,2960,18417,4953,1297,3656,45,031,2009
"Dorchester County, South Carolina",130417,126857,59708,16496,5470,11026,37627,2851,34776,5585,519,5066,67149,18159,4627,13532,42043,3921,38122,6947,1061,5886,45,035,2009
"Florence County, South Carolina",134208,132585,62147,16958,7334,9624,38328,4932,33396,6861,1038,5823,70438,17029,6496,10533,43113,6191,36922,10296,1609,8687,45,041,2009
"Greenville County, South Carolina",451428,444672,217056,57341,16672,40669,137047,10942,126105,22668,2838,19830,227616,54085,18349,35736,143157,15199,127958,30374,4041,26333,45,045,2009
"Greenwood County, South Carolina",69671,68042,31717,8559,4441,4118,19121,1315,17806,4037,346,3691,36325,8436,5449,2987,22007,3177,18830,5882,902,4980,45,047,2009
"Horry County, South Carolina",263868,261483,126898,27380,8805,18575,78627,4304,74323,20891,2221,18670,134585,26979,9822,17157,82833,8197,74636,24773,3539,21234,45,051,2009
"Lancaster County, South Carolina",77767,77767,39314,10170,3859,6311,25034,1537,23497,4110,616,3494,38453,8255,2416,5839,24443,2309,22134,5755,880,4875,45,057,2009
"Laurens County, South Carolina",70045,68754,33529,8308,3449,4859,21624,1749,19875,3597,740,2857,35225,7339,2993,4346,22371,3182,19189,5515,1498,4017,45,059,2009
"Lexington County, South Carolina",255607,253214,121965,32269,7295,24974,76939,5005,71934,12757,2021,10736,131249,31766,7903,23863,82119,6916,75203,17364,2514,14850,45,063,2009
"Oconee County, South Carolina",71514,71436,35222,7962,4057,3905,21169,2026,19143,6091,834,5257,36214,7392,3871,3521,21456,4052,17404,7366,1109,6257,45,073,2009
"Orangeburg County, South Carolina",90112,88752,41476,11216,3975,7241,24767,2147,22620,5493,1422,4071,47276,10144,4458,5686,29704,4597,25107,7428,2157,5271,45,075,2009
"Pickens County, South Carolina",118144,116710,58288,13217,4831,8386,38285,2553,35732,6786,535,6251,58422,11981,3681,8300,37822,4193,33629,8619,1315,7304,45,077,2009
"Richland County, South Carolina",372023,351060,164379,45089,11674,33415,104832,5645,99187,14458,1516,12942,186681,43351,14207,29144,123170,14254,108916,20160,2741,17419,45,079,2009
"Spartanburg County, South Carolina",286822,282923,136726,35950,11845,24105,84867,8083,76784,15909,2733,13176,146197,33821,9817,24004,89821,9802,80019,22555,4288,18267,45,083,2009
"Sumter County, South Carolina",104495,100332,46321,13535,5851,7684,27321,3945,23376,5465,407,5058,54011,13489,4296,9193,32246,3567,28679,8276,1862,6414,45,085,2009
"York County, South Carolina",227003,224807,109274,29064,8789,20275,68414,3111,65303,11796,2024,9772,115533,28025,7660,20365,72954,6048,66906,14554,2299,12255,45,091,2009
"Minnehaha County, South Dakota",183048,180067,88223,22289,6790,15499,56763,3382,53381,9171,563,8608,91844,21657,4885,16772,58424,4355,54069,11763,977,10786,46,099,2009
"Pennington County, South Dakota",100850,98101,49026,12934,4690,8244,29757,1208,28549,6335,1894,4441,49075,11388,4103,7285,30771,3154,27617,6916,1187,5729,46,103,2009
"Anderson County, Tennessee",74849,73984,35872,8574,3717,4857,22213,3514,18699,5085,433,4652,38112,8219,4168,4051,23284,5198,18086,6609,1359,5250,47,001,2009
"Blount County, Tennessee",122784,120734,59208,14049,4190,9859,36842,2929,33913,8317,421,7896,61526,12607,4194,8413,38555,5312,33243,10364,1303,9061,47,009,2009
"Bradley County, Tennessee",97710,96897,47104,11782,4029,7753,29342,2999,26343,5980,1369,4611,49793,10792,3259,7533,31034,2856,28178,7967,2315,5652,47,011,2009
"Davidson County, Tennessee",635710,625453,298842,70182,27266,42916,201760,10005,191755,26900,3685,23215,326611,69543,24479,45064,216800,24277,192523,40268,6861,33407,47,037,2009
"Greene County, Tennessee",66282,65471,32452,7101,2788,4313,20612,2646,17966,4739,729,4010,33019,6749,3023,3726,20311,3292,17019,5959,1394,4565,47,059,2009
"Hamilton County, Tennessee",337175,334626,160380,38098,14696,23402,102057,7835,94222,20225,2205,18020,174246,35633,13507,22126,109802,15515,94287,28811,4186,24625,47,065,2009
"Knox County, Tennessee",435725,432076,210835,49661,15885,33776,138204,8304,129900,22970,2084,20886,221241,45492,12953,32539,143774,17800,125974,31975,3288,28687,47,093,2009
"Madison County, Tennessee",97317,96340,46342,12690,5696,6994,28867,3573,25294,4785,534,4251,49998,11379,4148,7231,31790,7214,24576,6829,1106,5723,47,113,2009
"Maury County, Tennessee",84302,82925,40385,10142,3638,6504,25791,1698,24093,4452,627,3825,42540,9367,2881,6486,26667,3045,23622,6506,1311,5195,47,119,2009
"Montgomery County, Tennessee",160978,145087,64536,21811,3929,17882,36939,2544,34395,5786,1006,4780,80551,21691,4388,17303,51855,6053,45802,7005,1607,5398,47,125,2009
"Putnam County, Tennessee",72431,71444,35250,8049,2504,5545,22616,1881,20735,4585,709,3876,36194,7711,2286,5425,22345,2788,19557,6138,985,5153,47,141,2009
"Robertson County, Tennessee",66581,66312,32752,8765,2194,6571,20725,1426,19299,3262,360,2902,33560,8788,3074,5714,20502,3040,17462,4270,1079,3191,47,147,2009
"Rutherford County, Tennessee",257048,254308,125459,34083,9092,24991,82519,4322,78197,8857,1103,7754,128849,32812,10700,22112,85158,7575,77583,10879,2445,8434,47,149,2009
"Sevier County, Tennessee",86243,85527,41830,9758,3459,6299,26191,1747,24444,5881,547,5334,43697,9641,3667,5974,26854,2887,23967,7202,641,6561,47,155,2009
"Shelby County, Tennessee",920232,908569,429922,126394,46705,79689,267163,23120,244043,36365,5788,30577,478647,124025,47819,76206,300662,44424,256238,53960,11155,42805,47,157,2009
"Sullivan County, Tennessee",154552,151890,73296,16535,5752,10783,45094,5638,39456,11667,1825,9842,78594,15384,5379,10005,48248,8715,39533,14962,3003,11959,47,163,2009
"Sumner County, Tennessee",158759,157337,77530,21009,6314,14695,48568,4572,43996,7953,946,7007,79807,19226,5493,13733,50307,5047,45260,10274,1774,8500,47,165,2009
"Washington County, Tennessee",120598,118046,57354,12736,3899,8837,37442,3861,33581,7176,713,6463,60692,12060,4524,7536,38506,3875,34631,10126,1484,8642,47,179,2009
"Williamson County, Tennessee",176838,176077,86763,25720,2255,23465,53751,2099,51652,7292,392,6900,89314,24207,2698,21509,56546,2826,53720,8561,639,7922,47,187,2009
"Wilson County, Tennessee",112377,111864,55144,14231,2397,11834,35149,1593,33556,5764,441,5323,56720,13825,3079,10746,35868,2333,33535,7027,903,6124,47,189,2009
"Angelina County, Texas",83675,80860,39605,12927,5252,7675,22219,1974,20245,4459,573,3886,41255,9750,3380,6370,25050,3616,21434,6455,1294,5161,48,005,2009
"Bastrop County, Texas",74876,73281,35622,9355,3071,6284,22691,1214,21477,3576,326,3250,37659,11285,4231,7054,22270,1122,21148,4104,589,3515,48,021,2009
"Bell County, Texas",285787,258766,119876,43582,8575,35007,65447,3839,61608,10847,2947,7900,138890,41317,9294,32023,82746,5932,76814,14827,3592,11235,48,027,2009
"Bexar County, Texas",1651448,1601972,774511,234976,91088,143888,470469,37561,432908,69066,11694,57372,827461,226620,88884,137736,506081,57065,449016,94760,20376,74384,48,029,2009
"Bowie County, Texas",93964,91356,45137,11667,4348,7319,28370,1095,27275,5100,702,4398,46219,11287,4960,6327,27850,2924,24926,7082,1315,5767,48,037,2009
"Brazoria County, Texas",309208,294094,144353,43768,9881,33887,88292,3322,84970,12293,1372,10921,149741,41970,10099,31871,92275,4542,87733,15496,1995,13501,48,039,2009
"Brazos County, Texas",179992,176684,88799,20372,5656,14716,62829,2715,60114,5598,1421,4177,87885,19332,6229,13103,60635,4856,55779,7918,1449,6469,48,041,2009
"Cameron County, Texas",396371,393479,189358,71196,38959,32237,100145,9036,91109,18017,4637,13380,204121,67332,37082,30250,112421,11149,101272,24368,10125,14243,48,061,2009
"Collin County, Texas",791631,788698,395489,113941,12997,100944,253208,5305,247903,28340,3153,25187,393209,107858,12441,95417,251624,7652,243972,33727,4855,28872,48,085,2009
"Comal County, Texas",114525,109767,54622,13936,2841,11095,34288,863,33425,6398,479,5919,55145,13519,2664,10855,34807,1080,33727,6819,867,5952,48,091,2009
"Coryell County, Texas",72529,64790,28803,8566,1345,7221,17908,1125,16783,2329,369,1960,35987,8201,1313,6888,24743,1401,23342,3043,776,2267,48,099,2009
"Dallas County, Texas",2451730,2422799,1226136,352804,126480,226324,787751,34865,752886,85581,13467,72114,1196663,336441,122700,213741,743480,52451,691029,116742,22939,93803,48,113,2009
"Denton County, Texas",658616,654498,326227,92291,17798,74493,215886,4825,211061,18050,1708,16342,328271,87531,15598,71933,218234,10280,207954,22506,4232,18274,48,121,2009
"Ector County, Texas",134625,133480,64858,20054,6912,13142,38824,2268,36556,5980,1158,4822,68622,20375,7482,12893,40461,5372,35089,7786,1521,6265,48,135,2009
"Ellis County, Texas",151737,150871,74603,21654,5862,15792,46075,1565,44510,6874,224,6650,76268,21823,5984,15839,46532,3178,43354,7913,644,7269,48,139,2009
"El Paso County, Texas",751296,731324,347383,120550,58369,62181,194856,11799,183057,31977,6604,25373,383941,115806,58358,57448,222364,24799,197565,45771,13932,31839,48,141,2009
"Fort Bend County, Texas",556870,551435,272988,83151,11806,71345,172166,4729,167437,17671,2775,14896,278447,79411,11241,68170,177802,4500,173302,21234,2922,18312,48,157,2009
"Galveston County, Texas",286814,284327,138863,37361,11306,26055,87981,3130,84851,13521,1644,11877,145464,37092,10242,26850,90425,6408,84017,17947,3294,14653,48,167,2009
"Grayson County, Texas",120030,118413,57965,15117,3481,11636,35097,2444,32653,7751,549,7202,60448,14329,4526,9803,36668,3252,33416,9451,1190,8261,48,181,2009
"Gregg County, Texas",119637,118277,56665,15710,4461,11249,34670,2488,32182,6285,972,5313,61612,16656,4196,12460,35862,3395,32467,9094,1756,7338,48,183,2009
"Guadalupe County, Texas",121432,119838,58950,16393,5004,11389,35919,2541,33378,6638,972,5666,60888,15841,3595,12246,36866,2239,34627,8181,1658,6523,48,187,2009
"Harris County, Texas",4070989,4043183,2024926,600744,215951,384793,1286791,71718,1215073,137391,23937,113454,2018257,573409,196647,376762,1266733,108485,1158248,178115,33216,144899,48,201,2009
"Hays County, Texas",155545,154036,76407,19411,3972,15439,51619,1681,49938,5377,826,4551,77629,18837,4533,14304,51741,2740,49001,7051,1141,5910,48,209,2009
"Henderson County, Texas",78921,77549,37412,8984,3724,5260,21969,1281,20688,6459,798,5661,40137,9316,3703,5613,23094,3209,19885,7727,770,6957,48,213,2009
"Hidalgo County, Texas",741152,736438,359289,137028,83167,53861,191298,11529,179769,30963,9869,21094,377149,132963,79302,53661,205358,21024,184334,38828,14627,24201,48,215,2009
"Hunt County, Texas",82831,81545,39676,10188,3631,6557,24515,1334,23181,4973,679,4294,41869,10462,4906,5556,25565,1718,23847,5842,881,4961,48,231,2009
"Jefferson County, Texas",243237,230732,111485,29902,11937,17965,68800,4501,64299,12783,1532,11251,119247,29443,12206,17237,71285,7559,63726,18519,2297,16222,48,245,2009
"Johnson County, Texas",156997,154013,76632,21763,6494,15269,47723,1724,45999,7146,637,6509,77381,21074,6665,14409,47343,3456,43887,8964,851,8113,48,251,2009
"Kaufman County, Texas",103038,101275,50541,15683,4732,10951,31006,1650,29356,3852,133,3719,50734,13773,3345,10428,31614,3139,28475,5347,607,4740,48,257,2009
"Liberty County, Texas",75779,69827,34767,10651,6060,4591,20790,1645,19145,3326,277,3049,35060,9396,4099,5297,21437,2496,18941,4227,544,3683,48,291,2009
"Lubbock County, Texas",270550,266617,129443,33973,12618,21355,83253,3413,79840,12217,1292,10925,137174,33225,13101,20124,86018,7297,78721,17931,3621,14310,48,303,2009
"McLennan County, Texas",233378,230321,110880,28857,10879,17978,70863,4812,66051,11160,1990,9170,119441,30186,11756,18430,73384,9506,63878,15871,3185,12686,48,309,2009
"Midland County, Texas",132316,131754,64082,18739,5410,13329,38976,1617,37359,6367,1352,5015,67672,17984,4940,13044,41039,3975,37064,8649,1740,6909,48,329,2009
"Montgomery County, Texas",447718,444629,221429,64070,13111,50959,137687,4012,133675,19672,1325,18347,223200,60335,12218,48117,138607,7107,131500,24258,2390,21868,48,339,2009
"Nueces County, Texas",323046,316352,153229,44420,18489,25931,93402,6671,86731,15407,2012,13395,163123,42081,18800,23281,99527,11930,87597,21515,4918,16597,48,355,2009
"Orange County, Texas",81816,81430,39892,10539,4317,6222,24655,1129,23526,4698,437,4261,41538,10192,4444,5748,25196,2064,23132,6150,829,5321,48,361,2009
"Parker County, Texas",114919,112443,55786,15865,3693,12172,34270,1706,32564,5651,416,5235,56657,14292,3901,10391,35144,2838,32306,7221,573,6648,48,367,2009
"Potter County, Texas",121816,119299,60393,17431,7356,10075,37012,2277,34735,5950,1262,4688,58906,16453,7114,9339,34382,4146,30236,8071,2011,6060,48,375,2009
"Randall County, Texas",116483,115885,56075,14754,2437,12317,36693,1755,34938,4628,345,4283,59810,14481,2221,12260,38608,1327,37281,6721,769,5952,48,381,2009
"Rockwall County, Texas",81391,81229,41048,13123,880,12243,24724,503,24221,3201,411,2790,40181,10888,1384,9504,24771,757,24014,4522,802,3720,48,397,2009
"San Patricio County, Texas",68223,66298,32408,9967,4274,5693,18508,1304,17204,3933,776,3157,33890,8764,3286,5478,19960,1705,18255,5166,820,4346,48,409,2009
"Smith County, Texas",204665,203101,97993,27255,9707,17548,58259,2748,55511,12479,1127,11352,105108,25467,9227,16240,62623,5591,57032,17018,2048,14970,48,423,2009
"Tarrant County, Texas",1789900,1772879,884333,259033,82588,176445,560449,19541,540908,64851,7938,56913,888546,248219,68340,179879,554437,34537,519900,85890,13291,72599,48,439,2009
"Taylor County, Texas",127683,121362,56563,15876,5830,10046,34191,2521,31670,6496,583,5913,64799,15727,6867,8860,40164,2802,37362,8908,1265,7643,48,441,2009
"Tom Green County, Texas",108378,102552,47687,13409,5046,8363,28087,1639,26448,6191,1568,4623,54865,12248,3553,8695,33927,1744,32183,8690,2302,6388,48,451,2009
"Travis County, Texas",1026158,1020122,525557,126203,37741,88462,370059,17429,352630,29295,4301,24994,494565,120252,37925,82327,336352,26122,310230,37961,7865,30096,48,453,2009
"Victoria County, Texas",87790,87292,42245,12290,3036,9254,24901,1716,23185,5054,800,4254,45047,11909,2801,9108,26456,2344,24112,6682,930,5752,48,469,2009
"Webb County, Texas",241438,239573,114710,45779,25860,19919,61078,3653,57425,7853,2318,5535,124863,45231,23986,21245,68357,5667,62690,11275,4979,6296,48,479,2009
"Wichita County, Texas",127616,115412,53809,15055,3229,11826,32513,1918,30595,6241,551,5690,61603,14892,3765,11127,37518,3625,33893,9193,970,8223,48,485,2009
"Williamson County, Texas",410686,408278,205231,59667,10485,49182,129290,5479,123811,16274,2738,13536,203047,55987,9329,46658,126172,7586,118586,20888,3280,17608,48,491,2009
"Cache County, Utah",115269,114621,57040,18832,4174,14658,34227,1586,32641,3981,640,3341,57581,16660,4092,12568,36207,3193,33014,4714,794,3920,49,005,2009
"Davis County, Utah",300827,294647,147386,52514,6073,46441,83946,3537,80409,10926,1279,9647,147261,48981,5353,43628,86311,5338,80973,11969,1289,10680,49,011,2009
"Salt Lake County, Utah",1034989,1024876,518080,154841,26020,128821,323914,15034,308880,39325,5052,34273,506796,145838,26130,119708,312317,19510,292807,48641,7343,41298,49,035,2009
"Utah County, Utah",545307,542826,269506,97706,15499,82207,155914,8954,146960,15886,2001,13885,273320,91603,16303,75300,162242,9647,152595,19475,2804,16671,49,049,2009
"Washington County, Utah",137473,136582,67699,20778,5587,15191,35940,2473,33467,10981,340,10641,68883,20116,5673,14443,36509,3725,32784,12258,949,11309,49,053,2009
"Weber County, Utah",231834,229611,115492,35976,7174,28802,69228,3291,65937,10288,1415,8873,114119,32789,6710,26079,68378,5385,62993,12952,1756,11196,49,057,2009
"Chittenden County, Vermont",152313,151156,73538,15262,4320,10942,51852,4993,46859,6424,671,5753,77618,15252,3926,11326,53897,5930,47967,8469,1431,7038,50,007,2009
"Albemarle County, Virginia",94908,93969,45058,10323,957,9366,29840,774,29066,4895,449,4446,48911,10043,1065,8978,32245,605,31640,6623,1075,5548,51,003,2009
"Arlington County, Virginia",217483,212911,107939,19477,2382,17095,80089,1225,78864,8373,656,7717,104972,16199,1663,14536,78418,1223,77195,10355,1518,8837,51,013,2009
"Augusta County, Virginia",71594,68414,34098,8249,2232,6017,21453,1294,20159,4396,1009,3387,34316,7569,1362,6207,21377,1950,19427,5370,1008,4362,51,015,2009
"Bedford County, Virginia",67154,67112,33475,7730,1750,5980,21622,838,20784,4123,527,3596,33637,7409,1180,6229,21046,1501,19545,5182,693,4489,51,019,2009
"Chesterfield County, Virginia",306670,303887,148531,41360,5365,35995,96435,2697,93738,10736,720,10016,155356,39613,6157,33456,102523,4016,98507,13220,1107,12113,51,041,2009
"Fairfax County, Virginia",1037605,1022225,503090,131725,16444,115281,324661,6197,318464,46704,4688,42016,519135,126004,16089,109915,339984,8906,331078,53147,6137,47010,51,059,2009
"Fauquier County, Virginia",67342,67236,33841,9373,1409,7964,21087,669,20418,3381,304,3077,33395,7948,547,7401,21210,499,20711,4237,378,3859,51,061,2009
"Frederick County, Virginia",74972,73165,36164,9852,2168,7684,22709,711,21998,3603,357,3246,37001,9359,2877,6482,23384,1114,22270,4258,351,3907,51,069,2009
"Hanover County, Virginia",99933,98873,48411,12446,887,11559,30225,578,29647,5740,426,5314,50462,12477,713,11764,31375,1051,30324,6610,357,6253,51,085,2009
"Henrico County, Virginia",296415,292395,139703,36210,7774,28436,89531,3758,85773,13962,1592,12370,152692,34366,8562,25804,98099,6658,91441,20227,2411,17816,51,087,2009
"Loudoun County, Virginia",301171,298727,147201,45326,2920,42406,93793,580,93213,8082,1235,6847,151526,44231,2439,41792,96530,2115,94415,10765,1769,8996,51,107,2009
"Montgomery County, Virginia",91023,90695,47469,7472,1424,6048,36575,963,35612,3422,373,3049,43226,7086,1418,5668,31492,928,30564,4648,417,4231,51,121,2009
"Prince William County, Virginia",379166,368284,181148,56060,9852,46208,114230,2206,112024,10858,1433,9425,187136,54848,8561,46287,118866,3591,115275,13422,1890,11532,51,153,2009
"Roanoke County, Virginia",91011,89789,43110,10598,1634,8964,26481,590,25891,6031,844,5187,46679,10481,1674,8807,28262,1277,26985,7936,968,6968,51,161,2009
"Rockingham County, Virginia",75134,74878,36316,8764,2301,6463,22964,1411,21553,4588,458,4130,38562,8518,1953,6565,23975,1454,22521,6069,582,5487,51,165,2009
"Spotsylvania County, Virginia",120977,119526,58978,17743,4078,13665,36421,2577,33844,4814,623,4191,60548,16244,2678,13566,38123,2351,35772,6181,900,5281,51,177,2009
"Stafford County, Virginia",124166,117846,56722,18234,1825,16409,34970,798,34172,3518,196,3322,61124,17955,1754,16201,38896,1192,37704,4273,605,3668,51,179,2009
"Alexandria city, Virginia",150006,147646,69763,13198,3148,10050,50712,2240,48472,5853,248,5605,77883,14361,4443,9918,53317,2924,50393,10205,889,9316,51,510,2009
"Chesapeake city, Virginia",222455,211938,98439,28887,2908,25979,60152,1275,58877,9400,950,8450,113499,28720,3104,25616,71328,3057,68271,13451,1602,11849,51,550,2009
"Hampton city, Virginia",144236,137640,66770,16938,5669,11269,42947,3849,39098,6885,1091,5794,70870,15247,5308,9939,45789,5416,40373,9834,1783,8051,51,650,2009
"Lynchburg city, Virginia",73933,72194,32904,7178,2433,4745,21645,1122,20523,4081,625,3456,39290,7444,2865,4579,24842,3427,21415,7004,1089,5915,51,680,2009
"Newport News city, Virginia",193172,179135,80710,25181,6004,19177,47650,3032,44618,7879,705,7174,98425,23063,6207,16856,63037,4993,58044,12325,1791,10534,51,700,2009
"Norfolk city, Virginia",233333,214377,103089,27830,8870,18960,66284,2719,63565,8975,2201,6774,111288,26855,9059,17796,71251,5661,65590,13182,3094,10088,51,710,2009
"Portsmouth city, Virginia",99321,94285,43839,12161,4882,7279,26991,2336,24655,4687,1038,3649,50446,11685,3748,7937,31499,2590,28909,7262,1808,5454,51,740,2009
"Richmond city, Virginia",204451,200762,91264,20030,10140,9890,61114,3534,57580,10120,2077,8043,109498,20788,9061,11727,70681,10325,60356,18029,4146,13883,51,760,2009
"Roanoke city, Virginia",94482,92567,42740,9709,5423,4286,27406,2121,25285,5625,303,5322,49827,10500,4981,5519,29858,3674,26184,9469,972,8497,51,770,2009
"Suffolk city, Virginia",83659,80205,36591,11115,2299,8816,21785,1817,19968,3691,591,3100,43614,11574,3687,7887,26570,2658,23912,5470,1118,4352,51,800,2009
"Virginia Beach city, Virginia",433575,404946,190026,54157,7077,47080,116880,2981,113899,18989,1904,17085,214920,51850,8957,42893,137593,4484,133109,25477,2696,22781,51,810,2009
"Benton County, Washington",168294,167349,83808,23896,8819,15077,51052,4695,46357,8860,1345,7515,83541,22115,6241,15874,50468,7115,43353,10958,1787,9171,53,005,2009
"Chelan County, Washington",72372,71978,34954,8750,5294,3456,21346,2124,19222,4858,985,3873,37024,9299,3757,5542,21685,2670,19015,6040,1230,4810,53,007,2009
"Clallam County, Washington",71413,67979,32719,6505,2091,4414,18957,1798,17159,7257,1193,6064,35260,6570,2442,4128,20440,3842,16598,8250,1362,6888,53,009,2009
"Clark County, Washington",432002,428836,212908,57391,19944,37447,133771,11542,122229,21746,3889,17857,215928,55757,18308,37449,134363,17607,116756,25808,4136,21672,53,011,2009
"Cowlitz County, Washington",101966,101824,50430,12734,5540,7194,31334,3851,27483,6362,474,5888,51394,12885,6301,6584,30570,4221,26349,7939,811,7128,53,015,2009
"Franklin County, Washington",77355,77355,41082,14993,8491,6502,23123,2045,21078,2966,785,2181,36273,13142,8268,4874,20346,3395,16951,2785,328,2457,53,021,2009
"Grant County, Washington",88098,87735,45959,14492,6767,7725,26885,2612,24273,4582,1098,3484,41776,13026,6436,6590,23639,3750,19889,5111,1288,3823,53,025,2009
"Grays Harbor County, Washington",71797,69080,33611,8070,4556,3514,20905,3374,17531,4636,252,4384,35469,8121,5116,3005,21180,5276,15904,6168,742,5426,53,027,2009
"Island County, Washington",81054,75218,34681,8403,2340,6063,18852,1540,17312,7426,781,6645,40537,7655,953,6702,23890,2113,21777,8992,1074,7918,53,029,2009
"King County, Washington",1916441,1905230,952885,209462,50264,159198,654859,38255,616604,88564,11378,77186,952345,198428,52640,145788,642041,48235,593806,111876,18130,93746,53,033,2009
"Kitsap County, Washington",240862,228939,111725,28130,7660,20470,69987,4650,65337,13608,1994,11614,117214,26377,8670,17707,74623,8114,66509,16214,2875,13339,53,035,2009
"Lewis County, Washington",74741,72773,35994,8941,5113,3828,21526,2857,18669,5527,637,4890,36779,7991,3609,4382,22203,4492,17711,6585,747,5838,53,041,2009
"Pierce County, Washington",796836,762389,369540,100793,29781,71012,232910,18388,214522,35837,6736,29101,392849,95696,27590,68106,249737,27734,222003,47416,7034,40382,53,053,2009
"Skagit County, Washington",119534,117285,57304,14436,4194,10242,34783,2698,32085,8085,1166,6919,59981,14044,5012,9032,36416,4162,32254,9521,1430,8091,53,057,2009
"Snohomish County, Washington",694571,685737,341662,87769,22436,65333,223780,12477,211303,30113,4068,26045,344075,83692,20196,63496,222966,19637,203329,37417,6243,31174,53,061,2009
"Spokane County, Washington",468684,455426,220867,54836,21259,33577,140962,14840,126122,25069,3380,21689,234559,54004,22532,31472,147496,21540,125956,33059,4549,28510,53,063,2009
"Thurston County, Washington",250979,244700,117305,28886,6338,22548,74745,4592,70153,13674,1503,12171,127395,27783,6156,21627,82307,7608,74699,17305,1847,15458,53,067,2009
"Whatcom County, Washington",200434,198835,97638,21128,7596,13532,64879,4627,60252,11631,1119,10512,101197,20567,5507,15060,66887,7708,59179,13743,1634,12109,53,073,2009
"Yakima County, Washington",239054,236571,117758,38237,21231,17006,67911,8343,59568,11610,2897,8713,118813,36424,20974,15450,67386,11549,55837,15003,3207,11796,53,077,2009
"Berkeley County, West Virginia",103854,102852,50324,12594,3109,9485,32690,2641,30049,5040,723,4317,52528,13220,5241,7979,33214,3019,30195,6094,815,5279,54,003,2009
"Cabell County, West Virginia",95214,94550,45961,9936,3738,6198,29965,3229,26736,6060,417,5643,48589,8864,3553,5311,31034,5131,25903,8691,1440,7251,54,011,2009
"Harrison County, West Virginia",68911,68714,33115,7832,2765,5067,20801,1934,18867,4482,376,4106,35599,7576,3273,4303,21513,3401,18112,6510,733,5777,54,033,2009
"Kanawha County, West Virginia",191663,189942,91273,20758,8290,12468,57647,5721,51926,12868,971,11897,98669,20631,7616,13015,59857,6849,53008,18181,1948,16233,54,039,2009
"Monongalia County, West Virginia",90080,89211,45094,8012,2170,5842,32895,3621,29274,4187,676,3511,44117,7109,1615,5494,31426,2474,28952,5582,1083,4499,54,061,2009
"Raleigh County, West Virginia",79187,77398,37663,8562,3628,4934,24130,3413,20717,4971,1079,3892,39735,8130,3369,4761,24357,3913,20444,7248,1577,5671,54,081,2009
"Wood County, West Virginia",86888,86134,41865,9560,3568,5992,26253,2774,23479,6052,596,5456,44269,9308,3975,5333,26680,3567,23113,8281,1292,6989,54,107,2009
"Brown County, Wisconsin",247319,244482,120787,30230,7296,22934,78782,5100,73682,11775,1502,10273,123695,29449,7501,21948,78887,9917,68970,15359,1853,13506,55,009,2009
"Dane County, Wisconsin",491357,486764,240047,51917,10965,40952,167760,7937,159823,20370,1680,18690,246717,50160,9378,40782,170142,14864,155278,26415,2875,23540,55,025,2009
"Dodge County, Wisconsin",87335,79091,38717,9410,2921,6489,24412,1689,22723,4895,379,4516,40374,9329,2463,6866,24811,3293,21518,6234,424,5810,55,027,2009
"Eau Claire County, Wisconsin",99409,98142,47891,10465,2486,7979,32156,3638,28518,5270,834,4436,50251,9857,3096,6761,33378,3967,29411,7016,1085,5931,55,035,2009
"Fond du Lac County, Wisconsin",100070,97944,48736,11918,3739,8179,31392,2911,28481,5426,582,4844,49208,10749,3116,7633,30628,3380,27248,7831,1355,6476,55,039,2009
"Jefferson County, Wisconsin",80833,80084,40618,10070,2672,7398,26100,1859,24241,4448,842,3606,39466,8713,1667,7046,25172,3022,22150,5581,1183,4398,55,055,2009
"Kenosha County, Wisconsin",165382,163299,80838,21775,6088,15687,51076,4975,46101,7987,1134,6853,82461,20021,6422,13599,52116,8358,43758,10324,1229,9095,55,059,2009
"La Crosse County, Wisconsin",113679,112543,55240,12637,4189,8448,36742,2432,34310,5861,669,5192,57303,11249,2858,8391,37988,4292,33696,8066,1377,6689,55,063,2009
"Manitowoc County, Wisconsin",80583,79705,40251,8507,1688,6819,26342,1672,24670,5402,400,5002,39454,8532,1996,6536,23958,2700,21258,6964,554,6410,55,071,2009
"Marathon County, Wisconsin",131612,130203,65070,15921,3187,12734,41281,3602,37679,7868,1662,6206,65133,15682,3967,11715,39681,5436,34245,9770,1737,8033,55,073,2009
"Milwaukee County, Wisconsin",959521,946193,453823,122069,54399,67670,290271,32932,257339,41483,5996,35487,492370,118221,52144,66077,310472,65383,245089,63677,12255,51422,55,079,2009
"Outagamie County, Wisconsin",177155,176218,88227,22644,4863,17781,56251,3975,52276,9332,1531,7801,87991,20726,4042,16684,55354,6091,49263,11911,1682,10229,55,087,2009
"Ozaukee County, Wisconsin",86311,85757,42910,9922,1173,8749,27353,1770,25583,5635,649,4986,42847,10013,1659,8354,25934,1687,24247,6900,639,6261,55,089,2009
"Portage County, Wisconsin",69176,69015,34243,7159,1921,5238,23520,1831,21689,3564,401,3163,34772,6882,1137,5745,23245,2704,20541,4645,833,3812,55,097,2009
"Racine County, Wisconsin",200601,195334,96451,24913,6789,18124,60964,4983,55981,10574,1160,9414,98883,24729,7393,17336,60203,8068,52135,13951,2083,11868,55,101,2009
"Rock County, Wisconsin",160155,159258,78982,20025,6682,13343,49703,5594,44109,9254,1242,8012,80276,18956,6928,12028,48948,9384,39564,12372,2035,10337,55,105,2009
"St. Croix County, Wisconsin",83351,82535,41367,11142,1873,9269,26680,1191,25489,3545,299,3246,41168,10358,1792,8566,26386,2093,24293,4424,611,3813,55,109,2009
"Sheboygan County, Wisconsin",114560,111961,56463,13789,3389,10400,36009,2940,33069,6665,856,5809,55498,13151,4039,9112,34130,4848,29282,8217,830,7387,55,117,2009
"Walworth County, Wisconsin",100593,100510,51454,12195,3449,8746,33466,2261,31205,5793,932,4861,49056,10296,1854,8442,31273,3323,27950,7487,1359,6128,55,127,2009
"Washington County, Wisconsin",130681,130282,65014,16208,2549,13659,41376,3458,37918,7430,978,6452,65268,15751,2220,13531,40006,3975,36031,9511,1463,8048,55,131,2009
"Waukesha County, Wisconsin",383154,379766,187803,45399,5406,39993,118756,4884,113872,23648,2091,21557,191963,44381,5631,38750,117950,8373,109577,29632,2950,26682,55,133,2009
"Winnebago County, Wisconsin",163370,156852,76800,16893,3994,12899,51432,3898,47534,8475,993,7482,80052,16578,3702,12876,52225,7637,44588,11249,1442,9807,55,139,2009
"Wood County, Wisconsin",73932,73411,36347,8644,2839,5805,22354,2279,20075,5349,579,4770,37064,8152,3094,5058,21743,3918,17825,7169,1151,6018,55,141,2009
"Laramie County, Wyoming",88854,84655,41248,10965,3895,7070,25370,1462,23908,4913,723,4190,43407,10493,2725,7768,26776,2829,23947,6138,820,5318,56,021,2009
"Natrona County, Wyoming",74508,73773,36871,9629,2611,7018,23561,1421,22140,3681,630,3051,36902,8473,2329,6144,23032,1229,21803,5397,906,4491,56,025,2009
"Aguadilla Municipio, Puerto Rico",67745,66506,32138,7958,4100,3858,19601,7743,11858,4579,2312,2267,34368,7655,3792,3863,21119,11936,9183,5594,2644,2950,72,005,2009
"Arecibo Municipio, Puerto Rico",102770,101530,48886,11898,6189,5709,30052,8802,21250,6936,1961,4975,52644,11429,5077,6352,32253,11229,21024,8962,2862,6100,72,013,2009
"Bayamón Municipio, Puerto Rico",218949,213376,99508,26206,13355,12851,59786,16205,43581,13516,3965,9551,113868,24366,11296,13070,68418,22346,46072,21084,4898,16186,72,021,2009
"Caguas Municipio, Puerto Rico",143274,143084,66906,17400,7565,9835,40450,13008,27442,9056,3543,5513,76178,16945,7596,9349,46198,17234,28964,13035,5447,7588,72,025,2009
"Carolina Municipio, Puerto Rico",187209,187100,86343,22150,7431,14719,51711,9657,42054,12482,3073,9409,100757,21257,7207,14050,61850,14632,47218,17650,4313,13337,72,031,2009
"Guaynabo Municipio, Puerto Rico",103073,102773,48731,11457,3968,7489,30496,6223,24273,6778,1250,5528,54042,10788,3765,7023,33310,8185,25125,9944,2097,7847,72,061,2009
"Mayagüez Municipio, Puerto Rico",92156,90352,41935,9961,5678,4283,25198,7563,17635,6776,1859,4917,48417,9524,6317,3207,29246,10421,18825,9647,3247,6400,72,097,2009
"Ponce Municipio, Puerto Rico",178346,173779,81722,21790,14390,7400,49207,21787,27420,10725,3318,7407,92057,21001,12937,8064,55841,25726,30115,15215,5220,9995,72,113,2009
"San Juan Municipio, Puerto Rico",420326,414528,190271,46354,22342,24012,117717,23182,94535,26200,6563,19637,224257,44556,23157,21399,137041,39425,97616,42660,11561,31099,72,127,2009
"Toa Alta Municipio, Puerto Rico",84308,84245,40610,11478,4869,6609,25716,8927,16789,3416,1401,2015,43635,11284,5016,6268,28346,8799,19547,4005,1530,2475,72,135,2009
"Toa Baja Municipio, Puerto Rico",94779,93066,44962,12266,6367,5899,27412,6529,20883,5284,1117,4167,48104,11613,5912,5701,31252,8814,22438,5239,1608,3631,72,137,2009
"Trujillo Alto Municipio, Puerto Rico",88255,88255,41603,10933,4396,6537,26122,6348,19774,4548,1843,2705,46652,10484,4132,6352,29562,7426,22136,6606,2029,4577,72,139,2009
"Vega Baja Municipio, Puerto Rico",65111,65111,31359,9437,5494,3943,18771,7258,11513,3151,1113,2038,33752,8428,4134,4294,21256,8109,13147,4068,1419,2649,72,145,2009
"Baldwin County, Alabama",179878,177696,86480,20888,5902,14986,51483,2610,48873,14109,1405,12704,91216,20554,5684,14870,54845,3683,51162,15817,1354,14463,01,003,2009
"Calhoun County, Alabama",114081,112710,53406,13149,5895,7254,33493,3414,30079,6764,906,5858,59304,13425,5660,7765,35821,5613,30208,10058,2267,7791,01,015,2009
"Cullman County, Alabama",81778,81141,39755,9879,4522,5357,24817,1681,23136,5059,869,4190,41386,9215,3521,5694,25008,1901,23107,7163,1797,5366,01,043,2009
"DeKalb County, Alabama",69380,68837,33401,8704,3643,5061,20625,2627,17998,4072,584,3488,35436,9312,4548,4764,20917,2431,18486,5207,1623,3584,01,049,2009
"Elmore County, Alabama",79233,71612,34517,9068,2636,6432,21261,1890,19371,4188,584,3604,37095,10158,3038,7120,23197,2156,21041,3740,644,3096,01,051,2009
"Etowah County, Alabama",103645,101602,49031,11871,4465,7406,30818,2907,27911,6342,608,5734,52571,12074,4623,7451,31413,3721,27692,9084,2085,6999,01,055,2009
"Houston County, Alabama",100085,98179,46731,12492,5104,7388,27834,3073,24761,6405,991,5414,51448,12025,4781,7244,31118,3738,27380,8305,1657,6648,01,069,2009
"Jefferson County, Alabama",665027,654024,309032,79359,27924,51435,195432,13520,181912,34241,4364,29877,344992,77164,29708,47456,216690,21825,194865,51138,9674,41464,01,073,2009
"Lauderdale County, Alabama",89599,88954,43146,9939,3933,6006,26937,1753,25184,6270,509,5761,45808,8959,3881,5078,28461,2322,26139,8388,1313,7075,01,077,2009
"Lee County, Alabama",135883,134888,66837,15468,4685,10783,46354,1720,44634,5015,995,4020,68051,14029,4589,9440,47282,3213,44069,6740,1409,5331,01,081,2009
"Limestone County, Alabama",78572,74143,35622,9943,4082,5861,21645,967,20678,4034,708,3326,38521,8974,2690,6284,24557,1763,22794,4990,966,4024,01,083,2009
"Madison County, Alabama",327744,319870,154044,39953,10228,29725,96784,3310,93474,17307,2933,14374,165826,38497,8960,29537,104598,7932,96666,22731,3616,19115,01,089,2009
"Marshall County, Alabama",90399,89603,44589,12760,6078,6682,26412,1715,24697,5417,1324,4093,45014,11353,5820,5533,26349,3767,22582,7312,1508,5804,01,095,2009
"Mobile County, Alabama",411721,406359,193482,54347,19576,34771,118121,8220,109901,21014,3131,17883,212877,51877,21300,30577,131856,17473,114383,29144,5672,23472,01,097,2009
"Montgomery County, Alabama",224119,217568,102441,28290,13802,14488,63678,4044,59634,10473,1562,8911,115127,27537,11341,16196,71947,11003,60944,15643,2725,12918,01,101,2009
"Morgan County, Alabama",117293,115065,56775,15238,4679,10559,34697,2471,32226,6840,820,6020,58290,13631,4989,8642,35292,3903,31389,9367,1332,8035,01,103,2009
"St. Clair County, Alabama",81895,79124,38460,10150,3943,6207,23746,1576,22170,4564,490,4074,40664,9564,3581,5983,25206,2571,22635,5894,701,5193,01,115,2009
"Shelby County, Alabama",192503,191771,94524,25586,3816,21770,61025,2331,58694,7913,817,7096,97247,24743,3745,20998,62459,2611,59848,10045,1343,8702,01,117,2009
"Talladega County, Alabama",80242,77901,37073,9004,5039,3965,23280,2265,21015,4789,792,3997,40828,9626,3754,5872,24784,4464,20320,6418,1399,5019,01,121,2009
"Tuscaloosa County, Alabama",184035,182236,86642,21069,6700,14369,57372,5111,52261,8201,1206,6995,95594,20487,6851,13636,63516,6071,57445,11591,2016,9575,01,125,2009
"Walker County, Alabama",68742,67530,32365,7836,2748,5088,20061,1780,18281,4468,735,3733,35165,7618,3250,4368,21220,3181,18039,6327,1369,4958,01,127,2009
"Anchorage Municipality, Alaska",286174,275361,136865,37453,10173,27280,90496,4708,85788,8916,1206,7710,138496,36340,8928,27412,90867,7392,83475,11289,2508,8781,02,020,2009
"Fairbanks North Star Borough, Alaska",98660,94640,48608,12659,888,11771,33155,919,32236,2794,391,2403,46032,12981,1919,11062,30143,1620,28523,2908,504,2404,02,090,2009
"Matanuska-Susitna Borough, Alaska",88379,87202,43751,12826,4291,8535,27281,2219,25062,3644,825,2819,43451,11944,4479,7465,27999,3234,24765,3508,919,2589,02,170,2009
"Apache County, Arizona",70591,69780,34531,12166,4555,7611,19024,4250,14774,3341,995,2346,35249,10457,4699,5758,20346,5583,14763,4446,1179,3267,04,001,2009
"Cochise County, Arizona",129518,121281,58770,15898,6129,9769,32076,5647,26429,10796,1749,9047,62511,15472,5422,10050,36194,7514,28680,10845,2362,8483,04,003,2009
"Coconino County, Arizona",129849,129602,64331,16549,7495,9054,42949,5887,37062,4833,1093,3740,65271,16809,6599,10210,42832,7087,35745,5630,1650,3980,04,005,2009
"Maricopa County, Arizona",4023132,3994080,2012370,560194,187573,372621,1255383,116771,1138612,196793,24081,172712,1981710,535862,179055,356807,1201077,157371,1043706,244771,32680,212091,04,013,2009
"Mohave County, Arizona",194825,192951,94477,22325,10698,11627,51624,10140,41484,20528,2395,18133,98474,20254,9332,10922,55366,12039,43327,22854,2401,20453,04,015,2009
"Navajo County, Arizona",112975,111652,54669,17419,9663,7756,30752,9831,20921,6498,873,5625,56983,16821,9998,6823,32637,12089,20548,7525,2055,5470,04,017,2009
"Pima County, Arizona",1020200,1003300,485126,120987,46471,74516,296798,44547,252251,67341,8866,58475,518174,117265,44550,72715,315930,57177,258753,84979,12582,72397,04,019,2009
"Pinal County, Arizona",340962,318805,156330,46351,16057,30294,88303,11912,76391,21676,1844,19832,162475,43915,13556,30359,94332,17556,76776,24228,2634,21594,04,021,2009
"Yavapai County, Arizona",215686,213886,104145,21301,8809,12492,59520,7140,52380,23324,2658,20666,109741,20173,6787,13386,62791,11033,51758,26777,3954,22823,04,025,2009
"Yuma County, Arizona",196972,189328,90913,29261,13789,15472,44088,7515,36573,17564,2314,15250,98415,28037,12291,15746,51303,10210,41093,19075,3823,15252,04,027,2009
"Benton County, Arkansas",225504,223165,111046,31516,10485,21031,67893,3333,64560,11637,1392,10245,112119,30042,9247,20795,68432,4460,63972,13645,2141,11504,05,007,2009
"Craighead County, Arkansas",95457,93662,45276,12011,5537,6474,28871,2005,26866,4394,809,3585,48386,11269,4811,6458,31011,4059,26952,6106,1139,4967,05,031,2009
"Faulkner County, Arkansas",109386,108046,51864,13181,5187,7994,34418,2042,32376,4265,710,3555,56182,13123,4414,8709,37284,2900,34384,5775,963,4812,05,045,2009
"Garland County, Arkansas",98479,96348,46521,10562,5266,5296,27218,2634,24584,8741,643,8098,49827,9740,4391,5349,28358,4611,23747,11729,1648,10081,05,051,2009
"Jefferson County, Arkansas",78705,76389,38674,11455,6546,4909,22984,1924,21060,4235,328,3907,37715,7798,3904,3894,24172,3744,20428,5745,1024,4721,05,069,2009
"Lonoke County, Arkansas",66677,64001,30600,9527,3794,5733,18269,1279,16990,2804,322,2482,33401,8554,3126,5428,20874,1760,19114,3973,682,3291,05,085,2009
"Pulaski County, Arkansas",381904,374869,177376,47408,19871,27537,110761,8887,101874,19207,3011,16196,197493,46590,20106,26484,123068,12301,110767,27835,5366,22469,05,119,2009
"Saline County, Arkansas",99449,98209,48813,12689,5024,7665,30374,2740,27634,5750,726,5024,49396,11366,3713,7653,31357,3370,27987,6673,394,6279,05,125,2009
"Sebastian County, Arkansas",123597,120831,58600,16429,5875,10554,35466,1572,33894,6705,1063,5642,62231,15467,6451,9016,37905,4001,33904,8859,1346,7513,05,131,2009
"Washington County, Arkansas",200181,198270,97628,25420,13370,12050,64151,3431,60720,8057,733,7324,100642,26128,11611,14517,63929,5799,58130,10585,1227,9358,05,143,2009
"White County, Arkansas",76338,74965,36916,8792,3927,4865,23622,1840,21782,4502,693,3809,38049,8636,4027,4609,23303,3466,19837,6110,1453,4657,05,145,2009
"Alameda County, California",1491482,1479002,730951,176282,45064,131218,486681,37347,449334,67988,14299,53689,748051,168005,46218,121787,489292,59386,429906,90754,22640,68114,06,001,2009
"Butte County, California",220577,218639,107734,23801,8676,15125,69958,9097,60861,13975,1949,12026,110905,22373,8518,13855,70078,11285,58793,18454,2663,15791,06,007,2009
"Contra Costa County, California",1041274,1035731,510737,132435,28928,103507,324914,21485,303429,53388,7022,46366,524994,126391,29376,97015,329203,29722,299481,69400,10325,59075,06,013,2009
"El Dorado County, California",178447,177364,89469,22069,4644,17425,57159,3422,53737,10241,374,9867,87895,19885,4726,15159,56210,4729,51481,11800,1256,10544,06,017,2009
"Fresno County, California",915267,900295,452824,142777,77845,64932,272268,41770,230498,37779,9597,28182,447471,132796,74019,58777,265770,63541,202229,48905,13916,34989,06,019,2009
"Humboldt County, California",129623,128255,63797,13989,6305,7684,42588,6575,36013,7220,1077,6143,64458,12162,5713,6449,43089,8314,34775,9207,1268,7939,06,023,2009
"Imperial County, California",166874,156723,76042,25590,11725,13865,43308,6603,36705,7144,3359,3785,80681,25161,10222,14939,45736,12121,33615,9784,4726,5058,06,025,2009
"Kern County, California",807407,772836,386652,127946,59064,68882,227560,31347,196213,31146,6089,25057,386184,122022,58563,63459,225643,47659,177984,38519,10262,28257,06,029,2009
"Kings County, California",148764,129884,68817,21908,8385,13523,42098,7009,35089,4811,956,3855,61067,19169,8125,11044,35627,6596,29031,6271,1330,4941,06,031,2009
"Lake County, California",65279,64409,31673,7754,3558,4196,18838,4431,14407,5081,989,4092,32736,6879,2804,4075,20198,5716,14482,5659,893,4766,06,033,2009
"Los Angeles County, California",9848011,9755186,4829820,1278427,507116,771311,3128380,257463,2870917,423013,101169,321844,4925366,1220475,498628,721847,3127788,390455,2737333,577103,170270,406833,06,037,2009
"Madera County, California",148632,142371,71986,21468,12792,8676,42992,6027,36965,7526,584,6942,70385,22049,11205,10844,40685,7795,32890,7651,1504,6147,06,039,2009
"Marin County, California",250750,244575,120605,26639,5252,21387,76492,4841,71651,17474,819,16655,123970,24545,3486,21059,76912,5198,71714,22513,1342,21171,06,041,2009
"Mendocino County, California",86040,85557,42764,10072,3928,6144,26722,3928,22794,5970,486,5484,42793,9141,3121,6020,26176,4347,21829,7476,1155,6321,06,045,2009
"Merced County, California",245321,242294,121460,40422,21298,19124,70915,12578,58337,10123,3100,7023,120834,37785,20822,16963,70420,18344,52076,12629,4551,8078,06,047,2009
"Monterey County, California",410370,390861,196854,58525,24685,33840,119894,8727,111167,18435,3129,15306,194007,53899,21552,32347,117162,11885,105277,22946,4172,18774,06,053,2009
"Napa County, California",134650,133963,67771,16392,3699,12693,43137,2223,40914,8242,916,7326,66192,15271,2255,13016,39505,3149,36356,11416,1210,10206,06,055,2009
"Nevada County, California",97751,96688,47766,9381,1776,7605,30146,1445,28701,8239,380,7859,48922,9066,2449,6617,30347,3785,26562,9509,547,8962,06,057,2009
"Orange County, California",3026786,3008105,1506393,388177,112305,275872,971052,50205,920847,147164,23664,123500,1501712,366779,108942,257837,944191,78549,865642,190742,31900,158842,06,059,2009
"Placer County, California",348552,347221,173857,43662,8182,35480,105856,5073,100783,24339,1531,22808,173364,39776,6050,33726,104036,8030,96006,29552,2582,26970,06,061,2009
"Riverside County, California",2125440,2096497,1040095,313790,112752,201038,621880,49917,571963,104425,15569,88856,1056402,301399,113944,187455,618908,76520,542388,136095,24318,111777,06,065,2009
"Sacramento County, California",1400949,1379889,670615,184556,68588,115968,420743,47992,372751,65316,9372,55944,709274,175933,65203,110730,443330,74266,369064,90011,18334,71677,06,067,2009
"San Bernardino County, California",2017673,1979623,981704,306262,123493,182769,601539,61426,540113,73903,13342,60561,997919,293557,116022,177535,609063,90188,518875,95299,17512,77787,06,071,2009
"San Diego County, California",3053793,2936644,1435088,377870,95407,282463,912391,56839,855552,144827,21730,123097,1501556,359555,93149,266406,948007,78811,869196,193994,35494,158500,06,073,2009
"San Francisco County, California",815358,809741,410879,59954,12884,47070,302959,26747,276212,47966,12993,34973,398862,57818,15030,42788,278099,31205,246894,62945,18131,44814,06,075,2009
"San Joaquin County, California",674860,662554,327790,103905,37708,66197,195296,22752,172544,28589,4943,23646,334764,97953,39532,58421,198775,34776,163999,38036,8845,29191,06,077,2009
"San Luis Obispo County, California",266971,256641,127784,25334,8020,17314,85685,5734,79951,16765,893,15872,128857,24492,6278,18214,82591,7603,74988,21774,2496,19278,06,079,2009
"San Mateo County, California",718989,714181,356218,82107,19575,62532,234825,13577,221248,39286,5155,34131,357963,77787,15511,62276,227626,15862,211764,52550,9337,43213,06,081,2009
"Santa Barbara County, California",407057,399131,199681,49774,21169,28605,127131,9323,117808,22776,3342,19434,199450,46858,21217,25641,123374,15511,107863,29218,4227,24991,06,083,2009
"Santa Clara County, California",1784642,1771472,905105,224599,51321,173278,596657,36449,560208,83849,18390,65459,866367,211376,43742,167634,549936,46994,502942,105055,23792,81263,06,085,2009
"Santa Cruz County, California",256218,254901,127451,28662,9135,19527,87084,5462,81622,11705,1106,10599,127450,26807,9053,17754,84655,7879,76776,15988,2111,13877,06,087,2009
"Shasta County, California",181099,180132,88083,20771,6400,14371,54882,7179,47703,12430,1316,11114,92049,20680,7934,12746,55362,10793,44569,16007,2138,13869,06,089,2009
"Solano County, California",407234,393472,192261,52160,16739,35421,120517,10588,109929,19584,2513,17071,201211,50245,13993,36252,124696,15264,109432,26270,4533,21737,06,095,2009
"Sonoma County, California",472102,467437,231016,52530,14451,38079,151266,11984,139282,27220,1953,25267,236421,50782,12460,38322,149917,13862,136055,35722,4489,31233,06,097,2009
"Stanislaus County, California",510385,506038,251359,76023,30877,45146,153314,19484,133830,22022,4326,17696,254679,73007,27736,45271,152937,29669,123268,28735,6103,22632,06,099,2009
"Sutter County, California",92614,90806,45518,13333,6398,6935,27429,4113,23316,4756,694,4062,45288,12160,4166,7994,26822,4381,22441,6306,1004,5302,06,101,2009
"Tulare County, California",429668,425969,214996,72279,37694,34585,125357,19067,106290,17360,4107,13253,210973,68831,35309,33522,120790,28743,92047,21352,6507,14845,06,107,2009
"Ventura County, California",802983,792872,395558,107151,29877,77274,247655,16375,231280,40752,5258,35494,397314,102039,27828,74211,243342,23148,220194,51933,6450,45483,06,111,2009
"Yolo County, California",199407,198340,97301,24023,7955,16068,64983,5521,59462,8295,1076,7219,101039,22033,6306,15727,68321,8368,59953,10685,1925,8760,06,113,2009
"Yuba County, California",72925,69340,33904,11480,5779,5701,19594,3690,15904,2830,939,1891,35436,9730,4905,4825,21908,6820,15088,3798,1026,2772,06,115,2009
"Adams County, Colorado",440994,438277,221214,63265,18905,44360,142596,6504,136092,15353,1770,13583,217063,61291,16861,44430,134903,12650,122253,20869,3847,17022,08,001,2009
"Arapahoe County, Colorado",565360,559927,275991,74795,17002,57793,174263,7362,166901,26933,3063,23870,283936,70783,18132,52651,177934,14421,163513,35219,4644,30575,08,005,2009
"Boulder County, Colorado",303482,299581,151271,32702,6301,26401,106721,3497,103224,11848,554,11294,148310,31585,6235,25350,103049,3754,99295,13676,609,13067,08,013,2009
"Denver County, Colorado",610345,603821,304365,70917,27725,43192,208816,13019,195797,24632,4640,19992,299456,68577,25905,42672,194651,23039,171612,36228,6991,29237,08,031,2009
"Douglas County, Colorado",288225,287282,143648,43055,1664,41391,91080,1625,89455,9513,72,9441,143634,41566,2891,38675,91924,2954,88970,10144,921,9223,08,035,2009
"El Paso County, Colorado",604542,572650,275848,79168,18793,60375,171714,10403,161311,24966,2804,22162,296802,76934,16506,60428,187559,15054,172505,32309,4379,27930,08,041,2009
"Jefferson County, Colorado",536922,530911,263348,61165,11353,49812,173890,8125,165765,28293,2840,25453,267563,58522,10753,47769,173821,8982,164839,35220,3716,31504,08,059,2009
"Larimer County, Colorado",298382,295909,148356,32177,5292,26885,101706,4170,97536,14473,2014,12459,147553,30547,5551,24996,98482,5422,93060,18524,2662,15862,08,069,2009
"Mesa County, Colorado",146093,143710,69972,17052,4148,12904,44237,2388,41849,8683,1376,7307,73738,17016,5048,11968,45674,3390,42284,11048,2271,8777,08,077,2009
"Pueblo County, Colorado",157224,153614,74754,19809,7929,11880,45127,5104,40023,9818,1527,8291,78860,19045,7230,11815,47161,7657,39504,12654,1782,10872,08,101,2009
"Weld County, Colorado",254759,253036,127520,37006,9880,27126,81223,3537,77686,9291,1346,7945,125516,33864,8253,25611,80374,7101,73273,11278,1773,9505,08,123,2009
"Fairfield County, Connecticut",901208,890602,435987,114478,23135,91343,273718,14436,259282,47791,4992,42799,454615,109294,22312,86982,280008,23300,256708,65313,7865,57448,09,001,2009
"Hartford County, Connecticut",879835,861922,414096,102975,32215,70760,261400,23046,238354,49721,6195,43526,447826,98622,27174,71448,279602,38222,241380,69602,10757,58845,09,003,2009
"Litchfield County, Connecticut",188728,187133,91618,20594,5032,15562,59052,3709,55343,11972,840,11132,95515,20207,3162,17045,59515,5232,54283,15793,1656,14137,09,005,2009
"Middlesex County, Connecticut",165702,163849,80033,17748,3752,13996,52587,2949,49638,9698,612,9086,83816,17406,2406,15000,53359,4872,48487,13051,903,12148,09,007,2009
"New Haven County, Connecticut",848006,836040,404615,97744,32870,64874,260995,22605,238390,45876,4403,41473,431425,93947,27315,66632,272809,38221,234588,64669,9133,55536,09,009,2009
"New London County, Connecticut",266830,255594,123378,29848,6803,23045,77738,5597,72141,15792,1788,14004,132216,28220,5491,22729,84159,9995,74164,19837,3107,16730,09,011,2009
"Tolland County, Connecticut",150461,146423,72735,16317,2608,13709,48416,2185,46231,8002,532,7470,73688,13931,2328,11603,50402,3425,46977,9355,691,8664,09,013,2009
"Windham County, Connecticut",117518,115293,56762,13020,4725,8295,38080,3921,34159,5662,800,4862,58531,12448,4688,7760,38226,5332,32894,7857,1500,6357,09,015,2009
"Kent County, Delaware",157741,153147,71626,20274,6245,14029,42489,5115,37374,8863,1486,7377,81521,19552,7238,12314,50720,9874,40846,11249,1498,9751,10,001,2009
"New Castle County, Delaware",534634,525421,253652,65238,17663,47575,162369,13292,149077,26045,2890,23155,271769,61778,17510,44268,174680,24108,150572,35311,5065,30246,10,003,2009
"Sussex County, Delaware",192747,190915,92899,20054,8271,11783,54671,5563,49108,18174,2070,16104,98016,19868,8254,11614,56463,8907,47556,21685,2938,18747,10,005,2009
"District of Columbia, District of Columbia",599657,589408,275835,57205,28558,28647,192046,31889,160157,26584,6005,20579,313573,56505,29324,27181,217888,51089,166799,39180,9603,29577,11,001,2009
"Alachua County, Florida",243574,241823,117467,22834,6436,16398,83682,3402,80280,10951,1094,9857,124356,21701,5121,16580,87567,8081,79486,15088,2128,12960,12,001,2009
"Bay County, Florida",164767,159391,77193,19020,6852,12168,47526,4589,42937,10647,1394,9253,82198,18243,7141,11102,50800,5983,44817,13155,2058,11097,12,005,2009
"Brevard County, Florida",536357,529942,259800,55288,15598,39690,154836,9436,145400,49676,5096,44580,270142,51521,13092,38429,158718,14655,144063,59903,6421,53482,12,009,2009
"Broward County, Florida",1766476,1753379,852621,209190,64346,144844,541572,29609,511963,101859,14760,87099,900758,198413,59010,139403,561624,40108,521516,140721,21304,119417,12,011,2009
"Charlotte County, Florida",156952,154847,74567,12395,5282,7113,37320,2322,34998,24852,1679,23173,80280,10523,3783,6740,41036,4002,37034,28721,3234,25487,12,015,2009
"Citrus County, Florida",140357,137722,66712,11891,4409,7482,35054,3113,31941,19767,1144,18623,71010,10410,2938,7472,38717,4110,34607,21883,1333,20550,12,017,2009
"Clay County, Florida",186756,182899,90049,25967,6276,19691,55208,3649,51559,8874,818,8056,92850,23456,4117,19339,58820,4675,54145,10574,711,9863,12,019,2009
"Collier County, Florida",318537,316360,161375,33503,9898,23605,88237,5158,83079,39635,5098,34537,154985,31075,9208,21867,79708,4450,75258,44202,5247,38955,12,021,2009
"Columbia County, Florida",69263,64139,29783,8190,3173,5017,18040,2433,15607,3553,250,3303,34356,7126,4198,2928,21982,4930,17052,5248,1304,3944,12,023,2009
"Duval County, Florida",857040,836059,398791,106717,33370,73347,253731,18226,235505,38343,5411,32932,437268,102077,32929,69148,281883,30745,251138,53308,9968,43340,12,031,2009
"Escambia County, Florida",303343,284867,135444,34274,13280,20994,82604,6451,76153,18566,2558,16008,149423,32111,12284,19827,92784,9956,82828,24528,5080,19448,12,033,2009
"Flagler County, Florida",91622,91099,43206,8518,2426,6092,24471,1420,23051,10217,1106,9111,47893,9770,1993,7777,26183,1660,24523,11940,1812,10128,12,035,2009
"Hernando County, Florida",171233,170064,81223,16762,5852,10910,43999,3921,40078,20462,1159,19303,88841,16996,5647,11349,47658,6587,41071,24187,1531,22656,12,053,2009
"Highlands County, Florida",98704,97335,47891,9914,5181,4733,24114,3272,20842,13863,1427,12436,49444,9016,2516,6500,23318,4404,18914,17110,2670,14440,12,055,2009
"Hillsborough County, Florida",1195317,1181209,579469,149585,50207,99378,369137,24761,344376,60747,9726,51021,601740,142465,45030,97435,381809,43940,337869,77466,13988,63478,12,057,2009
"Indian River County, Florida",135167,134682,65494,13667,5317,8350,35476,2799,32677,16351,1034,15317,69188,12202,3729,8473,37475,3239,34236,19511,1631,17880,12,061,2009
"Lake County, Florida",312119,309398,150039,30908,9590,21318,76465,5302,71163,42666,3869,38797,159359,29261,9433,19828,79500,9353,70147,50598,3877,46721,12,069,2009
"Lee County, Florida",586908,582612,288340,61713,17644,44069,165515,9016,156499,61112,3868,57244,294272,58136,18598,39538,166792,12541,154251,69344,6146,63198,12,071,2009
"Leon County, Florida",265714,262754,125402,26638,7764,18874,88583,3687,84896,10181,1117,9064,137352,25454,7154,18300,98549,8175,90374,13349,1125,12224,12,073,2009
"Manatee County, Florida",318361,314221,153911,33955,10719,23236,88327,3690,84637,31629,3311,28318,160310,32296,11624,20672,89369,7261,82108,38645,3846,34799,12,081,2009
"Marion County, Florida",328547,322080,156032,33528,12627,20901,86550,7260,79290,35954,4447,31507,166048,32041,10852,21189,91354,9700,81654,42653,4699,37954,12,083,2009
"Martin County, Florida",139794,136823,66440,12562,3242,9320,37111,2214,34897,16767,1002,15765,70383,13397,3831,9566,37313,2254,35059,19673,1786,17887,12,085,2009
"Miami-Dade County, Florida",2500625,2451500,1177898,294296,116359,177937,735734,46742,688992,147868,41892,105976,1273602,281195,104934,176261,786068,75256,710812,206339,76680,129659,12,086,2009
"Monroe County, Florida",73165,71012,36145,5883,1494,4389,24313,725,23588,5949,886,5063,34867,5835,617,5218,23592,2431,21161,5440,1333,4107,12,087,2009
"Nassau County, Florida",70576,69655,33782,7997,2846,5151,20794,878,19916,4991,654,4337,35873,7034,1244,5790,23262,1731,21531,5577,1137,4440,12,089,2009
"Okaloosa County, Florida",178473,165407,77701,20789,5864,14925,45825,2277,43548,11087,923,10164,87706,20422,7004,13418,53400,4821,48579,13884,1755,12129,12,091,2009
"Orange County, Florida",1086480,1070802,531393,135630,42046,93584,352517,19190,333327,43246,5900,37346,539409,130033,35747,94286,352032,24869,327163,57344,11255,46089,12,095,2009
"Osceola County, Florida",270618,267829,133790,38065,11411,26654,82114,4552,77562,13611,2466,11145,134039,35388,11841,23547,81982,7529,74453,16669,3164,13505,12,097,2009
"Palm Beach County, Florida",1279950,1267703,618785,137089,38481,98608,363210,17223,345987,118486,11883,106603,648918,130954,36921,94033,367602,26629,340973,150362,15115,135247,12,099,2009
"Pasco County, Florida",471709,468730,228147,50479,15702,34777,135166,13388,121778,42502,4232,38270,240583,48670,15345,33325,138481,17092,121389,53432,5874,47558,12,101,2009
"Pinellas County, Florida",909013,891445,429125,86129,28723,57406,265772,19227,246545,77224,7668,69556,462320,80270,26432,53838,277977,24806,253171,104073,13252,90821,12,103,2009
"Polk County, Florida",583403,570428,277298,72024,26134,45890,160070,16252,143818,45204,6078,39126,293130,68468,25470,42998,170021,22170,147851,54641,8524,46117,12,105,2009
"Putnam County, Florida",72893,68676,34522,9386,3457,5929,19920,2391,17529,5216,751,4465,34154,7573,4453,3120,20778,4739,16039,5803,1160,4643,12,107,2009
"St. Johns County, Florida",187436,186114,91813,21449,3755,17694,57470,1908,55562,12894,1341,11553,94301,20348,3656,16692,58516,3124,55392,15437,2546,12891,12,109,2009
"St. Lucie County, Florida",266502,263290,128294,30731,11316,19415,73132,4943,68189,24431,3077,21354,134996,29772,11705,18067,75983,6388,69595,29241,3951,25290,12,111,2009
"Santa Rosa County, Florida",151759,146014,71700,18704,4908,13796,44537,2679,41858,8459,1035,7424,74314,16967,3954,13013,47562,5109,42453,9785,1039,8746,12,113,2009
"Sarasota County, Florida",369765,365645,175993,30788,8568,22220,95662,6629,89033,49543,3545,45998,189652,29201,7836,21365,100234,10844,89390,60217,5670,54547,12,115,2009
"Seminole County, Florida",413204,410633,201365,48743,10763,37980,132117,5152,126965,20505,2378,18127,209268,47037,10081,36956,136330,10334,125996,25901,3010,22891,12,117,2009
"Sumter County, Florida",77681,66957,31937,4740,1674,3066,16780,1149,15631,10417,716,9701,35020,5923,2450,3473,17623,2804,14819,11474,581,10893,12,119,2009
"Volusia County, Florida",495890,489589,238618,48679,15934,32745,145565,8743,136822,44374,6587,37787,250971,46889,15453,31436,146783,15432,131351,57299,10156,47143,12,127,2009
"Barrow County, Georgia",72158,72158,35874,10959,3790,7169,22118,1501,20617,2797,463,2334,36284,9548,4109,5439,22400,1890,20510,4336,1082,3254,13,013,2009
"Bartow County, Georgia",96217,95585,46900,13852,3578,10274,28398,2010,26388,4650,604,4046,48685,13130,3433,9697,29428,1660,27768,6127,668,5459,13,015,2009
"Bibb County, Georgia",156060,153921,70093,21279,8556,12723,41386,3175,38211,7428,1324,6104,83828,20457,8643,11814,51002,7171,43831,12369,2410,9959,13,021,2009
"Bulloch County, Georgia",69213,68793,32574,6707,1984,4723,22966,1239,21727,2901,409,2492,36219,7870,3564,4306,24434,1583,22851,3915,492,3423,13,031,2009
"Carroll County, Georgia",114778,113474,54727,14633,5685,8948,35166,3319,31847,4928,254,4674,58747,14951,5970,8981,36739,5209,31530,7057,1545,5512,13,045,2009
"Chatham County, Georgia",256992,246390,113782,30766,11397,19369,70352,3264,67088,12664,1421,11243,132608,29268,9787,19481,84725,7854,76871,18615,2911,15704,13,051,2009
"Cherokee County, Georgia",215084,213973,106859,31518,4464,27054,68491,2513,65978,6850,541,6309,107114,29379,4714,24665,69191,3076,66115,8544,895,7649,13,057,2009
"Clarke County, Georgia",116342,114911,54630,10755,4083,6672,39969,1574,38395,3906,583,3323,60281,10687,5182,5505,43883,2979,40904,5711,1000,4711,13,059,2009
"Clayton County, Georgia",275772,269499,128863,42075,17394,24681,78194,4582,73612,8594,1372,7222,140636,40245,17893,22352,88900,7832,81068,11491,2321,9170,13,063,2009
"Cobb County, Georgia",714692,708153,350414,96183,21366,74817,225659,6379,219280,28572,3222,25350,357739,91386,20966,70420,231032,12275,218757,35321,3766,31555,13,067,2009
"Columbia County, Georgia",112958,109619,52755,16351,2350,14001,31924,753,31171,4480,444,4036,56864,15632,2094,13538,35557,1424,34133,5675,869,4806,13,073,2009
"Coweta County, Georgia",127111,126049,62511,17560,3680,13880,39524,1110,38414,5427,260,5167,63538,17347,4355,12992,39671,2617,37054,6520,898,5622,13,077,2009
"DeKalb County, Georgia",747274,738654,358257,90534,34219,56315,242293,11031,231262,25430,3805,21625,380397,87933,32090,55843,255647,20316,235331,36817,6416,30401,13,089,2009
"Dougherty County, Georgia",95859,94284,42728,12851,7337,5514,25347,3285,22062,4530,782,3748,51556,12706,7375,5331,31483,5690,25793,7367,1754,5613,13,095,2009
"Douglas County, Georgia",129703,128709,61911,19239,5278,13961,38605,1770,36835,4067,181,3886,66798,19119,6695,12424,42531,4155,38376,5148,807,4341,13,097,2009
"Fayette County, Georgia",106788,106125,52179,15203,1402,13801,31353,960,30393,5623,749,4874,53946,13420,1555,11865,33778,1619,32159,6748,954,5794,13,113,2009
"Floyd County, Georgia",96250,95797,47317,13149,4942,8207,28737,2340,26397,5431,665,4766,48480,11381,2976,8405,29212,3188,26024,7887,1140,6747,13,115,2009
"Forsyth County, Georgia",174520,174116,87455,26737,3676,23061,54557,977,53580,6161,542,5619,86661,25235,3947,21288,53426,1647,51779,8000,998,7002,13,117,2009
"Fulton County, Georgia",1033756,1025522,503542,127206,38480,88726,343745,15456,328289,32591,4676,27915,521980,121932,38886,83046,353646,31456,322190,46402,7333,39069,13,121,2009
"Glynn County, Georgia",76820,76108,36504,10038,4529,5509,21402,1593,19809,5064,686,4378,39604,9271,2908,6363,23606,2422,21184,6727,1476,5251,13,127,2009
"Gwinnett County, Georgia",808167,803282,403219,124581,31618,92963,255981,8237,247744,22657,3561,19096,400063,119529,37157,82372,250166,10656,239510,30368,5470,24898,13,135,2009
"Hall County, Georgia",187743,183253,90894,26963,9306,17657,55849,1666,54183,8082,412,7670,92359,26174,7754,18420,55346,2768,52578,10839,1216,9623,13,139,2009
"Henry County, Georgia",195370,192963,93234,30922,5623,25299,56180,2117,54063,6132,599,5533,99729,29215,5769,23446,62036,2774,59262,8478,1063,7415,13,151,2009
"Houston County, Georgia",135715,129125,61449,19329,5387,13942,36163,1884,34279,5957,803,5154,67676,17116,5322,11794,42144,2937,39207,8416,1127,7289,13,153,2009
"Lowndes County, Georgia",106814,101301,47753,13771,5510,8261,29999,2018,27981,3983,352,3631,53548,12862,5516,7346,34710,3046,31664,5976,1031,4945,13,185,2009
"Muscogee County, Georgia",190414,161551,64752,22884,8972,13912,34879,2712,32167,6989,960,6029,96799,25163,8403,16760,59993,7489,52504,11643,2754,8889,13,215,2009
"Newton County, Georgia",99944,97844,46567,14713,4062,10651,28100,887,27213,3754,342,3412,51277,14358,5249,9109,31231,2498,28733,5688,1544,4144,13,217,2009
"Paulding County, Georgia",136655,136314,66705,20678,3767,16911,42123,1487,40636,3904,343,3561,69609,20836,4821,16015,43536,2512,41024,5237,557,4680,13,223,2009
"Richmond County, Georgia",199768,186198,84075,25775,12504,13271,49302,4603,44699,8998,1924,7074,102123,25118,10565,14553,63080,8530,54550,13925,2526,11399,13,245,2009
"Rockdale County, Georgia",84569,84062,40653,11132,4937,6195,26020,1665,24355,3501,338,3163,43409,13022,5300,7722,26034,2005,24029,4353,635,3718,13,247,2009
"Walton County, Georgia",87311,86938,42430,11953,4558,7395,26181,1472,24709,4296,374,3922,44508,11475,3726,7749,27454,2309,25145,5579,898,4681,13,297,2009
"Whitfield County, Georgia",93698,93253,46399,14669,5800,8869,27464,1476,25988,4266,215,4051,46854,13631,4375,9256,27719,2615,25104,5504,722,4782,13,313,2009
"Hawaii County, Hawaii",177835,174676,88256,22237,10019,12218,54463,5936,48527,11556,1124,10432,86420,18719,8789,9930,54836,8371,46465,12865,1538,11327,15,001,2009
"Honolulu County, Hawaii",907574,849255,413192,102332,23648,78684,255987,20791,235196,54873,7601,47272,436063,96755,24423,72332,264816,29362,235454,74492,11313,63179,15,003,2009
"Maui County, Hawaii",145203,144047,72359,16984,4837,12147,47686,2570,45116,7689,753,6936,71688,16268,4493,11775,45048,5093,39955,10372,1251,9121,15,009,2009
"Ada County, Idaho",384656,375414,186461,50355,11681,38674,119345,5483,113862,16761,1833,14928,188953,48720,9633,39087,119647,7577,112070,20586,2632,17954,16,001,2009
"Bannock County, Idaho",82539,82090,40189,10999,2860,8139,25201,1358,23843,3989,235,3754,41901,11250,3200,8050,25694,1792,23902,4957,205,4752,16,005,2009
"Bonneville County, Idaho",101329,100412,50489,16652,4480,12172,28848,2017,26831,4989,562,4427,49923,15122,4592,10530,29403,3288,26115,5398,492,4906,16,019,2009
"Canyon County, Idaho",186615,184138,91762,30490,12460,18030,53530,4416,49114,7742,785,6957,92376,28237,11801,16436,54186,5142,49044,9953,1284,8669,16,027,2009
"Kootenai County, Idaho",139390,138630,68431,17120,5870,11250,42075,2455,39620,9236,504,8732,70199,16657,5134,11523,43467,2597,40870,10075,1278,8797,16,055,2009
"Twin Falls County, Idaho",75296,73496,35992,9548,2610,6938,21686,956,20730,4758,472,4286,37504,9900,2495,7405,21503,829,20674,6101,1046,5055,16,083,2009
"Adams County, Illinois",67054,64853,31188,7672,3725,3947,19130,2494,16636,4386,488,3898,33665,7195,3288,3907,20251,4266,15985,6219,1010,5209,17,001,2009
"Champaign County, Illinois",195671,195013,98895,19582,7723,11859,70893,3875,67018,8420,821,7599,96118,18669,7878,10791,66344,6374,59970,11105,1575,9530,17,019,2009
"Cook County, Illinois",5287037,5239276,2543426,653277,283163,370114,1646601,116391,1530210,243548,35996,207552,2695850,627969,274577,353392,1710338,225766,1484572,357543,60475,297068,17,031,2009
"DeKalb County, Illinois",107333,105810,52117,11597,3804,7793,36579,1617,34962,3941,417,3524,53693,11936,4509,7427,36713,3288,33425,5044,546,4498,17,037,2009
"DuPage County, Illinois",932541,921364,457268,116727,24421,92306,297089,11895,285194,43452,3720,39732,464096,113534,24230,89304,294529,17933,276596,56033,5501,50532,17,043,2009
"Kane County, Illinois",511892,509595,257923,77368,21759,55609,160839,6158,154681,19716,2375,17341,251672,74030,27083,46947,152183,11395,140788,25459,3695,21764,17,089,2009
"Kankakee County, Illinois",113215,110804,53695,13552,5421,8131,34393,3046,31347,5750,939,4811,57109,14330,4506,9824,34839,5036,29803,7940,1528,6412,17,091,2009
"Kendall County, Illinois",104821,104330,52769,16687,1331,15356,32810,1084,31726,3272,292,2980,51561,15448,1543,13905,31801,1581,30220,4312,438,3874,17,093,2009
"Lake County, Illinois",712567,699667,349496,100130,25422,74708,217703,8354,209349,31663,2480,29183,350171,95481,25135,70346,216554,13308,203246,38136,5183,32953,17,097,2009
"LaSalle County, Illinois",112498,110988,55045,13974,5659,8315,34522,2309,32213,6549,1097,5452,55943,12997,5295,7702,32868,4314,28554,10078,1984,8094,17,099,2009
"McHenry County, Illinois",320961,319555,160915,44199,6198,38001,101762,4041,97721,14954,1335,13619,158640,42069,8101,33968,98480,6302,92178,18091,1675,16416,17,111,2009
"McLean County, Illinois",167699,166133,80476,19357,3853,15504,54368,2394,51974,6751,979,5772,85657,18248,5182,13066,57358,7051,50307,10051,1470,8581,17,113,2009
"Macon County, Illinois",108204,106146,51527,12772,4767,8005,31705,2563,29142,7050,946,6104,54619,11601,4724,6877,33312,5431,27881,9706,1532,8174,17,115,2009
"Madison County, Illinois",268457,264209,128622,32372,11503,20869,80777,5736,75041,15473,1695,13778,135587,28778,9869,18909,85989,12761,73228,20820,2733,18087,17,119,2009
"Peoria County, Illinois",185816,182376,87569,22122,8281,13841,55664,3784,51880,9783,1354,8429,94807,22918,9865,13053,58252,9240,49012,13637,1867,11770,17,143,2009
"Rock Island County, Illinois",146826,144881,70126,16849,6080,10769,43601,2538,41063,9676,1150,8526,74755,15840,4837,11003,45537,5783,39754,13378,1881,11497,17,161,2009
"St. Clair County, Illinois",263617,256212,120780,33871,15533,18338,74517,6841,67676,12392,1490,10902,135432,32748,14384,18364,83606,16371,67235,19078,2790,16288,17,163,2009
"Sangamon County, Illinois",195716,192355,91846,23424,9094,14330,57711,5508,52203,10711,1540,9171,100509,22618,9234,13384,62369,11063,51306,15522,2661,12861,17,167,2009
"Tazewell County, Illinois",132466,129143,63350,15692,4892,10800,39401,2414,36987,8257,911,7346,65793,14928,4882,10046,39816,5334,34482,11049,1104,9945,17,179,2009
"Vermilion County, Illinois",80067,77471,37972,9713,5764,3949,23296,2747,20549,4963,628,4335,39499,9544,4995,4549,22901,5770,17131,7054,1662,5392,17,183,2009
"Will County, Illinois",685251,679783,340012,101447,24322,77125,212885,8003,204882,25680,3002,22678,339771,96050,20286,75764,210522,17363,193159,33199,4208,28991,17,197,2009
"Williamson County, Illinois",65169,63379,30277,7368,3627,3741,18848,2412,16436,4061,685,3376,33102,7157,2997,4160,20138,4366,15772,5807,1253,4554,17,199,2009
"Winnebago County, Illinois",299702,295659,145850,38896,16207,22689,91017,6079,84938,15937,1871,14066,149809,36000,15347,20653,92317,14344,77973,21492,3270,18222,17,201,2009
"Allen County, Indiana",353888,349991,171405,47739,14096,33643,106481,6603,99878,17185,1791,15394,178586,45800,13876,31924,109530,11615,97915,23256,3141,20115,18,003,2009
"Bartholomew County, Indiana",76063,74918,37210,9821,1728,8093,22905,610,22295,4484,309,4175,37708,9203,1634,7569,22967,1689,21278,5538,317,5221,18,005,2009
"Clark County, Indiana",108634,106171,50996,12405,3270,9135,32738,1472,31266,5853,845,5008,55175,13193,3090,10103,34246,3840,30406,7736,1280,6456,18,019,2009
"Delaware County, Indiana",115192,113031,54102,11532,4447,7085,35590,3087,32503,6980,567,6413,58929,11178,5369,5809,38639,4378,34261,9112,701,8411,18,035,2009
"Elkhart County, Indiana",200502,198966,98792,28668,11627,17041,60827,3154,57673,9297,852,8445,100174,28499,10754,17745,58756,6780,51976,12919,1159,11760,18,039,2009
"Floyd County, Indiana",74426,74084,35195,8692,2142,6550,22610,906,21704,3893,271,3622,38889,8850,1750,7100,24464,1660,22804,5575,427,5148,18,043,2009
"Grant County, Indiana",68796,67208,32198,7612,3317,4295,20238,1533,18705,4348,477,3871,35010,7064,2275,4789,21431,2840,18591,6515,722,5793,18,053,2009
"Hamilton County, Indiana",279287,277348,136607,39953,4050,35903,86302,2477,83825,10352,985,9367,140741,40265,3375,36890,87674,3634,84040,12802,1266,11536,18,057,2009
"Hancock County, Indiana",68334,67976,32945,9125,1709,7416,19927,688,19239,3893,412,3481,35031,9092,2368,6724,21155,1095,20060,4784,350,4434,18,059,2009
"Hendricks County, Indiana",140606,138162,68404,19304,1561,17743,42729,1233,41496,6371,1047,5324,69758,17473,1680,15793,43773,1273,42500,8512,1251,7261,18,063,2009
"Howard County, Indiana",82895,78516,37215,10115,2996,7119,22101,1324,20777,4999,425,4574,41301,9771,2801,6970,24411,2962,21449,7119,822,6297,18,067,2009
"Johnson County, Indiana",141501,139330,67838,18508,2424,16084,42543,1729,40814,6787,903,5884,71492,17633,2829,14804,44669,3763,40906,9190,1743,7447,18,081,2009
"Kosciusko County, Indiana",76499,74975,37337,9914,3029,6885,23282,694,22588,4141,151,3990,37638,9953,2961,6992,23065,1958,21107,4620,490,4130,18,085,2009
"Lake County, Indiana",494211,489625,235710,65926,24422,41504,143633,8932,134701,26151,2604,23547,253915,64276,23861,40415,153852,20880,132972,35787,3996,31791,18,089,2009
"LaPorte County, Indiana",111063,105080,51879,13002,4848,8154,32438,2108,30330,6439,759,5680,53201,12804,4751,8053,32204,3650,28554,8193,1297,6896,18,091,2009
"Madison County, Indiana",131417,127485,62826,15037,4106,10931,39034,2003,37031,8755,1188,7567,64659,14169,4219,9950,38890,4639,34251,11600,1693,9907,18,095,2009
"Marion County, Indiana",890879,877270,425341,116030,52389,63641,273608,22614,250994,35703,5156,30547,451929,110963,41618,69345,286232,41126,245106,54734,8505,46229,18,097,2009
"Monroe County, Indiana",130738,129621,62800,11103,3242,7861,46352,1536,44816,5345,388,4957,66821,10544,2590,7954,48651,2797,45854,7626,732,6894,18,105,2009
"Morgan County, Indiana",70876,70248,35146,8884,1609,7275,22507,1556,20951,3755,444,3311,35102,8532,2313,6219,22037,2434,19603,4533,558,3975,18,109,2009
"Porter County, Indiana",163598,161858,80434,20469,4000,16469,51209,2067,49142,8756,499,8257,81424,18426,2476,15950,52423,4317,48106,10575,671,9904,18,127,2009
"St. Joseph County, Indiana",267613,265743,128453,34071,10924,23147,80699,4677,76022,13683,1257,12426,137290,32302,9515,22787,84889,8278,76611,20099,1963,18136,18,141,2009
"Tippecanoe County, Indiana",167964,166782,85759,17590,5143,12447,61590,2295,59295,6579,460,6119,81023,17457,4605,12852,55216,3234,51982,8350,982,7368,18,157,2009
"Vanderburgh County, Indiana",175434,173006,82388,19616,4599,15017,53384,3488,49896,9388,655,8733,90618,18806,6113,12693,57253,5537,51716,14559,1662,12897,18,163,2009
"Vigo County, Indiana",105967,102430,50121,11823,4101,7722,33101,2210,30891,5197,287,4910,52309,10989,3725,7264,32771,3749,29022,8549,1238,7311,18,167,2009
"Wayne County, Indiana",67552,65927,30973,7787,3667,4120,18817,1722,17095,4369,405,3964,34954,8029,4179,3850,20726,2684,18042,6199,848,5351,18,177,2009
"Black Hawk County, Iowa",129276,127500,61684,14090,5025,9065,40103,3194,36909,7491,952,6539,65816,13711,5324,8387,42342,5439,36903,9763,1524,8239,19,013,2009
"Dubuque County, Iowa",93072,91868,45084,11370,2970,8400,28150,2001,26149,5564,1206,4358,46784,10539,3216,7323,28608,2762,25846,7637,1324,6313,19,061,2009
"Johnson County, Iowa",131005,130324,65115,13320,2376,10944,46898,2243,44655,4897,662,4235,65209,11988,1817,10171,46872,2228,44644,6349,430,5919,19,103,2009
"Linn County, Iowa",209226,206962,100632,25016,6613,18403,64485,4169,60316,11131,1485,9646,106330,25522,5895,19627,66705,6793,59912,14103,1590,12513,19,113,2009
"Polk County, Iowa",429439,422777,207464,55019,15394,39625,132982,10391,122591,19463,3366,16097,215313,53913,18794,35119,135179,16213,118966,26221,3780,22441,19,153,2009
"Pottawattamie County, Iowa",90224,89059,43581,10891,4549,6342,27889,1724,26165,4801,443,4358,45478,10378,3445,6933,28416,2914,25502,6684,787,5897,19,155,2009
"Scott County, Iowa",166650,163957,79925,20778,5207,15571,50607,3010,47597,8540,1527,7013,84032,20562,4526,16036,51926,4626,47300,11544,2222,9322,19,163,2009
"Story County, Iowa",87214,86409,44499,7816,1432,6384,33095,882,32213,3588,126,3462,41910,7345,1041,6304,29688,893,28795,4877,489,4388,19,169,2009
"Woodbury County, Iowa",102831,101350,49719,14130,6457,7673,30591,2360,28231,4998,1295,3703,51631,13733,6135,7598,31137,4718,26419,6761,1673,5088,19,193,2009
"Douglas County, Kansas",116383,116383,57393,10727,2647,8080,41901,1404,40497,4765,273,4492,58990,10190,2564,7626,42779,2029,40750,6021,685,5336,20,045,2009
"Johnson County, Kansas",542737,539199,267030,70944,9071,61873,172611,2892,169719,23475,1213,22262,272169,67038,9663,57375,173582,6775,166807,31549,2116,29433,20,091,2009
"Leavenworth County, Kansas",73712,63934,30630,9769,1970,7799,18056,691,17365,2805,272,2533,33304,8216,1477,6739,20736,1849,18887,4352,802,3550,20,103,2009
"Riley County, Kansas",71341,67167,32913,6566,537,6029,24161,393,23768,2186,216,1970,34254,6889,537,6352,24336,969,23367,3029,128,2901,20,161,2009
"Sedgwick County, Kansas",490864,485857,238923,67628,19622,48006,147814,7171,140643,23481,2685,20796,246934,65223,18777,46446,149519,12262,137257,32192,4839,27353,20,173,2009
"Shawnee County, Kansas",176255,174891,84057,21716,7642,14074,51909,4647,47262,10432,1015,9417,90834,21852,7715,14137,54731,5236,49495,14251,1332,12919,20,177,2009
"Wyandotte County, Kansas",155085,153817,75745,22477,10019,12458,46864,4542,42322,6404,453,5951,78072,20884,10038,10846,47980,6420,41560,9208,1048,8160,20,209,2009
"Boone County, Kentucky",118576,117730,58915,16870,2737,14133,37224,1605,35619,4821,470,4351,58815,15545,2678,12867,37383,2281,35102,5887,949,4938,21,015,2009
"Bullitt County, Kentucky",75653,75598,37244,8549,2352,6197,24931,1800,23131,3764,712,3052,38354,9166,2493,6673,24933,2495,22438,4255,739,3516,21,029,2009
"Campbell County, Kentucky",88423,86229,41000,9907,2062,7845,26472,2001,24471,4621,601,4020,45229,9658,2351,7307,29282,3039,26243,6289,1015,5274,21,037,2009
"Christian County, Kentucky",80938,71252,31831,12005,3122,8883,16371,1639,14732,3455,687,2768,39421,11658,2962,8696,23256,2748,20508,4507,1041,3466,21,047,2009
"Daviess County, Kentucky",95394,93853,45917,12415,5504,6911,28082,1988,26094,5420,779,4641,47936,11200,3742,7458,29139,4233,24906,7597,1850,5747,21,059,2009
"Fayette County, Kentucky",296545,291497,142144,31654,7386,24268,97791,3281,94510,12699,1304,11395,149353,31829,7812,24017,100097,5572,94525,17427,2757,14670,21,067,2009
"Hardin County, Kentucky",99770,89101,40763,13427,3320,10107,22103,1498,20605,5233,445,4788,48338,12568,1941,10627,29590,3231,26359,6180,995,5185,21,093,2009
"Jefferson County, Kentucky",721594,709059,341048,85701,31101,54600,218182,11394,206788,37165,4586,32579,368011,83405,29630,53775,231798,24155,207643,52808,7700,45108,21,111,2009
"Kenton County, Kentucky",158729,158617,77584,20103,5097,15006,50519,1855,48664,6962,951,6011,81033,19362,6094,13268,51376,4394,46982,10295,1750,8545,21,117,2009
"McCracken County, Kentucky",65880,64551,30196,7385,2631,4754,18731,1690,17041,4080,578,3502,34355,7605,2482,5123,20090,2367,17723,6660,965,5695,21,145,2009
"Madison County, Kentucky",83258,83207,40219,9360,4214,5146,26915,2432,24483,3944,545,3399,42988,8928,4230,4698,28914,3842,25072,5146,1083,4063,21,151,2009
"Pike County, Kentucky",65446,64335,31267,7459,4019,3440,20219,2650,17569,3589,627,2962,33068,7168,3113,4055,20992,4226,16766,4908,676,4232,21,195,2009
"Warren County, Kentucky",108669,107333,52841,13033,3561,9472,35128,1860,33268,4680,736,3944,54492,11915,4711,7204,35791,2946,32845,6786,837,5949,21,227,2009
"Ascension Parish, Louisiana",104822,104641,51109,15222,3383,11839,31678,1609,30069,4209,618,3591,53532,14808,6053,8755,33777,2561,31216,4947,864,4083,22,005,2009
"Bossier Parish, Louisiana",111492,105345,50078,15440,5176,10264,29322,726,28596,5316,670,4646,55267,13455,4159,9296,34931,2578,32353,6881,1068,5813,22,015,2009
"Caddo Parish, Louisiana",253623,247352,117334,32520,14489,18031,71969,6244,65725,12845,1769,11076,130018,30624,14979,15645,80524,9538,70986,18870,3374,15496,22,017,2009
"Calcasieu Parish, Louisiana",187554,185441,90415,25234,11327,13907,55394,3521,51873,9787,1569,8218,95026,22934,11953,10981,58944,8696,50248,13148,2335,10813,22,019,2009
"East Baton Rouge Parish, Louisiana",434633,430644,207289,53355,24817,28538,135532,6632,128900,18402,1777,16625,223355,50987,21950,29037,145827,15766,130061,26541,3630,22911,22,033,2009
"Iberia Parish, Louisiana",75101,74626,35850,10584,5388,5196,21455,1917,19538,3811,753,3058,38776,10370,5360,5010,23255,3235,20020,5151,888,4263,22,045,2009
"Jefferson Parish, Louisiana",443342,439950,211387,51642,24482,27160,135153,9680,125473,24592,2578,22014,228563,50407,24981,25426,143885,17720,126165,34271,5502,28769,22,051,2009
"Lafayette Parish, Louisiana",210954,207604,101202,27260,7695,19565,65301,3113,62188,8641,1932,6709,106402,25312,9076,16236,68582,6537,62045,12508,2741,9767,22,055,2009
"Lafourche Parish, Louisiana",93682,92868,44500,10973,4596,6377,28513,2634,25879,5014,487,4527,48368,11918,4997,6921,30086,4527,25559,6364,730,5634,22,057,2009
"Livingston Parish, Louisiana",123326,122721,60843,17586,8077,9509,37977,3228,34749,5280,750,4530,61878,16366,6915,9451,38926,3861,35065,6586,879,5707,22,063,2009
"Orleans Parish, Louisiana",354850,349066,163782,38837,19971,18866,109646,7763,101883,15299,3246,12053,185284,36654,18991,17663,124784,18426,106358,23846,5472,18374,22,071,2009
"Ouachita Parish, Louisiana",151502,148820,70239,20086,8361,11725,43154,2728,40426,6999,949,6050,78581,19476,8452,11024,48750,5700,43050,10355,2309,8046,22,073,2009
"Rapides Parish, Louisiana",133937,130292,61649,17375,9028,8347,37106,3604,33502,7168,1210,5958,68643,17434,8670,8764,41489,6249,35240,9720,2601,7119,22,079,2009
"St. Landry Parish, Louisiana",92326,90810,43282,12933,6257,6676,25295,2478,22817,5054,641,4413,47528,12559,7222,5337,28160,3868,24292,6809,1705,5104,22,097,2009
"St. Tammany Parish, Louisiana",231495,228253,111422,30429,8193,22236,68646,2769,65877,12347,2010,10337,116831,28979,8592,20387,72593,4038,68555,15259,2306,12953,22,103,2009
"Tangipahoa Parish, Louisiana",118688,117695,56677,15279,7644,7635,35779,3057,32722,5619,771,4848,61018,14774,6992,7782,38797,5209,33588,7447,1313,6134,22,105,2009
"Terrebonne Parish, Louisiana",109291,108083,53076,15065,6988,8077,32804,2201,30603,5207,752,4455,55007,14325,6528,7797,34030,4316,29714,6652,1198,5454,22,109,2009
"Androscoggin County, Maine",106539,103990,51182,11824,5896,5928,32877,5536,27341,6481,1775,4706,52808,11087,4676,6411,33451,7889,25562,8270,2387,5883,23,001,2009
"Aroostook County, Maine",71488,70363,34509,7442,3991,3451,21746,4338,17408,5321,1433,3888,35854,7085,3506,3579,21887,5898,15989,6882,2285,4597,23,003,2009
"Cumberland County, Maine",278559,274197,132501,29869,8241,21628,86658,8423,78235,15974,2446,13528,141696,27751,7440,20311,92431,12444,79987,21514,3411,18103,23,005,2009
"Kennebec County, Maine",121090,120194,58466,12350,4743,7607,38092,5655,32437,8024,1045,6979,61728,11952,4433,7519,39544,7219,32325,10232,2127,8105,23,011,2009
"Penobscot County, Maine",149419,145625,70020,14453,5608,8845,46583,8290,38293,8984,2006,6978,75605,14563,5190,9373,49593,10434,39159,11449,2923,8526,23,019,2009
"York County, Maine",201876,199991,96954,22131,7332,14799,61791,7139,54652,13032,2053,10979,103037,21067,6761,14306,65504,9782,55722,16466,2857,13609,23,031,2009
"Allegany County, Maryland",72532,65957,31687,6533,3961,2572,20092,2593,17499,5062,394,4668,34270,6056,2128,3928,20872,3461,17411,7342,831,6511,24,001,2009
"Anne Arundel County, Maryland",521209,497285,241086,61556,11045,50511,153165,4945,148220,26365,2827,23538,256199,59194,9322,49872,165481,8595,156886,31524,3526,27998,24,003,2009
"Baltimore County, Maryland",789814,782681,373021,88148,22314,65834,239197,11814,227383,45676,5031,40645,409660,83874,21462,62412,261771,19794,241977,64015,7742,56273,24,005,2009
"Calvert County, Maryland",89212,87275,42350,11624,2250,9374,26686,669,26017,4040,888,3152,44925,11358,2142,9216,28711,1634,27077,4856,578,4278,24,009,2009
"Carroll County, Maryland",170089,168863,83072,21472,2802,18670,52425,1646,50779,9175,758,8417,85791,20582,1812,18770,53012,3309,49703,12197,1525,10672,24,013,2009
"Cecil County, Maryland",100796,99751,49008,12464,3161,9303,31562,2666,28896,4982,544,4438,50743,12583,3746,8837,31811,3699,28112,6349,389,5960,24,015,2009
"Charles County, Maryland",142226,139397,68035,19616,2468,17148,42831,1330,41501,5588,491,5097,71362,17845,2002,15843,46475,2702,43773,7042,724,6318,24,017,2009
"Frederick County, Maryland",227980,225937,111396,30210,4646,25564,70954,2649,68305,10232,1177,9055,114541,27814,5119,22695,73657,4920,68737,13070,1672,11398,24,021,2009
"Harford County, Maryland",242514,238961,115197,30089,4054,26035,72581,4147,68434,12527,925,11602,123764,29960,5470,24490,77627,5778,71849,16177,1974,14203,24,025,2009
"Howard County, Maryland",281884,277687,136448,37776,4049,33727,86249,1830,84419,12423,1455,10968,141239,34622,3548,31074,91055,2721,88334,15562,2150,13412,24,027,2009
"Montgomery County, Maryland",971600,957721,462950,121374,30324,91050,292923,7665,285258,48653,6203,42450,494771,115829,26704,89125,312678,12110,300568,66264,10846,55418,24,031,2009
"Prince George's County, Maryland",834560,825284,396103,104437,31549,72888,260467,11494,248973,31199,3897,27302,429181,101952,32216,69736,283073,21755,261318,44156,5496,38660,24,033,2009
"St. Mary's County, Maryland",102999,97062,47694,13907,2791,11116,29355,1895,27460,4432,424,4008,49368,12395,1644,10751,31536,2081,29455,5437,753,4684,24,037,2009
"Washington County, Maryland",145910,138919,69479,17163,7008,10155,43922,3946,39976,8394,1251,7143,69440,15639,6170,9469,42366,5931,36435,11435,2425,9010,24,043,2009
"Wicomico County, Maryland",94222,92887,43868,10997,3812,7185,27652,1598,26054,5219,52,5167,49019,11072,3870,7202,30989,2438,28551,6958,560,6398,24,045,2009
"Baltimore city, Maryland",637418,627050,289687,72560,38981,33579,189587,28041,161546,27540,6898,20642,337363,70392,35455,34937,221474,46012,175462,45497,12498,32999,24,510,2009
"Barnstable County, Massachusetts",221151,216378,102138,18912,4605,14307,60800,7964,52836,22426,2850,19576,114240,18897,6274,12623,65287,9524,55763,30056,3597,26459,25,001,2009
"Berkshire County, Massachusetts",129288,126377,60377,13326,4977,8349,38064,10060,28004,8987,998,7989,66000,12499,5342,7157,40336,12201,28135,13165,2061,11104,25,003,2009
"Bristol County, Massachusetts",547433,538202,262116,62825,18617,44208,170265,30004,140261,29026,6047,22979,276086,59451,20827,38624,176880,38761,138119,39755,9586,30169,25,005,2009
"Essex County, Massachusetts",742582,735490,356774,88085,28846,59239,227584,36201,191383,41105,7054,34051,378716,83876,28174,55702,236577,46799,189778,58263,11760,46503,25,009,2009
"Franklin County, Massachusetts",71778,71089,34629,7114,2642,4472,23334,3627,19707,4181,243,3938,36460,6753,2452,4301,23786,5055,18731,5921,886,5035,25,011,2009
"Hampden County, Massachusetts",471081,465155,223467,55192,27392,27800,142620,32887,109733,25655,6228,19427,241688,55307,27866,27441,148915,45198,103717,37466,9970,27496,25,013,2009
"Hampshire County, Massachusetts",156044,153672,71732,13469,3780,9689,50503,4957,45546,7760,1032,6728,81940,12894,3043,9851,58247,7868,50379,10799,1665,9134,25,015,2009
"Middlesex County, Massachusetts",1505006,1486130,726585,163414,31151,132263,485946,50650,435296,77225,10041,67184,759545,156655,29640,127015,496768,62751,434017,106122,17427,88695,25,017,2009
"Norfolk County, Massachusetts",666303,655238,316175,77326,11248,66078,201637,17262,184375,37212,4381,32831,339063,72432,9486,62946,214893,22285,192608,51738,7404,44334,25,021,2009
"Plymouth County, Massachusetts",498344,488188,237695,61546,13003,48543,149161,20307,128854,26988,3765,23223,250493,58976,13126,45850,156109,25439,130670,35408,5279,30129,25,023,2009
"Suffolk County, Massachusetts",753580,744254,359733,70044,32008,38036,259317,49851,209466,30372,9010,21362,384521,67005,32866,34139,273172,62399,210773,44344,15106,29238,25,025,2009
"Worcester County, Massachusetts",803701,788465,386291,97114,23618,73496,249428,34380,215048,39749,6654,33095,402174,92327,24465,67862,255761,43517,212244,54086,10946,43140,25,027,2009
"Allegan County, Michigan",113449,112505,56079,14423,4035,10388,35198,2134,33064,6458,628,5830,56426,14533,4592,9941,34125,3975,30150,7768,734,7034,26,005,2009
"Bay County, Michigan",107434,106774,52187,11802,3039,8763,33396,3075,30321,6989,886,6103,54587,11834,4322,7512,33031,5163,27868,9722,1347,8375,26,017,2009
"Berrien County, Michigan",160472,159422,76861,19585,8297,11288,46743,4924,41819,10533,1204,9329,82561,18962,7255,11707,49706,8870,40836,13893,2379,11514,26,021,2009
"Calhoun County, Michigan",135616,133250,64734,16328,7512,8816,40179,5142,35037,8227,1061,7166,68516,15122,7265,7857,42206,7880,34326,11188,1833,9355,26,025,2009
"Clinton County, Michigan",69893,69455,34466,8678,1639,7039,21824,1675,20149,3964,180,3784,34989,8450,1629,6821,21823,2243,19580,4716,183,4533,26,037,2009
"Eaton County, Michigan",106077,105460,51271,12410,3570,8840,33015,1799,31216,5846,863,4983,54189,11443,4190,7253,34866,3511,31355,7880,1571,6309,26,045,2009
"Genesee County, Michigan",424043,420268,201978,53908,24760,29148,124627,23524,101103,23443,2121,21322,218290,51377,22534,28843,135012,30792,104220,31901,3542,28359,26,049,2009
"Grand Traverse County, Michigan",86333,85154,42001,9714,3228,6486,26676,1908,24768,5611,580,5031,43153,8799,2853,5946,26726,2664,24062,7628,1130,6498,26,055,2009
"Ingham County, Michigan",277633,275378,131596,29141,10197,18944,90310,8201,82109,12145,2246,9899,143782,29399,11047,18352,98006,12688,85318,16377,2763,13614,26,065,2009
"Isabella County, Michigan",67176,66268,31241,6116,2083,4033,22210,1696,20514,2915,380,2535,35027,5700,2378,3322,25587,2701,22886,3740,452,3288,26,073,2009
"Jackson County, Michigan",159828,153198,75308,18814,7960,10854,47282,5657,41625,9212,1614,7598,77890,17899,5637,12262,48111,8713,39398,11880,1447,10433,26,075,2009
"Kalamazoo County, Michigan",248407,246037,119258,27920,9273,18647,78924,8806,70118,12414,1206,11208,126779,26814,9767,17047,83533,12076,71457,16432,2318,14114,26,077,2009
"Kent County, Michigan",608315,603191,297458,80655,29725,50930,190646,12288,178358,26157,2136,24021,305733,76407,26087,50320,192804,26407,166397,36522,4419,32103,26,081,2009
"Lapeer County, Michigan",89974,87898,44269,10888,2274,8614,28383,2237,26146,4998,312,4686,43629,11039,3110,7929,26774,3100,23674,5816,579,5237,26,087,2009
"Lenawee County, Michigan",99837,96713,47526,11580,3891,7689,29914,2993,26921,6032,549,5483,49187,11544,4080,7464,30267,4080,26187,7376,1045,6331,26,091,2009
"Livingston County, Michigan",183118,182374,91486,23520,4206,19314,58457,2471,55986,9509,506,9003,90888,21911,3493,18418,58160,2869,55291,10817,853,9964,26,093,2009
"Macomb County, Michigan",831427,822973,403372,97885,26978,70907,257748,17726,240022,47739,7107,40632,419601,93081,27835,65246,260958,31282,229676,65562,10530,55032,26,099,2009
"Marquette County, Michigan",65703,64240,31507,5895,1288,4607,21494,1804,19690,4118,300,3818,32733,6040,1188,4852,21789,2394,19395,4904,947,3957,26,103,2009
"Midland County, Michigan",82548,82088,40783,9826,2317,7509,25956,2350,23606,5001,403,4598,41305,9112,3252,5860,25601,3789,21812,6592,801,5791,26,111,2009
"Monroe County, Michigan",152721,151142,75546,18430,5037,13393,48798,3431,45367,8318,1138,7180,75596,17523,5015,12508,47973,6404,41569,10100,1043,9057,26,115,2009
"Muskegon County, Michigan",173951,169002,83262,22677,9110,13567,51293,6916,44377,9292,899,8393,85740,20020,9852,10168,52746,10309,42437,12974,2450,10524,26,121,2009
"Oakland County, Michigan",1205508,1198921,588493,143920,29274,114646,378345,21280,357065,66228,7106,59122,610428,136383,28335,108048,387163,29919,357244,86882,11763,75119,26,125,2009
"Ottawa County, Michigan",261957,260290,128846,34739,10173,24566,81116,3648,77468,12991,1030,11961,131444,32673,7469,25204,82535,6049,76486,16236,1848,14388,26,139,2009
"Saginaw County, Michigan",200050,195492,92792,23579,10353,13226,57214,8681,48533,11999,1327,10672,102700,23033,10639,12394,63125,13238,49887,16542,2596,13946,26,145,2009
"St. Clair County, Michigan",167562,162475,80383,20102,6698,13404,51657,5753,45904,8624,1351,7273,82092,19743,7452,12291,51619,7961,43658,10730,1638,9092,26,147,2009
"Shiawassee County, Michigan",70006,69973,34622,8756,3032,5724,21384,2476,18908,4482,502,3980,35351,7762,2792,4970,22101,3598,18503,5488,842,4646,26,155,2009
"Van Buren County, Michigan",78227,78037,38680,10428,3406,7022,23502,2575,20927,4750,518,4232,39357,9599,3281,6318,23685,3623,20062,6073,882,5191,26,159,2009
"Washtenaw County, Michigan",347563,342631,168798,36233,6558,29675,118421,7458,110963,14144,2099,12045,173833,35543,7238,28305,119789,9046,110743,18501,2098,16403,26,161,2009
"Wayne County, Michigan",1925848,1910232,917555,247376,117864,129512,578623,92185,486438,91556,15037,76519,992677,239131,117525,121606,617240,135600,481640,136306,25906,110400,26,163,2009
"Anoka County, Minnesota",331582,328101,163952,42963,7170,35793,107051,7265,99786,13938,1422,12516,164149,41505,8805,32700,106196,11956,94240,16448,2241,14207,27,003,2009
"Carver County, Minnesota",92107,92107,46357,13553,810,12743,29393,1022,28371,3411,417,2994,45750,12453,1042,11411,29120,1359,27761,4177,728,3449,27,019,2009
"Dakota County, Minnesota",396500,394809,195161,52228,7760,44468,127392,5034,122358,15541,1486,14055,199648,50247,6205,44042,130382,8527,121855,19019,2625,16394,27,037,2009
"Hennepin County, Minnesota",1156212,1144283,567508,132888,34915,97973,383429,34469,348960,51191,7507,43684,576775,128203,33634,94569,379997,41942,338055,68575,9386,59189,27,053,2009
"Olmsted County, Minnesota",143962,141970,69028,18340,2905,15435,43415,3197,40218,7273,611,6662,72942,17294,1726,15568,45824,3435,42389,9824,658,9166,27,109,2009
"Ramsey County, Minnesota",506278,500432,241473,59505,19593,39912,155641,15032,140609,26327,2894,23433,258959,56914,17287,39627,164692,23836,140856,37353,5180,32173,27,123,2009
"St. Louis County, Minnesota",197767,193293,94939,19702,5983,13719,62485,7089,55396,12752,1264,11488,98354,18444,5232,13212,63236,8916,54320,16674,2351,14323,27,137,2009
"Scott County, Minnesota",131939,131568,66473,19844,2240,17604,42087,956,41131,4542,521,4021,65095,18567,1553,17014,41475,2309,39166,5053,446,4607,27,139,2009
"Sherburne County, Minnesota",87832,85151,42821,12498,2013,10485,27834,2821,25013,2489,236,2253,42330,12765,2795,9970,27323,2560,24763,2242,504,1738,27,141,2009
"Stearns County, Minnesota",148955,147122,73817,17753,3612,14141,48021,3328,44693,8043,1131,6912,73305,16185,3457,12728,47025,5151,41874,10095,1350,8745,27,145,2009
"Washington County, Minnesota",231958,230326,114755,30874,2891,27983,73942,4297,69645,9939,773,9166,115571,30438,3835,26603,74060,4631,69429,11073,1178,9895,27,163,2009
"Wright County, Minnesota",121907,120753,61183,18376,2561,15815,37893,1812,36081,4914,456,4458,59570,17529,2215,15314,36621,2638,33983,5420,543,4877,27,171,2009
"DeSoto County, Mississippi",158719,157739,78130,23903,4575,19328,47176,2352,44824,7051,859,6192,79609,21423,4875,16548,49392,2721,46671,8794,1474,7320,28,033,2009
"Forrest County, Mississippi",81078,79014,37835,10082,4905,5177,24107,2095,22012,3646,569,3077,41179,9101,3804,5297,26828,4106,22722,5250,834,4416,28,035,2009
"Harrison County, Mississippi",181191,174972,83240,22972,9770,13202,50987,2740,48247,9281,1624,7657,91732,23193,7436,15757,56234,7154,49080,12305,2026,10279,28,047,2009
"Hinds County, Mississippi",247631,244102,116086,33102,18005,15097,73006,7423,65583,9978,1798,8180,128016,32581,15559,17022,80670,13854,66816,14765,3420,11345,28,049,2009
"Jackson County, Mississippi",132922,130121,64281,17785,5746,12039,39361,2122,37239,7135,790,6345,65840,16226,5824,10402,40664,4010,36654,8950,1616,7334,28,059,2009
"Jones County, Mississippi",67776,67143,33829,9554,4365,5189,19730,1258,18472,4545,486,4059,33314,8496,4443,4053,19662,2188,17474,5156,568,4588,28,067,2009
"Lauderdale County, Mississippi",79099,74062,34448,10491,5140,5351,20119,1553,18566,3838,1294,2544,39614,9810,4877,4933,23402,3636,19766,6402,2151,4251,28,075,2009
"Lee County, Mississippi",81913,81757,39362,11513,3858,7655,23716,1638,22078,4133,835,3298,42395,10861,4043,6818,25201,2921,22280,6333,1540,4793,28,081,2009
"Madison County, Mississippi",93097,90816,43058,13062,3179,9883,26530,1153,25377,3466,500,2966,47758,12114,3994,8120,30136,1986,28150,5508,1627,3881,28,089,2009
"Rankin County, Mississippi",143124,136937,67769,17989,6030,11959,43242,2567,40675,6538,771,5767,69168,17998,5981,12017,42178,3356,38822,8992,1832,7160,28,121,2009
"Boone County, Missouri",156377,154824,74269,17140,4854,12286,51068,3086,47982,6061,607,5454,80555,15956,4133,11823,56583,4735,51848,8016,1169,6847,29,019,2009
"Buchanan County, Missouri",89856,87877,42535,10722,4366,6356,26514,1760,24754,5299,866,4433,45342,10407,3834,6573,27245,4665,22580,7690,1167,6523,29,021,2009
"Cape Girardeau County, Missouri",73957,72608,35024,8309,3075,5234,22920,870,22050,3795,454,3341,37584,7955,2411,5544,24023,2822,21201,5606,1158,4448,29,031,2009
"Cass County, Missouri",100184,99494,49448,13674,3505,10169,30815,884,29931,4959,730,4229,50046,12731,2856,9875,30779,2205,28574,6536,1260,5276,29,037,2009
"Christian County, Missouri",77455,77409,37933,10500,2565,7935,23488,1246,22242,3945,202,3743,39476,9790,2154,7636,24407,2361,22046,5279,653,4626,29,043,2009
"Clay County, Missouri",228358,226727,111083,29651,5512,24139,70797,2486,68311,10635,802,9833,115644,27651,4628,23023,73605,4548,69057,14388,1327,13061,29,047,2009
"Cole County, Missouri",75018,71767,35236,8872,3067,5805,22761,1117,21644,3603,139,3464,36531,8680,2441,6239,22777,2104,20673,5074,310,4764,29,051,2009
"Franklin County, Missouri",101263,100465,49946,13154,4620,8534,31101,1157,29944,5691,613,5078,50519,12285,2421,9864,30956,2460,28496,7278,1211,6067,29,071,2009
"Greene County, Missouri",269630,264419,129260,29102,11398,17704,85079,5577,79502,15079,1155,13924,135159,27402,10178,17224,87790,10077,77713,19967,2077,17890,29,077,2009
"Jackson County, Missouri",705708,701375,339381,88308,29166,59142,216047,14471,201576,35026,5250,29776,361994,85692,28059,57633,226287,24200,202087,50015,7857,42158,29,095,2009
"Jasper County, Missouri",118179,116538,57246,15732,5903,9829,35228,4453,30775,6286,538,5748,59292,14793,6490,8303,35722,4266,31456,8777,1204,7573,29,097,2009
"Jefferson County, Missouri",219046,218251,108411,27212,3769,23443,70541,3344,67197,10658,1082,9576,109840,26798,4772,22026,70094,4466,65628,12948,1840,11108,29,099,2009
"Platte County, Missouri",90688,89974,44257,11144,1185,9959,28723,1163,27560,4390,304,4086,45717,10391,1135,9256,30205,2578,27627,5121,459,4662,29,165,2009
"St. Charles County, Missouri",355367,348912,171919,45836,4284,41552,109674,1598,108076,16409,893,15516,176993,44362,3491,40871,112204,3327,108877,20427,1482,18945,29,183,2009
"St. Louis County, Missouri",992408,979831,467385,118420,27127,91293,290659,12436,278223,58306,5038,53268,512446,115003,25516,89487,317404,20634,296770,80039,6078,73961,29,189,2009
"St. Louis city, Missouri",356587,348193,166329,40674,21343,19331,111661,12939,98722,13994,2889,11105,181864,38540,20947,17593,121933,21398,100535,21391,5131,16260,29,510,2009
"Cascade County, Montana",82178,77990,37342,9832,2405,7427,22141,1857,20284,5369,606,4763,40648,9078,1756,7322,24488,2072,22416,7082,1083,5999,30,013,2009
"Flathead County, Montana",89624,88956,44814,11681,2566,9115,27400,1233,26167,5733,329,5404,44142,9999,2870,7129,27804,1659,26145,6339,309,6030,30,029,2009
"Gallatin County, Montana",90343,89305,45875,9468,1578,7890,33190,379,32811,3217,60,3157,43430,9428,733,8695,30064,867,29197,3938,445,3493,30,031,2009
"Missoula County, Montana",108623,107958,53660,10882,2980,7902,37135,2367,34768,5643,423,5220,54298,10190,3252,6938,37776,2657,35119,6332,390,5942,30,063,2009
"Yellowstone County, Montana",144797,143099,69624,17605,5349,12256,44059,2031,42028,7960,727,7233,73475,17416,5129,12287,44697,3318,41379,11362,865,10497,30,111,2009
"Douglas County, Nebraska",510199,504311,248158,67758,21106,46652,157701,7861,149840,22699,2022,20677,256153,64737,19593,45144,160752,14839,145913,30664,3868,26796,31,055,2009
"Lancaster County, Nebraska",281531,278428,137781,32769,7900,24869,92701,3549,89152,12311,1871,10440,140647,31627,9052,22575,92627,6298,86329,16393,2195,14198,31,109,2009
"Sarpy County, Nebraska",153504,148426,73330,22407,2820,19587,44989,807,44182,5934,489,5445,75096,20517,2506,18011,47479,1593,45886,7100,510,6590,31,153,2009
"Clark County, Nevada",1902834,1880345,950386,256375,49341,207034,600512,21675,578837,93499,11450,82049,929959,243895,50020,193875,578725,35087,543638,107339,16186,91153,32,003,2009
"Washoe County, Nevada",414820,412235,208938,52666,10805,41861,132957,4905,128052,23315,1405,21910,203297,48727,9527,39200,127982,7165,120817,26588,2222,24366,32,031,2009
"Cheshire County, New Hampshire",77045,77045,37448,7895,2354,5541,24517,816,23701,5036,570,4466,39597,7717,1755,5962,25347,2142,23205,6533,1019,5514,33,005,2009
"Grafton County, New Hampshire",86291,85875,42654,8516,2317,6199,28158,1692,26466,5980,946,5034,43221,7495,2053,5442,28473,1666,26807,7253,844,6409,33,009,2009
"Hillsborough County, New Hampshire",405906,401110,199060,49454,12312,37142,130064,6326,123738,19542,2109,17433,202050,46210,11161,35049,130565,8901,121664,25275,3692,21583,33,011,2009
"Merrimack County, New Hampshire",149071,145357,71778,16873,3548,13325,46756,3101,43655,8149,728,7421,73579,14977,3120,11857,48125,4185,43940,10477,1252,9225,33,013,2009
"Rockingham County, New Hampshire",299276,296660,146414,34865,5911,28954,95076,3579,91497,16473,1952,14521,150246,33610,7057,26553,97118,4910,92208,19518,2247,17271,33,015,2009
"Strafford County, New Hampshire",123589,122391,59915,13120,3043,10077,40638,2040,38598,6157,524,5633,62476,12029,2363,9666,42593,2273,40320,7854,1280,6574,33,017,2009
"Atlantic County, New Jersey",271712,268990,130201,32505,9917,22588,82462,7124,75338,15234,1955,13279,138789,30825,10289,20536,86448,10541,75907,21516,3895,17621,34,001,2009
"Bergen County, New Jersey",895250,889828,435350,102048,13717,88331,278665,10444,268221,54637,6801,47836,454478,96115,12856,83259,282928,14131,268797,75435,9040,66395,34,003,2009
"Burlington County, New Jersey",446108,429970,209028,52248,8196,44052,131396,5660,125736,25384,2234,23150,220942,50104,7540,42564,137270,9243,128027,33568,3792,29776,34,005,2009
"Camden County, New Jersey",517879,508808,244959,64417,16871,47546,154002,11158,142844,26540,4077,22463,263849,61425,18261,43164,165943,20122,145821,36481,5662,30819,34,007,2009
"Cape May County, New Jersey",96092,91439,42224,9346,2579,6767,25059,3797,21262,7819,1384,6435,49215,9021,2664,6357,28487,3423,25064,11707,2020,9687,34,009,2009
"Cumberland County, New Jersey",157745,146997,71224,19810,7728,12082,43618,5629,37989,7796,1683,6113,75773,19241,7917,11324,45336,8670,36666,11196,2228,8968,34,011,2009
"Essex County, New Jersey",769644,754037,360055,98855,36080,62775,226941,19224,207717,34259,6541,27718,393982,94035,31642,62393,248346,35401,212945,51601,12200,39401,34,013,2009
"Gloucester County, New Jersey",289920,286651,139541,35276,6853,28423,90041,5268,84773,14224,1136,13088,147110,33632,5359,28273,94559,9697,84862,18919,2271,16648,34,015,2009
"Hudson County, New Jersey",597924,593367,293916,62918,25520,37398,206075,10696,195379,24923,5162,19761,299451,60170,24030,36140,201915,24776,177139,37366,10728,26638,34,017,2009
"Hunterdon County, New Jersey",130034,128856,64733,15851,1294,14557,41360,1350,40010,7522,469,7053,64123,14730,1202,13528,41160,1076,40084,8233,597,7636,34,019,2009
"Mercer County, New Jersey",366222,358571,175340,42927,11506,31421,114416,7963,106453,17997,2314,15683,183231,41058,9701,31357,116460,11216,105244,25713,3670,22043,34,021,2009
"Middlesex County, New Jersey",790738,782175,385036,94574,16463,78111,250588,10809,239779,39874,5943,33931,397139,89780,16156,73624,252283,16912,235371,55076,9685,45391,34,023,2009
"Monmouth County, New Jersey",644105,638273,313190,78792,12769,66023,198678,9589,189089,35720,3944,31776,325083,75060,11394,63666,202371,13594,188777,47652,7190,40462,34,025,2009
"Morris County, New Jersey",488518,483295,240106,59960,5677,54283,151776,4123,147653,28370,3326,25044,243189,56051,4835,51216,151416,4776,146640,35722,3889,31833,34,027,2009
"Ocean County, New Jersey",573678,567722,271491,67552,18945,48607,156324,11780,144544,47615,4123,43492,296231,64401,16515,47886,162007,17735,144272,69823,7143,62680,34,029,2009
"Passaic County, New Jersey",491778,486644,237517,63490,25318,38172,150499,14075,136424,23528,5198,18330,249127,60612,23522,37090,154143,21605,132538,34372,9017,25355,34,031,2009
"Salem County, New Jersey",66342,65674,30892,7414,2400,5014,19506,1694,17812,3972,378,3594,34782,8184,2497,5687,21271,3050,18221,5327,365,4962,34,033,2009
"Somerset County, New Jersey",326869,321778,158117,41186,5853,35333,100473,2889,97584,16458,1685,14773,163661,39585,6133,33452,102886,3955,98931,21190,3135,18055,34,035,2009
"Sussex County, New Jersey",151118,149688,74895,18033,2190,15843,49457,2768,46689,7405,390,7015,74793,17758,2204,15554,48350,3439,44911,8685,860,7825,34,037,2009
"Union County, New Jersey",526426,521270,254909,66596,17866,48730,162373,9810,152563,25940,3197,22743,266361,63182,15294,47888,166055,15062,150993,37124,6537,30587,34,039,2009
"Warren County, New Jersey",109638,108637,52898,13545,2466,11079,33441,1860,31581,5912,821,5091,55739,12107,2206,9901,35994,3122,32872,7638,1057,6581,34,041,2009
"Bernalillo County, New Mexico",642527,636449,311835,78695,31117,47578,199688,19660,180028,33452,4697,28755,324614,77451,29979,47472,203995,27089,176906,43168,7189,35979,35,001,2009
"Do?a Ana County, New Mexico",206419,200432,98294,28585,17613,10972,58437,6472,51965,11272,1849,9423,102138,27560,15980,11580,61144,10341,50803,13434,2763,10671,35,013,2009
"McKinley County, New Mexico",70513,69681,33939,11613,5461,6152,19542,3090,16452,2784,600,2184,35742,11111,6733,4378,20874,4942,15932,3757,1278,2479,35,031,2009
"Sandoval County, New Mexico",125988,125636,61485,16653,6735,9918,38643,3230,35413,6189,767,5422,64151,16109,5489,10620,40177,3815,36362,7865,1451,6414,35,043,2009
"San Juan County, New Mexico",124131,122797,60999,18274,6377,11897,37018,3126,33892,5707,834,4873,61798,17212,5839,11373,37765,5301,32464,6821,1516,5305,35,045,2009
"Santa Fe County, New Mexico",147532,145580,71747,15581,5909,9672,46490,3634,42856,9676,941,8735,73833,14861,6065,8796,47429,4143,43286,11543,1021,10522,35,049,2009
"Valencia County, New Mexico",72913,71477,35765,9801,5890,3911,21772,3181,18591,4192,480,3712,35712,9067,5390,3677,21675,3954,17721,4970,1291,3679,35,061,2009
"Albany County, New York",298284,292453,139779,31334,7320,24014,92221,6974,85247,16224,1220,15004,152674,28652,6383,22269,100784,11621,89163,23238,2961,20277,36,001,2009
"Bronx County, New York",1397287,1371395,639160,196561,121108,75453,390854,94264,296590,51745,16547,35198,732235,191546,116170,75376,453850,167963,285887,86839,31761,55078,36,005,2009
"Broome County, New York",194630,192850,93174,20006,6536,13470,60473,6735,53738,12695,1212,11483,99676,19362,6485,12877,62235,9138,53097,18079,2535,15544,36,007,2009
"Cattaraugus County, New York",79689,79235,39054,9151,2929,6222,24637,2595,22042,5266,830,4436,40181,8788,3024,5764,24418,4182,20236,6975,1224,5751,36,009,2009
"Cayuga County, New York",79526,74340,35693,7856,2462,5394,22911,1864,21047,4926,831,4095,38647,8344,3693,4651,24102,3999,20103,6201,682,5519,36,011,2009
"Chautauqua County, New York",133503,131809,64570,14825,6269,8556,40750,5828,34922,8995,1380,7615,67239,13992,5341,8651,41454,8670,32784,11793,2035,9758,36,013,2009
"Chemung County, New York",88331,82703,38777,9474,3362,6112,23702,2518,21184,5601,655,4946,43926,9382,3688,5694,26461,4709,21752,8083,1013,7070,36,015,2009
"Clinton County, New York",81618,77768,37774,7986,2399,5587,25240,3289,21951,4548,524,4024,39994,7318,2106,5212,26783,4110,22673,5893,898,4995,36,019,2009
"Dutchess County, New York",293562,286059,141771,33640,7370,26270,92080,4781,87299,16051,1439,14612,144288,32487,7769,24718,91855,8196,83659,19946,1812,18134,36,027,2009
"Erie County, New York",909247,897878,431323,99062,31082,67980,275678,35141,240537,56583,6146,50437,466555,95925,28900,67025,287615,48679,238936,83015,12129,70886,36,029,2009
"Jefferson County, New York",118719,110298,52295,14330,4888,9442,32197,4736,27461,5768,832,4936,58003,14482,4849,9633,35596,6861,28735,7925,1479,6446,36,045,2009
"Kings County, New York",2567098,2555465,1208382,322764,167693,155071,771312,156079,615233,114306,40996,73310,1347083,311008,161699,149309,856230,231733,624497,179845,68809,111036,36,047,2009
"Madison County, New York",69954,69607,34154,7872,1818,6054,22020,2080,19940,4262,203,4059,35453,7009,1981,5028,23172,2933,20239,5272,320,4952,36,053,2009
"Monroe County, New York",733703,726890,353869,84553,24174,60379,228275,26164,202111,41041,4711,36330,373021,79385,25013,54372,237006,34975,202031,56630,7510,49120,36,055,2009
"Nassau County, New York",1357429,1344301,656849,160769,24272,136497,411580,21427,390153,84500,7351,77149,687452,152889,25158,127731,421743,30166,391577,112820,12815,100005,36,059,2009
"New York County, New York",1629054,1617568,769632,132126,45673,86453,555054,66362,488692,82452,19183,63269,847936,127843,42940,84903,600679,90375,510304,119414,32312,87102,36,061,2009
"Niagara County, New York",214557,212873,103213,23431,7415,16016,66051,8838,57213,13731,2363,11368,109660,22799,7785,15014,68529,13732,54797,18332,3498,14834,36,063,2009
"Oneida County, New York",231044,221001,108115,25204,8536,16668,68091,9110,58981,14820,1646,13174,112886,23862,8092,15770,69315,12036,57279,19709,2445,17264,36,065,2009
"Baldwin County, Alabama",183195,180735,88086,21481,5804,15677,52937,2936,50001,13668,1131,12537,92649,20658,6061,14597,56042,4154,51888,15949,2043,13906,01,003,2010
"Calhoun County, Alabama",118510,117641,55812,13249,6998,6251,35829,4849,30980,6734,766,5968,61829,13712,7422,6290,38219,6838,31381,9898,1466,8432,01,015,2010
"Cullman County, Alabama",80459,79992,39686,10329,4525,5804,23891,2088,21803,5466,354,5112,40306,8878,3380,5498,24269,3157,21112,7159,1639,5520,01,043,2010
"DeKalb County, Alabama",71151,70764,35530,10184,5725,4459,21228,2039,19189,4118,745,3373,35234,8360,3724,4636,21479,1372,20107,5395,938,4457,01,049,2010
"Elmore County, Alabama",79549,71895,34170,9669,2710,6959,20616,704,19912,3885,87,3798,37725,8668,2218,6450,24107,1057,23050,4950,745,4205,01,051,2010
"Etowah County, Alabama",104462,103672,51045,12711,5710,7001,31440,2572,28868,6894,791,6103,52627,11098,5016,6082,32125,5353,26772,9404,1733,7671,01,055,2010
"Houston County, Alabama",101888,99301,47103,12198,6176,6022,28856,1841,27015,6049,757,5292,52198,12153,5395,6758,32059,3312,28747,7986,1462,6524,01,069,2010
"Jefferson County, Alabama",658555,649986,305736,76943,31773,45170,195108,16189,178919,33685,4798,28887,344250,76570,29114,47456,217648,26960,190688,50032,8141,41891,01,073,2010
"Lauderdale County, Alabama",92679,92234,43692,9848,3559,6289,27496,1809,25687,6348,775,5573,48542,10336,3599,6737,29369,2437,26932,8837,1462,7375,01,077,2010
"Lee County, Alabama",140780,139206,67834,16064,4816,11248,46235,1610,44625,5535,413,5122,71372,15589,6038,9551,48667,3461,45206,7116,980,6136,01,081,2010
"Limestone County, Alabama",83193,79487,39113,10569,1926,8643,24245,1353,22892,4299,773,3526,40374,9468,2017,7451,25553,1651,23902,5353,914,4439,01,083,2010
"Madison County, Alabama",335988,331941,162357,41264,12303,28961,103799,5410,98389,17294,1336,15958,169584,38416,10382,28034,108301,6997,101304,22867,2331,20536,01,089,2010
"Marshall County, Alabama",93235,92132,44838,12054,5759,6295,26926,1042,25884,5858,1026,4832,47294,11901,4232,7669,27892,2969,24923,7501,2024,5477,01,095,2010
"Mobile County, Alabama",413277,410042,196188,53000,23028,29972,121486,9722,111764,21702,3011,18691,213854,50232,21362,28870,132743,15241,117502,30879,4946,25933,01,097,2010
"Montgomery County, Alabama",229844,223269,104059,27277,11656,15621,65835,7121,58714,10947,1769,9178,119210,28048,14411,13637,75097,10701,64396,16065,2934,13131,01,101,2010
"Morgan County, Alabama",119626,117463,57569,14959,5366,9593,35516,2233,33283,7094,551,6543,59894,13546,4905,8641,37295,3920,33375,9053,1171,7882,01,103,2010
"St. Clair County, Alabama",83761,82082,39197,10064,2903,7161,24604,1473,23131,4529,747,3782,42885,9789,3864,5925,27012,3519,23493,6084,1162,4922,01,115,2010
"Shelby County, Alabama",195828,195514,95446,25470,5646,19824,60610,2785,57825,9366,311,9055,100068,24650,5229,19421,64298,4091,60207,11120,1159,9961,01,117,2010
"Talladega County, Alabama",82110,78799,36701,9126,5345,3781,22759,2634,20125,4816,519,4297,42098,9940,5294,4646,25783,4281,21502,6375,1897,4478,01,121,2010
"Tuscaloosa County, Alabama",195036,193346,92912,21664,6958,14706,62468,4779,57689,8780,1285,7495,100434,20874,7620,13254,67511,6835,60676,12049,2109,9940,01,125,2010
"Walker County, Alabama",66947,66289,32121,7525,4968,2557,19811,2993,16818,4785,755,4030,34168,7529,4185,3344,20519,2865,17654,6120,1693,4427,01,127,2010
"Anchorage Municipality, Alaska",293227,279745,137176,38471,11118,27353,90036,5527,84509,8669,1469,7200,142569,37230,10675,26555,94148,7883,86265,11191,2490,8701,02,020,2010
"Fairbanks North Star Borough, Alaska",98314,92908,46735,13350,3570,9780,30374,1448,28926,3011,130,2881,46173,11972,3082,8890,31376,2951,28425,2825,476,2349,02,090,2010
"Matanuska-Susitna Borough, Alaska",89737,88025,45336,14029,4172,9857,27831,2105,25726,3476,340,3136,42689,11990,2578,9412,27248,3295,23953,3451,1003,2448,02,170,2010
"Apache County, Arizona",71676,71300,35279,11312,6403,4909,19844,7855,11989,4123,1366,2757,36021,11305,6064,5241,20126,8193,11933,4590,2066,2524,04,001,2010
"Cochise County, Arizona",131789,124821,59820,15184,4964,10220,34025,5904,28121,10611,790,9821,65001,15214,5177,10037,38415,7059,31356,11372,1310,10062,04,003,2010
"Coconino County, Arizona",134651,131185,64203,16346,6171,10175,42371,6317,36054,5486,1026,4460,66982,15160,7396,7764,45333,8614,36719,6489,1673,4816,04,005,2010
"Maricopa County, Arizona",3827371,3794714,1873515,515139,170629,344510,1154103,129185,1024918,204273,20842,183431,1921199,492300,164368,327932,1175483,170782,1004701,253416,32391,221025,04,013,2010
"Mohave County, Arizona",200181,198223,99601,21353,12682,8671,55291,10017,45274,22957,2158,20799,98622,19696,9646,10050,55338,11657,43681,23588,3524,20064,04,015,2010
"Navajo County, Arizona",107551,105345,51361,16113,8817,7296,28588,7814,20774,6660,999,5661,53984,16053,8279,7774,30619,10137,20482,7312,1639,5673,04,017,2010
"Pima County, Arizona",982154,968500,472233,116060,47024,69036,288436,43112,245324,67737,6875,60862,496267,109171,45697,63474,303879,54771,249108,83217,12514,70703,04,019,2010
"Pinal County, Arizona",383842,355685,174690,52758,16028,36730,96389,16963,79426,25543,2733,22810,180995,48757,14383,34374,104898,22607,82291,27340,3242,24098,04,021,2010
"Yavapai County, Arizona",211061,206533,99950,20581,7932,12649,55393,9616,45777,23976,1648,22328,106583,19706,7465,12241,60706,13627,47079,26171,2470,23701,04,025,2010
"Yuma County, Arizona",196509,190933,93311,27911,12668,15243,50715,8496,42219,14685,1622,13063,97622,27353,12884,14469,54584,12739,41845,15685,2759,12926,04,027,2010
"Benton County, Arkansas",222894,221928,108142,30981,9889,21092,64998,2416,62582,12163,1028,11135,113786,31209,12245,18964,68116,3924,64192,14461,1960,12501,05,007,2010
"Craighead County, Arkansas",96771,96067,47385,12716,7010,5706,29835,2312,27523,4834,644,4190,48682,11253,4973,6280,31248,2754,28494,6181,747,5434,05,031,2010
"Faulkner County, Arkansas",113980,112674,55817,15278,5502,9776,35604,2740,32864,4935,658,4277,56857,12870,4526,8344,37717,3532,34185,6270,1470,4800,05,045,2010
"Garland County, Arkansas",96145,95035,46307,10994,6440,4554,26516,2178,24338,8797,933,7864,48728,9398,5278,4120,28835,3287,25548,10495,1057,9438,05,051,2010
"Jefferson County, Arkansas",77358,72251,35755,8863,4904,3959,22727,2329,20398,4165,604,3561,36496,9075,5968,3107,21474,4817,16657,5947,1472,4475,05,069,2010
"Lonoke County, Arkansas",68634,66803,32784,9230,2262,6968,20144,1290,18854,3410,220,3190,34019,9107,3626,5481,20703,1959,18744,4209,696,3513,05,085,2010
"Pulaski County, Arkansas",383632,375134,176868,46605,22706,23899,111880,7432,104448,18383,1780,16603,198266,45075,22437,22638,126866,12044,114822,26325,3290,23035,05,119,2010
"Saline County, Arkansas",107532,103621,51559,13503,5405,8098,30964,2652,28312,7092,581,6511,52062,11563,4223,7340,32392,2012,30380,8107,1594,6513,05,125,2010
"Sebastian County, Arkansas",125920,125172,60706,15895,8808,7087,38222,2995,35227,6589,813,5776,64466,15845,9509,6336,39592,4344,35248,9029,1301,7728,05,131,2010
"Washington County, Arkansas",204123,200451,99775,25768,11678,14090,65816,2459,63357,8191,651,7540,100676,25903,10534,15369,65263,5315,59948,9510,872,8638,05,143,2010
"White County, Arkansas",77350,76933,36679,8966,4174,4792,23084,2713,20371,4629,586,4043,40254,9510,3642,5868,24371,2965,21406,6373,1368,5005,05,145,2010
"Alameda County, California",1513952,1500535,733647,174245,49996,124249,488006,41861,446145,71396,11714,59682,766888,166145,49707,116438,506504,63872,442632,94239,20827,73412,06,001,2010
"Butte County, California",220072,217519,108790,23608,11727,11881,70834,10288,60546,14348,2054,12294,108729,21852,10848,11004,68882,14421,54461,17995,2845,15150,06,007,2010
"Contra Costa County, California",1052827,1045514,508550,134087,34056,100031,318778,23383,295395,55685,5795,49890,536964,127116,29127,97989,336953,36102,300851,72895,12261,60634,06,013,2010
"El Dorado County, California",181194,179212,89322,21488,4701,16787,55533,6576,48957,12301,949,11352,89890,19469,6390,13079,56360,7351,49009,14061,1139,12922,06,017,2010
"Fresno County, California",933248,922483,457705,141258,78224,63034,276302,46597,229705,40145,8561,31584,464778,136555,71288,65267,277271,63112,214159,50952,13217,37735,06,019,2010
"Humboldt County, California",134794,133987,66972,14185,7147,7038,45278,7644,37634,7509,659,6850,67015,13180,6019,7161,44150,7904,36246,9685,1361,8324,06,023,2010
"Imperial County, California",175234,164972,80385,26307,13289,13018,46059,7440,38619,8019,3434,4585,84587,24603,11828,12775,50150,13602,36548,9834,5205,4629,06,025,2010
"Kern County, California",842207,812232,406788,130624,64051,66573,242713,31199,211514,33451,6246,27205,405444,124000,58279,65721,240952,50904,190048,40492,9053,31439,06,029,2010
"Kings County, California",153174,135270,68504,21801,6352,15449,42039,4145,37894,4664,779,3885,66766,20757,6474,14283,40127,6123,34004,5882,995,4887,06,031,2010
"Lake County, California",64771,64771,31329,6210,2860,3350,19952,5956,13996,5167,108,5059,33442,7100,3468,3632,20228,5163,15065,6114,1983,4131,06,033,2010
"Los Angeles County, California",9830420,9755188,4799520,1225358,538065,687293,3128711,280024,2848687,445451,106826,338625,4955668,1173355,514229,659126,3186609,442990,2743619,595704,183490,412214,06,037,2010
"Madera County, California",151408,143377,71423,20875,11361,9514,42738,8102,34636,7810,906,6904,71954,21131,12306,8825,41113,10998,30115,9710,1839,7871,06,039,2010
"Marin County, California",252916,245483,116830,26254,4435,21819,72330,4585,67745,18246,1140,17106,128653,26064,4003,22061,78223,4765,73458,24366,2457,21909,06,041,2010
"Mendocino County, California",87828,86797,43283,10642,6065,4577,26647,5901,20746,5994,1181,4813,43514,9160,5345,3815,26862,6949,19913,7492,1548,5944,06,045,2010
"Merced County, California",256778,254138,128295,42040,21535,20505,75049,13111,61938,11206,3624,7582,125843,39032,20925,18107,74455,17544,56911,12356,4405,7951,06,047,2010
"Monterey County, California",416682,398350,198417,57528,26976,30552,122040,9350,112690,18849,2767,16082,199933,53761,24506,29255,121615,14810,106805,24557,4281,20276,06,053,2010
"Napa County, California",136858,134075,67190,16522,3663,12859,41502,4556,36946,9166,1308,7858,66885,15153,2718,12435,40465,4677,35788,11267,2269,8998,06,055,2010
"Nevada County, California",98794,97774,49189,10231,3243,6988,30482,2644,27838,8476,779,7697,48585,9025,3183,5842,30257,3323,26934,9303,1262,8041,06,057,2010
"Orange County, California",3018963,2999816,1479475,372351,110082,262269,955746,52623,903123,151378,22571,128807,1520341,360861,106517,254344,963980,77220,886760,195500,34218,161282,06,059,2010
"Placer County, California",350048,349214,169913,42986,8017,34969,103204,6552,96652,23723,1736,21987,179301,42483,7963,34520,106933,8377,98556,29885,3485,26400,06,061,2010
"Riverside County, California",2203332,2180857,1077833,318220,121470,196750,643579,54256,589323,116034,17010,99024,1103024,305076,116660,188416,656278,84266,572012,141670,25119,116551,06,065,2010
"Sacramento County, California",1421959,1399468,678052,186219,75350,110869,425599,56801,368798,66234,11623,54611,721416,176667,73795,102872,455056,78444,376612,89693,17192,72501,06,067,2010
"San Bernardino County, California",2042441,2007397,986574,304235,126005,178230,602930,62954,539976,79409,12695,66714,1020823,291466,121128,170338,628969,97170,531799,100388,22016,78372,06,071,2010
"San Diego County, California",3105989,3002860,1474236,371202,105728,265474,951823,62508,889315,151211,22718,128493,1528624,353729,108866,244863,981228,93838,887390,193667,34211,159456,06,073,2010
"San Francisco County, California",805463,801770,406155,53894,16547,37347,304847,31009,273838,47414,12302,35112,395615,52882,18123,34759,281422,36663,244759,61311,18723,42588,06,075,2010
"San Joaquin County, California",687744,674153,332235,103175,46062,57113,199118,25931,173187,29942,6005,23937,341918,97915,43300,54615,205510,38781,166729,38493,8278,30215,06,077,2010
"San Luis Obispo County, California",270113,259848,129172,26621,8786,17835,84827,6031,78796,17724,1607,16117,130676,24188,7892,16296,84464,9484,74980,22024,1625,20399,06,079,2010
"San Mateo County, California",720162,716077,351994,81951,17709,64242,229639,14222,215417,40404,5244,35160,364083,77564,16417,61147,232230,18044,214186,54289,9710,44579,06,081,2010
"Santa Barbara County, California",424712,417984,207748,50306,21443,28863,133652,8621,125031,23790,3164,20626,210236,47819,18976,28843,131838,14924,116914,30579,4254,26325,06,083,2010
"Santa Clara County, California",1787694,1780484,892053,220130,57314,162816,586362,43476,542886,85561,16869,68692,888431,210186,58139,152047,568571,59448,509123,109674,27841,81833,06,085,2010
"Santa Cruz County, California",263054,258239,127308,28417,10541,17876,86335,7195,79140,12556,1353,11203,130931,27102,10571,16531,88027,9764,78263,15802,2124,13678,06,087,2010
"Shasta County, California",177291,176780,86471,20306,8394,11912,52988,10113,42875,13177,1063,12114,90309,19219,8083,11136,54454,13500,40954,16636,2999,13637,06,089,2010
"Solano County, California",414305,398546,192593,51663,15496,36167,121450,12756,108694,19480,2010,17470,205953,49348,19843,29505,129686,18498,111188,26919,5326,21593,06,095,2010
"Sonoma County, California",485120,481720,235409,53799,18027,35772,152688,15873,136815,28922,3141,25781,246311,52466,18076,34390,155602,17292,138310,38243,5147,33096,06,097,2010
"Stanislaus County, California",515358,511866,252921,75888,38043,37845,153965,22341,131624,23068,3698,19370,258945,71163,32322,38841,158028,32729,125299,29754,7448,22306,06,099,2010
"Sutter County, California",94806,92664,44942,12722,6261,6461,26695,4934,21761,5525,756,4769,47722,13262,6160,7102,27900,5403,22497,6560,1790,4770,06,101,2010
"Tulare County, California",443688,440539,220927,73986,41374,32612,129051,19351,109700,17890,4651,13239,219612,70402,37508,32894,127450,28824,98626,21760,6996,14764,06,107,2010
"Ventura County, California",825706,816034,403824,108523,32965,75558,253536,16774,236762,41765,4891,36874,412210,102769,30199,72570,256197,24515,231682,53244,8313,44931,06,111,2010
"Yolo County, California",201190,199916,97210,23385,7369,16016,65286,3642,61644,8539,1392,7147,102706,22260,7983,14277,69730,5790,63940,10716,1611,9105,06,113,2010
"Yuba County, California",72388,68357,33592,9689,5502,4187,20576,4056,16520,3327,510,2817,34765,9777,5720,4057,21134,6537,14597,3854,748,3106,06,115,2010
"Adams County, Colorado",443715,439906,220010,64119,20568,43551,140661,8229,132432,15230,2051,13179,219896,62319,21157,41162,137107,12251,124856,20470,3254,17216,08,001,2010
"Arapahoe County, Colorado",575022,569025,278485,75550,21638,53912,178739,7236,171503,24196,2881,21315,290540,71635,19841,51794,186649,14787,171862,32256,4794,27462,08,005,2010
"Boulder County, Colorado",295166,292737,146187,31818,7091,24727,101745,3066,98679,12624,705,11919,146550,30734,5826,24908,100008,6799,93209,15808,1656,14152,08,013,2010
"Denver County, Colorado",604414,597294,297614,65276,29090,36186,206548,19770,186778,25790,5049,20741,299680,63802,27838,35964,200439,27145,173294,35439,7620,27819,08,031,2010
"Douglas County, Colorado",287003,286847,141919,44295,2825,41470,88054,1489,86565,9570,866,8704,144928,42834,2939,39895,91167,2178,88989,10927,1108,9819,08,035,2010
"El Paso County, Colorado",626928,597805,288980,84028,20029,63999,178139,13195,164944,26813,2149,24664,308825,78913,16463,62450,195340,18563,176777,34572,3820,30752,08,041,2010
"Jefferson County, Colorado",535533,530430,262376,60458,12233,48225,172763,8142,164621,29155,2065,27090,268054,57602,11254,46348,173836,10986,162850,36616,3405,33211,08,059,2010
"Larimer County, Colorado",300637,298282,148369,33465,8558,24907,99381,4947,94434,15523,1318,14205,149913,30493,5920,24573,99804,8117,91687,19616,2302,17314,08,069,2010
"Mesa County, Colorado",146313,143713,70938,17699,6063,11636,43880,3396,40484,9359,617,8742,72775,16706,4681,12025,44294,4398,39896,11775,1410,10365,08,077,2010
"Pueblo County, Colorado",159477,157187,76725,19884,7888,11996,46471,6159,40312,10370,985,9385,80462,19130,8640,10490,48450,9320,39130,12882,2573,10309,08,101,2010
"Weld County, Colorado",254270,250824,124628,36247,10972,25275,77474,5666,71808,10907,1411,9496,126196,34497,10255,24242,79026,7168,71858,12673,2509,10164,08,123,2010
"Fairfield County, Connecticut",918714,908953,442506,116426,24830,91596,275538,18585,256953,50542,5135,45407,466447,110690,24991,85699,287704,29599,258105,68053,8646,59407,09,001,2010
"Hartford County, Connecticut",894478,879047,421354,103690,34685,69005,265489,24295,241194,52175,5557,46618,457693,100097,36452,63645,285223,42110,243113,72373,12159,60214,09,003,2010
"Litchfield County, Connecticut",189840,188356,91894,20644,4968,15676,58453,3932,54521,12797,845,11952,96462,20090,4525,15565,60030,6437,53593,16342,1836,14506,09,005,2010
"Middlesex County, Connecticut",165697,162877,79607,18041,4332,13709,50759,3794,46965,10807,966,9841,83270,17000,3365,13635,52674,4886,47788,13596,1418,12178,09,007,2010
"New Haven County, Connecticut",862989,851180,409294,97760,34754,63006,261976,26765,235211,49558,3760,45798,441886,94181,32416,61765,280266,43122,237144,67439,8073,59366,09,009,2010
"New London County, Connecticut",274055,263238,129365,30842,8168,22674,81650,6699,74951,16873,2301,14572,133873,28337,6878,21459,83473,9710,73763,22063,3286,18777,09,011,2010
"Tolland County, Connecticut",152781,149005,73043,15693,3051,12642,49295,2687,46608,8055,799,7256,75962,15090,3389,11701,51567,5150,46417,9305,707,8598,09,013,2010
"Windham County, Connecticut",118519,117257,57054,13049,4503,8546,37490,4002,33488,6515,1089,5426,60203,13380,3929,9451,38491,6269,32222,8332,1555,6777,09,015,2010
"Kent County, Delaware",162912,158935,76053,20832,6782,14050,46132,7277,38855,9089,898,8191,82882,19776,7011,12765,51714,9037,42677,11392,1747,9645,10,001,2010
"New Castle County, Delaware",538986,530648,255203,63770,19549,44221,163548,15818,147730,27885,2666,25219,275445,60971,17698,43273,177553,25077,152476,36921,4974,31947,10,003,2010
"Sussex County, Delaware",197871,195649,94949,20881,11799,9082,55570,8422,47148,18498,1854,16644,100700,19816,9693,10123,59252,12774,46478,21632,1611,20021,10,005,2010
"District of Columbia, District of Columbia",604453,594282,278370,51219,26459,24760,200415,32325,168090,26736,4980,21756,315912,49771,26911,22860,225760,51140,174620,40381,9284,31097,11,001,2010
"Alachua County, Florida",247497,244364,116685,22482,6373,16109,83278,7958,75320,10925,769,10156,127679,21948,8055,13893,90070,7232,82838,15661,1808,13853,12,001,2010
"Bay County, Florida",169272,163748,80188,19211,5900,13311,49970,3267,46703,11007,976,10031,83560,17555,5472,12083,52774,5900,46874,13231,1345,11886,12,005,2010
"Brevard County, Florida",543573,534671,261018,54119,16363,37756,157625,12466,145159,49274,4306,44968,273653,52516,15898,36618,162355,16428,145927,58782,7016,51766,12,009,2010
"Broward County, Florida",1753578,1742129,842034,199235,63238,135997,537711,29071,508640,105088,13278,91810,900095,191706,61839,129867,566449,43715,522734,141940,23374,118566,12,011,2010
"Charlotte County, Florida",159990,157694,75741,11824,4293,7531,38250,3027,35223,25667,1679,23988,81953,11145,4038,7107,42724,4266,38458,28084,2619,25465,12,015,2010
"Citrus County, Florida",141129,140666,68307,11746,6596,5150,35169,5131,30038,21392,2072,19320,72359,10810,5107,5703,38540,6930,31610,23009,2851,20158,12,017,2010
"Clay County, Florida",191395,187855,90500,24897,5827,19070,55945,4263,51682,9658,896,8762,97355,25153,8396,16757,60326,5354,54972,11876,1476,10400,12,019,2010
"Collier County, Florida",322472,321856,159577,32999,10582,22417,85707,3859,81848,40871,3076,37795,162279,29726,10602,19124,88228,6183,82045,44325,3654,40671,12,021,2010
"Columbia County, Florida",67597,64283,31454,7568,4899,2669,19517,2989,16528,4369,649,3720,32829,7562,4483,3079,19589,4010,15579,5678,794,4884,12,023,2010
"Duval County, Florida",865876,847334,406181,103185,37070,66115,263496,22261,241235,39500,3809,35691,441153,100278,33483,66795,286407,35737,250670,54468,7428,47040,12,031,2010
"Escambia County, Florida",298043,277974,132143,32700,13453,19247,80972,7979,72993,18471,1983,16488,145831,31323,11803,19520,90869,11496,79373,23639,4451,19188,12,033,2010
"Flagler County, Florida",95928,95746,44333,8229,2641,5588,24852,2469,22383,11252,732,10520,51413,10807,3940,6867,27951,3500,24451,12655,1804,10851,12,035,2010
"Hernando County, Florida",173008,170463,82521,17957,6653,11304,43875,5109,38766,20689,1036,19653,87942,15670,6815,8855,48417,6784,41633,23855,2384,21471,12,053,2010
"Highlands County, Florida",98700,97521,47153,8791,5188,3603,23371,2806,20565,14991,1146,13845,50368,9156,5644,3512,24927,4134,20793,16285,1978,14307,12,055,2010
"Hillsborough County, Florida",1233846,1221924,594786,151092,57037,94055,381778,30104,351674,61916,7678,54238,627138,143575,56165,87410,403391,46409,356982,80172,12981,67191,12,057,2010
"Indian River County, Florida",138268,137368,67033,13863,4661,9202,35780,2456,33324,17390,1257,16133,70335,12047,4442,7605,38117,3601,34516,20171,2863,17308,12,061,2010
"Lake County, Florida",297950,295199,144056,32926,13807,19119,78137,6735,71402,32993,3071,29922,151143,28950,11255,17695,83906,8167,75739,38287,2703,35584,12,069,2010
"Lee County, Florida",620151,617327,303831,62478,27057,35421,172461,11117,161344,68892,6280,62612,313496,58587,23332,35255,180009,16498,163511,74900,9322,65578,12,071,2010
"Leon County, Florida",276058,273051,129464,27329,9015,18314,91504,4301,87203,10631,1521,9110,143587,26361,8301,18060,102029,6688,95341,15197,1747,13450,12,073,2010
"Manatee County, Florida",323435,320982,155452,33813,15269,18544,87409,6603,80806,34230,3345,30885,165530,32341,12209,20132,92858,8347,84511,40331,2642,37689,12,081,2010
"Marion County, Florida",331290,325510,156087,32911,13492,19419,83525,8906,74619,39651,3478,36173,169423,30671,13437,17234,93429,12216,81213,45323,5851,39472,12,083,2010
"Martin County, Florida",146393,144292,70974,13380,4201,9179,39051,3808,35243,18543,1133,17410,73318,12608,3648,8960,39112,3264,35848,21598,1730,19868,12,085,2010
"Miami-Dade County, Florida",2505379,2461836,1175113,278914,112425,166489,750680,50659,700021,145519,43958,101561,1286723,266933,111210,155723,815634,78492,737142,204156,82542,121614,12,086,2010
"Monroe County, Florida",73269,72241,38686,6283,1967,4316,25957,1087,24870,6446,438,6008,33555,4732,667,4065,22882,1069,21813,5941,588,5353,12,087,2010
"Nassau County, Florida",73473,72391,35559,8421,2587,5834,21730,836,20894,5408,254,5154,36832,7492,1948,5544,23199,2081,21118,6141,570,5571,12,089,2010
"Okaloosa County, Florida",180728,171148,82905,21538,5329,16209,50508,3151,47357,10859,606,10253,88243,18681,5201,13480,56608,5309,51299,12954,1427,11527,12,091,2010
"Orange County, Florida",1149500,1133889,556446,136773,48175,88598,373565,20569,352996,46108,6178,39930,577443,131564,41751,89813,387000,30449,356551,58879,9758,49121,12,095,2010
"Osceola County, Florida",269837,267468,130254,36146,16383,19763,80480,6669,73811,13628,1351,12277,137214,34703,11240,23463,85695,9971,75724,16816,2834,13982,12,097,2010
"Palm Beach County, Florida",1323394,1313903,634863,136800,41765,95035,374769,21672,353097,123294,8482,114812,679040,131874,40717,91157,389192,27714,361478,157974,13775,144199,12,099,2010
"Pasco County, Florida",465543,463246,223235,48206,16961,31245,131727,12198,119529,43302,4110,39192,240011,50023,18380,31643,139196,16433,122763,50792,5178,45614,12,101,2010
"Pinellas County, Florida",916719,904743,433290,82600,29216,53384,268812,20677,248135,81878,7752,74126,471453,79923,27969,51954,284354,25094,259260,107176,14275,92901,12,103,2010
"Polk County, Florida",602788,591529,287912,72829,33087,39742,166116,15901,150215,48967,4013,44954,303617,68615,26875,41740,178188,23733,154455,56814,7180,49634,12,105,2010
"Putnam County, Florida",74262,73426,36221,8345,4689,3656,21548,3723,17825,6328,317,6011,37205,8372,4973,3399,21760,4695,17065,7073,803,6270,12,107,2010
"St. Johns County, Florida",191323,189957,93044,22911,4347,18564,56597,2556,54041,13536,761,12775,96913,21119,4036,17083,59978,3772,56206,15816,1197,14619,12,109,2010
"St. Lucie County, Florida",278689,276761,135860,32286,13064,19222,78202,6232,71970,25372,2288,23084,140901,29254,12569,16685,81925,8089,73836,29722,3061,26661,12,111,2010
"Santa Rosa County, Florida",151966,147322,73126,17975,5046,12929,46045,3575,42470,9106,1015,8091,74196,17084,3978,13106,46780,3956,42824,10332,1470,8862,12,113,2010
"Cumberland County, Maine",281457,277913,133859,30132,8879,21253,87721,9239,78482,16006,1824,14182,144054,28252,8465,19787,93563,11516,82047,22239,4319,17920,23,005,2010
"Kennebec County, Maine",122143,121325,59006,12907,5145,7762,37974,6101,31873,8125,1245,6880,62319,12118,6449,5669,39859,8900,30959,10342,2396,7946,23,011,2010
"Penobscot County, Maine",153849,152719,75524,15479,6832,8647,50491,8843,41648,9554,1723,7831,77195,14760,6781,7979,50529,10942,39587,11906,3250,8656,23,019,2010
"York County, Maine",197216,194655,94168,22150,7186,14964,59116,6322,52794,12902,1665,11237,100487,20052,6892,13160,63783,10666,53117,16652,3603,13049,23,031,2010
"Allegany County, Maryland",75021,68033,32891,6818,2890,3928,20676,2934,17742,5397,866,4531,35142,6161,2928,3233,21243,4394,16849,7738,1232,6506,24,001,2010
"Anne Arundel County, Maryland",539198,518332,251391,64590,14058,50532,159324,7490,151834,27477,2004,25473,266941,60567,11881,48686,171466,13155,158311,34908,3981,30927,24,003,2010
"Baltimore County, Maryland",805709,794633,375423,89262,23605,65657,239442,14376,225066,46719,4743,41976,419210,85877,23209,62668,266031,24797,241234,67302,8845,58457,24,005,2010
"Calvert County, Maryland",88936,87339,42423,11780,2704,9076,26122,1196,24926,4521,304,4217,44916,11457,2688,8769,28502,2164,26338,4957,252,4705,24,009,2010
"Carroll County, Maryland",167241,166121,81655,20907,2662,18245,51641,1716,49925,9107,1014,8093,84466,20281,3984,16297,51896,3264,48632,12289,1029,11260,24,013,2010
"Cecil County, Maryland",101199,100980,50008,13179,3297,9882,31331,3367,27964,5498,437,5061,50972,12325,4974,7351,32287,4656,27631,6360,1361,4999,24,015,2010
"Charles County, Maryland",147086,144226,68878,20079,4381,15698,43101,1767,41334,5698,404,5294,75348,18748,3240,15508,48932,3166,45766,7668,1151,6517,24,017,2010
"Frederick County, Maryland",234122,231845,113237,30205,3874,26331,72183,3977,68206,10849,347,10502,118608,28942,4148,24794,75829,4878,70951,13837,1377,12460,24,021,2010
"Harford County, Maryland",245177,242967,118245,30738,5503,25235,74514,3348,71166,12993,1651,11342,124722,29756,4131,25625,78055,5304,72751,16911,2369,14542,24,025,2010
"Howard County, Maryland",288376,285725,139797,39029,5268,33761,87734,2558,85176,13034,867,12167,145928,35871,5680,30191,94090,3971,90119,15967,2147,13820,24,027,2010
"Montgomery County, Maryland",976203,968304,464761,119146,28818,90328,295668,12156,283512,49947,4949,44998,503543,114529,28531,85998,321401,15737,305664,67613,8591,59022,24,031,2010
"Prince George's County, Maryland",865271,855237,409710,105052,35434,69618,271542,16137,255405,33116,3927,29189,445527,100376,38745,61631,299731,26041,273690,45420,6801,38619,24,033,2010
"St. Mary's County, Maryland",105786,101810,49346,13974,2088,11886,31037,1276,29761,4335,330,4005,52464,13724,3049,10675,33298,2691,30607,5442,784,4658,24,037,2010
"Washington County, Maryland",147558,141314,68901,17022,5903,11119,43696,5292,38404,8183,1042,7141,72413,16528,5259,11269,44144,5029,39115,11741,1342,10399,24,043,2010
"Wicomico County, Maryland",98843,98353,46449,10682,5897,4785,30389,3837,26552,5378,715,4663,51904,11395,6129,5266,33426,6007,27419,7083,538,6545,24,045,2010
"Baltimore city, Maryland",620583,610786,285610,67260,41019,26241,190822,33044,157778,27528,5366,22162,325176,65467,40014,25453,216789,56605,160184,42920,11704,31216,24,510,2010
"Barnstable County, Massachusetts",215937,212887,102069,19144,6195,12949,59886,11675,48211,23039,1380,21659,110818,17567,6416,11151,63776,12448,51328,29475,2747,26728,25,001,2010
"Berkshire County, Massachusetts",131144,127858,61205,12424,5270,7154,38807,8308,30499,9974,1191,8783,66653,12341,4197,8144,40980,12046,28934,13332,1786,11546,25,003,2010
"Bristol County, Massachusetts",548612,541685,262258,62185,23047,39138,169282,31665,137617,30791,5360,25431,279427,59573,22131,37442,176974,44635,132339,42880,8629,34251,25,005,2010
"Essex County, Massachusetts",744644,736471,353785,87982,26709,61273,223733,35528,188205,42070,6800,35270,382686,83647,25215,58432,240633,46697,193936,58406,10713,47693,25,009,2010
"Franklin County, Massachusetts",71369,71369,34801,7174,3226,3948,22902,5259,17643,4725,606,4119,36568,6725,2202,4523,23763,4532,19231,6080,771,5309,25,011,2010
"Hampden County, Massachusetts",463678,459552,220098,55625,28649,26976,138456,30433,108023,26017,4719,21298,239454,54220,27218,27002,147918,43948,103970,37316,8164,29152,25,013,2010
"Hampshire County, Massachusetts",158094,156629,73075,13164,3768,9396,51429,4649,46780,8482,1227,7255,83554,13544,2797,10747,59112,6863,52249,10898,2004,8894,25,015,2010
"Middlesex County, Massachusetts",1506008,1489364,724449,163365,37262,126103,481095,52469,428626,79989,11817,68172,764915,156898,32951,123947,500026,69982,430044,107991,18133,89858,25,017,2010
"Norfolk County, Massachusetts",672376,662512,315842,77691,11618,66073,199283,19185,180098,38868,4144,34724,346670,74574,13408,61166,218445,22366,196079,53651,9382,44269,25,021,2010
"Plymouth County, Massachusetts",495780,488700,234930,61353,15006,46347,145265,18963,126302,28312,4124,24188,253770,58120,14566,43554,158322,27727,130595,37328,7006,30322,25,023,2010
"Suffolk County, Massachusetts",723323,716591,344950,63062,36550,26512,251735,48072,203663,30153,9015,21138,371641,61969,34005,27964,267161,65147,202014,42511,16133,26378,25,025,2010
"Worcester County, Massachusetts",799553,787713,386135,96101,29239,66862,248468,37742,210726,41566,7790,33776,401578,91002,26314,64688,254873,50522,204351,55703,9884,45819,25,027,2010
"Allegan County, Michigan",111503,111009,55363,15232,4935,10297,33824,1844,31980,6307,871,5436,55646,14165,5148,9017,33977,4018,29959,7504,1135,6369,26,005,2010
"Bay County, Michigan",107703,106893,52285,12139,5634,6505,32736,4071,28665,7410,1011,6399,54608,11743,5671,6072,33019,5734,27285,9846,2000,7846,26,017,2010
"Berrien County, Michigan",156805,155338,75735,18824,9738,9086,46052,5785,40267,10859,1724,9135,79603,17779,8612,9167,48004,9005,38999,13820,1756,12064,26,021,2010
"Calhoun County, Michigan",136072,135370,66408,16961,8276,8685,40637,5665,34972,8810,1089,7721,68962,15953,7512,8441,41981,7553,34428,11028,1591,9437,26,025,2010
"Clinton County, Michigan",75426,74710,36747,9327,1777,7550,23185,1024,22161,4235,372,3863,37963,8964,992,7972,24352,2220,22132,4647,794,3853,26,037,2010
"Eaton County, Michigan",107838,107785,51749,12234,3694,8540,32902,2142,30760,6613,889,5724,56036,12871,4052,8819,34929,3932,30997,8236,652,7584,26,045,2010
"Genesee County, Michigan",424926,419261,201923,53412,25343,28069,124131,25691,98440,24380,2572,21808,217338,50472,23168,27304,134644,35358,99286,32222,4261,27961,26,049,2010
"Grand Traverse County, Michigan",87043,83795,40922,9239,3187,6052,26407,3532,22875,5276,388,4888,42873,8967,2346,6621,27524,4521,23003,6382,635,5747,26,055,2010
"Ingham County, Michigan",280812,279760,136612,30744,11618,19126,93174,9840,83334,12694,1630,11064,143148,27643,10008,17635,98420,14766,83654,17085,2474,14611,26,065,2010
"Isabella County, Michigan",70334,69598,33646,6452,2913,3539,24397,2249,22148,2797,486,2311,35952,6027,2318,3709,26111,4564,21547,3814,632,3182,26,073,2010
"Jackson County, Michigan",160201,153804,75621,18636,8876,9760,47476,4777,42699,9509,620,8889,78183,18230,8183,10047,47604,8765,38839,12349,1060,11289,26,075,2010
"Kalamazoo County, Michigan",250738,249250,121503,28925,10815,18110,79978,8293,71685,12600,713,11887,127747,28001,11899,16102,82427,12935,69492,17319,1288,16031,26,077,2010
"Kent County, Michigan",603219,598855,293493,80803,30691,50112,184812,16651,168161,27878,2449,25429,305362,77151,30738,46413,191045,27938,163107,37166,4147,33019,26,081,2010
"Lapeer County, Michigan",88210,87056,43840,11025,4043,6982,27370,2594,24776,5445,287,5158,43216,9892,4577,5315,27024,3901,23123,6300,735,5565,26,087,2010
"Lenawee County, Michigan",99763,97267,47972,11910,4871,7039,29956,3240,26716,6106,577,5529,49295,11280,4427,6853,29679,3334,26345,8336,692,7644,26,091,2010
"Livingston County, Michigan",180972,179622,89197,23195,3917,19278,56288,2892,53396,9714,310,9404,90425,22962,4979,17983,55891,5305,50586,11572,627,10945,26,093,2010
"Macomb County, Michigan",841126,834036,404956,98705,29950,68755,257220,19975,237245,49031,4920,44111,429080,94541,30987,63554,266606,34968,231638,67933,7127,60806,26,099,2010
"Marquette County, Michigan",67131,64890,32151,6403,1434,4969,21714,1832,19882,4034,504,3530,32739,5995,1145,4850,21664,2067,19597,5080,1193,3887,26,103,2010
"Midland County, Michigan",83592,83592,41003,9965,2980,6985,25686,3323,22363,5352,313,5039,42589,9397,2828,6569,26012,3561,22451,7180,416,6764,26,111,2010
"Monroe County, Michigan",151932,148819,73810,18374,6589,11785,46927,3993,42934,8509,1164,7345,75009,17696,6683,11013,47637,5815,41822,9676,1475,8201,26,115,2010
"Muskegon County, Michigan",172068,167979,82128,21759,11457,10302,50233,7938,42295,10136,1224,8912,85851,20963,11273,9690,51933,11695,40238,12955,1754,11201,26,121,2010
"Oakland County, Michigan",1203012,1196668,580683,144435,34917,109518,368991,24633,344358,67257,5891,61366,615985,137120,32948,104172,390407,38513,351894,88458,10361,78097,26,125,2010
"Ottawa County, Michigan",264055,262662,128804,34703,9702,25001,80363,6234,74129,13738,1065,12673,133858,33989,8804,25185,83299,7753,75546,16570,1681,14889,26,139,2010
"Saginaw County, Michigan",199911,196219,94292,24104,9906,14198,57451,7034,50417,12737,1816,10921,101927,22494,10191,12303,62747,10510,52237,16686,2520,14166,26,145,2010
"St. Clair County, Michigan",162789,161939,80922,20326,8498,11828,50122,5971,44151,10474,1584,8890,81017,18387,6305,12082,50047,6984,43063,12583,1323,11260,26,147,2010
"Shiawassee County, Michigan",70606,70209,34840,9039,3392,5647,21533,2050,19483,4268,157,4111,35369,8315,3361,4954,21658,3266,18392,5396,576,4820,26,155,2010
"Van Buren County, Michigan",76186,75347,37679,10612,4970,5642,22470,1841,20629,4597,804,3793,37668,9120,3445,5675,23099,2792,20307,5449,688,4761,26,159,2010
"Washtenaw County, Michigan",345290,340961,168889,37437,9023,28414,116414,8044,108370,15038,1707,13331,172072,34447,8126,26321,117964,9308,108656,19661,2266,17395,26,161,2010
"Wayne County, Michigan",1815734,1804385,865952,233837,117742,116095,540299,82773,457526,91816,12612,79204,938433,225293,114903,110390,580091,127688,452403,133049,24075,108974,26,163,2010
"Anoka County, Minnesota",331302,327212,162035,43349,7293,36056,104647,7434,97213,14039,1757,12282,165177,42244,8523,33721,105807,11217,94590,17126,2135,14991,27,003,2010
"Carver County, Minnesota",91361,90929,45317,14202,988,13214,27801,1220,26581,3314,40,3274,45612,12931,611,12320,28483,1519,26964,4198,152,4046,27,019,2010
"Dakota County, Minnesota",399100,397549,193912,53754,9920,43834,123425,9000,114425,16733,1217,15516,203637,51482,8851,42631,129599,13426,116173,22556,2175,20381,27,037,2010
"Hennepin County, Minnesota",1154623,1144953,562174,132377,36593,95784,376600,33961,342639,53197,6551,46646,582779,127995,37587,90408,382489,52710,329779,72295,9426,62869,27,053,2010
"Olmsted County, Minnesota",144509,143196,68711,17784,4195,13589,43162,2739,40423,7765,362,7403,74485,18646,3991,14655,45868,4748,41120,9971,620,9351,27,109,2010
"Ramsey County, Minnesota",509320,505443,245639,60430,21792,38638,161201,21008,140193,24008,2618,21390,259804,57675,22250,35425,167218,27757,139461,34911,4889,30022,27,123,2010
"St. Louis County, Minnesota",200155,196619,98810,20073,6988,13085,65162,8847,56315,13575,1296,12279,97809,18717,6236,12481,61834,10563,51271,17258,2407,14851,27,137,2010
"Scott County, Minnesota",130487,129695,65018,20156,1608,18548,40110,1570,38540,4752,318,4434,64677,19183,1821,17362,40464,2495,37969,5030,682,4348,27,139,2010
"Sherburne County, Minnesota",88691,85038,42964,13545,1988,11557,26279,1574,24705,3140,416,2724,42074,12402,2473,9929,25896,2151,23745,3776,365,3411,27,141,2010
"Stearns County, Minnesota",150785,149144,75170,17627,4322,13305,49679,3719,45960,7864,921,6943,73974,17307,4569,12738,47956,4884,43072,8711,1048,7663,27,145,2010
"Washington County, Minnesota",238844,237351,116317,31365,3733,27632,73882,2977,70905,11070,964,10106,121034,32141,4045,28096,75309,5057,70252,13584,1743,11841,27,163,2010
"Wright County, Minnesota",125118,124278,62664,19390,3001,16389,38223,1705,36518,5051,327,4724,61614,18034,2158,15876,37618,2839,34779,5962,350,5612,27,171,2010
"DeSoto County, Mississippi",161746,161202,78020,23125,4407,18718,47829,1847,45982,7066,283,6783,83182,22546,5716,16830,51426,2696,48730,9210,811,8399,28,033,2010
"Forrest County, Mississippi",75113,73589,34767,8599,4462,4137,22362,2153,20209,3806,1088,2718,38822,9108,4827,4281,24919,6184,18735,4795,1304,3491,28,035,2010
"Harrison County, Mississippi",187785,181657,89334,24014,10979,13035,55746,2555,53191,9574,1241,8333,92323,21740,9010,12730,58545,6827,51718,12038,1834,10204,28,047,2010
"Hinds County, Mississippi",245629,243711,114705,32489,17689,14800,71794,6805,64989,10422,2171,8251,129006,32063,18563,13500,81590,12468,69122,15353,3473,11880,28,049,2010
"Jackson County, Mississippi",139698,137794,68574,18637,6970,11667,42226,2368,39858,7711,768,6943,69220,16955,6469,10486,42844,3773,39071,9421,1058,8363,28,059,2010
"Jones County, Mississippi",67870,67063,31868,8860,4626,4234,19700,3382,16318,3308,522,2786,35195,9199,4620,4579,20987,3348,17639,5009,1247,3762,28,067,2010
"Lauderdale County, Mississippi",80229,73633,34078,9685,6233,3452,20096,2013,18083,4297,794,3503,39555,10340,5078,5262,22853,3106,19747,6362,1670,4692,28,075,2010
"Lee County, Mississippi",83048,80347,37757,10902,5420,5482,22854,2698,20156,4001,349,3652,42590,11118,5525,5593,25337,2749,22588,6135,1405,4730,28,081,2010
"Madison County, Mississippi",95552,95145,45487,13006,3549,9457,28292,1302,26990,4189,508,3681,49658,12418,4490,7928,31414,2522,28892,5826,1208,4618,28,089,2010
"Rankin County, Mississippi",142018,138622,65888,18678,5094,13584,40615,2654,37961,6595,620,5975,72734,16939,7488,9451,46381,4458,41923,9414,647,8767,28,121,2010
"Boone County, Missouri",163232,162569,79186,17686,4617,13069,54966,2230,52736,6534,109,6425,83383,16577,3590,12987,58596,3870,54726,8210,1134,7076,29,019,2010
"Buchanan County, Missouri",89144,85939,40866,10280,3461,6819,25771,2031,23740,4815,377,4438,45073,10613,3348,7265,27187,4401,22786,7273,531,6742,29,021,2010
"Cape Girardeau County, Missouri",75895,74245,36042,8804,3578,5226,23369,2006,21363,3869,335,3534,38203,7934,3293,4641,24572,2102,22470,5697,870,4827,29,031,2010
"Cass County, Missouri",99723,98758,48045,13650,3202,10448,28661,1879,26782,5734,245,5489,50713,12820,2855,9965,30678,2670,28008,7215,715,6500,29,037,2010
"Christian County, Missouri",77825,77183,37713,11045,2847,8198,22431,834,21597,4237,249,3988,39470,10219,2793,7426,24223,1404,22819,5028,305,4723,29,043,2010
"Clay County, Missouri",222718,220599,106674,28454,6905,21549,67837,2667,65170,10383,726,9657,113925,28067,6164,21903,71786,4703,67083,14072,1503,12569,29,047,2010
"Cole County, Missouri",76182,73435,36365,8227,1568,6659,24106,638,23468,4032,85,3947,37070,7678,1431,6247,24415,1834,22581,4977,245,4732,29,051,2010
"Franklin County, Missouri",101508,101083,49773,12597,3985,8612,31248,2427,28821,5928,685,5243,51310,11942,3817,8125,31591,3080,28511,7777,1431,6346,29,071,2010
"Greene County, Missouri",275414,271695,131753,29739,11399,18340,86241,6853,79388,15773,2071,13702,139942,28460,11598,16862,90004,10004,80000,21478,3408,18070,29,077,2010
"Jackson County, Missouri",675259,670432,324175,83814,30137,53677,206432,11552,194880,33929,3376,30553,346257,81002,29617,51385,218103,20074,198029,47152,5786,41366,29,095,2010
"Jasper County, Missouri",117770,116568,56917,14967,6103,8864,35526,2683,32843,6424,800,5624,59651,14808,4597,10211,36042,4659,31383,8801,1250,7551,29,097,2010
"Jefferson County, Missouri",219084,216739,107753,28104,7650,20454,68822,4465,64357,10827,1319,9508,108986,26799,8258,18541,69334,5794,63540,12853,1465,11388,29,099,2010
"Platte County, Missouri",89677,89379,43125,11110,1748,9362,27526,627,26899,4489,122,4367,46254,11058,2060,8998,29700,1835,27865,5496,423,5073,29,165,2010
"St. Charles County, Missouri",361602,359674,175237,46473,7124,39349,111509,3309,108200,17255,1198,16057,184437,46050,5398,40652,116008,5140,110868,22379,1707,20672,29,183,2010
"St. Francois County, Missouri",65498,58437,28513,7408,3280,4128,17281,1967,15314,3824,346,3478,29924,6732,2447,4285,18068,2797,15271,5124,388,4736,29,187,2010
"St. Louis County, Missouri",998881,985790,466430,118700,27151,91549,289429,14091,275338,58301,3928,54373,519360,113728,28825,84903,322089,24270,297819,83543,7152,76391,29,189,2010
"St. Louis city, Missouri",319156,315280,152069,34744,19967,14777,104055,10282,93773,13270,2033,11237,163211,32594,21007,11587,109611,18349,91262,21006,4953,16053,29,510,2010
"Cascade County, Montana",81519,78191,38878,9862,3293,6569,23440,2436,21004,5576,628,4948,39313,8634,1541,7093,23964,1465,22499,6715,1140,5575,30,013,2010
"Flathead County, Montana",90901,89881,44632,10971,2479,8492,27554,1560,25994,6107,443,5664,45249,10201,2831,7370,28561,1667,26894,6487,932,5555,30,029,2010
"Gallatin County, Montana",89658,89607,46481,9112,1818,7294,33768,1142,32626,3601,101,3500,43126,9546,2142,7404,29293,1005,28288,4287,305,3982,30,031,2010
"Missoula County, Montana",109494,107785,54257,11343,3229,8114,37449,1506,35943,5465,536,4929,53528,10070,2692,7378,36925,2516,34409,6533,640,5893,30,063,2010
"Yellowstone County, Montana",148432,145842,71062,17351,6874,10477,44991,3184,41807,8720,528,8192,74780,17452,5114,12338,45685,3455,42230,11643,1611,10032,30,111,2010
"Douglas County, Nebraska",518777,511791,249698,67377,23116,44261,161027,9002,152025,21294,2919,18375,262093,65963,22436,43527,165742,15427,150315,30388,3664,26724,31,055,2010
"Lancaster County, Nebraska",286141,281460,139090,33495,11280,22215,92429,5064,87365,13166,1022,12144,142370,32383,10372,22011,92329,8198,84131,17658,2444,15214,31,109,2010
"Sarpy County, Nebraska",159709,156048,76217,23966,3984,19982,46201,849,45352,6050,127,5923,79831,22103,2946,19157,50423,2404,48019,7305,398,6907,31,153,2010
"Clark County, Nevada",1954260,1929484,966127,250142,58779,191363,612643,28681,583962,103342,11154,92188,963357,237760,59781,177979,609229,42567,566662,116368,14414,101954,32,003,2010
"Washoe County, Nevada",422528,419501,211061,51029,11775,39254,136670,6246,130424,23362,2552,20810,208440,48422,10391,38031,132954,7485,125469,27064,3452,23612,32,031,2010
"Cheshire County, New Hampshire",77049,76316,37263,7600,2817,4783,24598,1787,22811,5065,430,4635,39053,7453,2177,5276,25848,2111,23737,5752,361,5391,33,005,2010
"Grafton County, New Hampshire",89108,88828,43263,8472,2914,5558,28632,1914,26718,6159,213,5946,45565,8105,2993,5112,30044,2653,27391,7416,709,6707,33,009,2010
"Hillsborough County, New Hampshire",401057,397160,196918,47723,12643,35080,129038,5366,123672,20157,1314,18843,200242,46265,12913,33352,128645,8482,120163,25332,2615,22717,33,011,2010
"Merrimack County, New Hampshire",146400,143704,70004,16507,5632,10875,45374,2751,42623,8123,655,7468,73700,15059,4703,10356,47826,4609,43217,10815,1042,9773,33,013,2010
"Rockingham County, New Hampshire",295360,294164,144981,33577,4346,29231,94595,2551,92044,16809,876,15933,149183,33716,4622,29094,95616,3423,92193,19851,1420,18431,33,015,2010
"Strafford County, New Hampshire",123198,120998,58410,13075,3589,9486,38979,1703,37276,6356,305,6051,62588,11941,3684,8257,42487,3541,38946,8160,919,7241,33,017,2010
"Atlantic County, New Jersey",274685,271875,131213,32233,9974,22259,82634,8002,74632,16346,965,15381,140662,31670,9270,22400,87985,12321,75664,21007,2469,18538,34,001,2010
"Bergen County, New Jersey",906541,900070,433654,104300,12985,91315,273267,8982,264285,56087,4152,51935,466416,100031,13411,86620,289390,13369,276021,76995,7438,69557,34,003,2010
"Burlington County, New Jersey",449149,433986,208498,53191,7148,46043,129655,5541,124114,25652,1868,23784,225488,50388,6845,43543,140609,7952,132657,34491,3687,30804,34,005,2010
"Camden County, New Jersey",513607,506371,243600,63673,21050,42623,153715,16485,137230,26212,3268,22944,262771,60841,21166,39675,165442,25164,140278,36488,5459,31029,34,007,2010
"Cape May County, New Jersey",97253,95909,46474,9073,2953,6120,28410,2441,25969,8991,716,8275,49435,9063,2265,6798,28451,3040,25411,11921,818,11103,34,009,2010
"Cumberland County, New Jersey",157149,143312,69158,19510,9260,10250,41908,5519,36389,7740,1296,6444,74154,17471,9691,7780,46044,9281,36763,10639,2055,8584,34,011,2010
"Essex County, New Jersey",784228,768453,364542,96696,35801,60895,232767,21186,211581,35079,5617,29462,403911,95650,35976,59674,256640,41513,215127,51621,9187,42434,34,013,2010
"Gloucester County, New Jersey",288581,287462,139849,36151,7310,28841,89274,6683,82591,14424,1411,13013,147613,34140,6528,27612,93556,9993,83563,19917,1796,18121,34,015,2010
"Hudson County, New Jersey",635294,632225,312309,66549,30310,36239,219386,15918,203468,26374,5851,20523,319916,64295,29030,35265,217348,32784,184564,38273,9785,28488,34,017,2010
"Hunterdon County, New Jersey",128373,123740,60935,15208,2187,13021,38112,1907,36205,7615,788,6827,62805,14781,957,13824,39608,1623,37985,8416,1363,7053,34,019,2010
"Mercer County, New Jersey",366789,361206,175139,42565,10518,32047,113860,7530,106330,18714,1694,17020,186067,40308,10394,29914,119386,13066,106320,26373,3120,23253,34,021,2010
"Middlesex County, New Jersey",810986,804255,393733,94676,17399,77277,257994,10821,247173,41063,3919,37144,410522,90575,16927,73648,263597,15361,248236,56350,7619,48731,34,023,2010
"Monmouth County, New Jersey",630966,626610,305504,76836,12973,63863,192825,7608,185217,35843,2711,33132,321106,73339,13033,60306,199061,15562,183499,48706,4912,43794,34,025,2010
"Morris County, New Jersey",492694,490592,239374,60049,5139,54910,151129,4469,146660,28196,2272,25924,251218,57489,4612,52877,154923,7636,147287,38806,3632,35174,34,027,2010
"Ocean County, New Jersey",577603,573551,273774,68774,27507,41267,155645,14531,141114,49355,4262,45093,299777,65458,24337,41121,164325,20428,143897,69994,6357,63637,34,029,2010
"Passaic County, New Jersey",501860,497836,242530,63509,27934,35575,154254,17532,136722,24767,4610,20157,255306,60810,26021,34789,161510,28957,132553,32986,8529,24457,34,031,2010
"Salem County, New Jersey",66058,65445,31757,8012,2817,5195,19681,1743,17938,4064,353,3711,33688,7479,2164,5315,20395,2550,17845,5814,596,5218,34,033,2010
"Somerset County, New Jersey",324194,321053,156745,41252,5845,35407,98813,4185,94628,16680,1379,15301,164308,38744,6554,32190,103004,5594,97410,22560,1906,20654,34,035,2010
"Sussex County, New Jersey",149239,148466,73155,17911,3105,14806,47453,3278,44175,7791,764,7027,75311,17787,3110,14677,48216,3087,45129,9308,1109,8199,34,037,2010
"Union County, New Jersey",537661,532791,257564,67184,20895,46289,163882,10561,153321,26498,2258,24240,275227,64213,17840,46373,172267,20053,152214,38747,5464,33283,34,039,2010
"Warren County, New Jersey",108714,108333,52565,12936,2494,10442,33171,1907,31264,6458,781,5677,55768,12635,2225,10410,34374,2709,31665,8759,1078,7681,34,041,2010
"Bernalillo County, New Mexico",664639,660363,322069,80230,33108,47122,207123,20932,186191,34716,4834,29882,338294,78545,32800,45745,213962,33594,180368,45787,7670,38117,35,001,2010
"Chaves County, New Mexico",65779,64431,30524,8214,5267,2947,18183,2321,15862,4127,554,3573,33907,9538,5095,4443,19524,4249,15275,4845,1104,3741,35,005,2010
"Do?a Ana County, New Mexico",210538,206421,100163,28761,17257,11504,59471,6906,52565,11931,1344,10587,106258,27290,16113,11177,65379,10911,54468,13589,2235,11354,35,013,2010
"McKinley County, New Mexico",71797,71292,34648,11505,6079,5426,20212,3798,16414,2931,1211,1720,36644,10980,6201,4779,21565,4686,16879,4099,1502,2597,35,031,2010
"Sandoval County, New Mexico",132330,131974,63653,17594,6865,10729,38976,3152,35824,7083,528,6555,68321,17931,6353,11578,41646,6545,35101,8744,942,7802,35,043,2010
"San Juan County, New Mexico",130145,128138,63328,18397,8884,9513,38762,2186,36576,6169,829,5340,64810,18433,8301,10132,38930,4268,34662,7447,1337,6110,35,045,2010
"Santa Fe County, New Mexico",144606,141936,68828,16087,7636,8451,43351,3183,40168,9390,1043,8347,73108,14548,8153,6395,46968,5118,41850,11592,806,10786,35,049,2010
"Valencia County, New Mexico",76759,74622,37017,9897,6780,3117,22132,2579,19553,4988,638,4350,37605,9647,5634,4013,22500,3584,18916,5458,912,4546,35,061,2010
"Union County, North Carolina",202206,201057,98204,30683,8413,22270,59541,1644,57897,7980,672,7308,102853,30289,7510,22779,62259,4130,58129,10305,997,9308,37,179,2010
"Wake County, North Carolina",906969,899755,438180,119824,29051,90773,286020,9733,276287,32336,2216,30120,461575,115777,29355,86422,302772,16776,285996,43026,3776,39250,37,183,2010
"Wayne County, North Carolina",122907,118182,56270,15230,6318,8912,34557,2737,31820,6483,755,5728,61912,14953,7133,7820,37647,5178,32469,9312,1853,7459,37,191,2010
"Wilkes County, North Carolina",69287,68213,34007,8681,4384,4297,20430,1658,18772,4896,601,4295,34206,6822,2764,4058,21194,2455,18739,6190,803,5387,37,193,2010
"Wilson County, North Carolina",81359,80503,38166,10135,4549,5586,23596,2443,21153,4435,341,4094,42337,9874,4635,5239,25838,3763,22075,6625,1222,5403,37,195,2010
"Burleigh County, North Dakota",81666,79697,38614,9333,1453,7880,24730,1049,23681,4551,204,4347,41083,9210,1502,7708,25730,1423,24307,6143,785,5358,38,015,2010
"Cass County, North Dakota",150230,149146,75850,17169,3380,13789,52702,1634,51068,5979,508,5471,73296,15526,2849,12677,49682,3021,46661,8088,684,7404,38,017,2010
"Grand Forks County, North Dakota",66991,65234,33949,7488,1715,5773,23651,1156,22495,2810,246,2564,31285,5880,936,4944,21787,1764,20023,3618,401,3217,38,035,2010
"Allen County, Ohio",106205,103484,49962,12703,5539,7164,30501,3051,27450,6758,227,6531,53522,12629,5474,7155,32005,6383,25622,8888,1120,7768,39,003,2010
"Ashtabula County, Ohio",101429,98938,48613,12145,5508,6637,29811,3990,25821,6657,583,6074,50325,11786,4877,6909,30270,5455,24815,8269,650,7619,39,007,2010
"Belmont County, Ohio",70319,66309,31807,6926,2294,4632,19874,2168,17706,5007,412,4595,34502,6881,2568,4313,20702,3711,16991,6919,639,6280,39,013,2010
"Butler County, Ohio",368630,365175,179514,48433,13255,35178,113342,6476,106866,17739,839,16900,185661,44263,10809,33454,118196,11695,106501,23202,2013,21189,39,017,2010
"Clark County, Ohio",138193,136874,65272,15994,7316,8678,39812,4288,35524,9466,530,8936,71602,16592,7648,8944,42585,8198,34387,12425,1623,10802,39,023,2010
"Clermont County, Ohio",197604,196795,96479,25333,5538,19795,61151,3372,57779,9995,589,9406,100316,24958,3843,21115,62354,5411,56943,13004,1257,11747,39,025,2010
"Columbiana County, Ohio",107800,102419,50336,12057,5133,6924,30868,3057,27811,7411,663,6748,52083,10987,4990,5997,31659,5251,26408,9437,1201,8236,39,029,2010
"Cuyahoga County, Ohio",1278208,1261890,598984,146145,56005,90140,376266,33056,343210,76573,10448,66125,662906,141300,59132,82168,408810,64750,344060,112796,17073,95723,39,035,2010
"Delaware County, Ohio",175250,172575,83239,25216,3314,21902,51146,1265,49881,6877,386,6491,89336,25517,2632,22885,54998,3418,51580,8821,788,8033,39,041,2010
"Erie County, Ohio",77070,76744,37776,9098,3506,5592,22862,1891,20971,5816,498,5318,38968,7954,2841,5113,23865,3277,20588,7149,463,6686,39,043,2010
"Fairfield County, Ohio",146351,143504,69401,19216,5850,13366,42359,2634,39725,7826,759,7067,74103,19192,5305,13887,45047,5544,39503,9864,821,9043,39,045,2010
"Franklin County, Ohio",1165897,1160107,564907,141880,54892,86988,376200,28117,348083,46827,4539,42288,595200,137055,52777,84278,391854,51969,339885,66291,8194,58097,39,049,2010
"Geauga County, Ohio",93408,91716,46005,12633,1802,10831,27175,1311,25864,6197,286,5911,45711,11648,1550,10098,27484,1349,26135,6579,729,5850,39,055,2010
"Greene County, Ohio",161605,155827,76219,18501,4248,14253,48113,2012,46101,9605,328,9277,79608,16424,4670,11754,51050,5005,46045,12134,585,11549,39,057,2010
"Hamilton County, Ohio",802252,788406,375701,95033,32769,62264,238558,14664,223894,42110,3447,38663,412705,92957,33502,59455,258458,33412,225046,61290,6841,54449,39,061,2010
"Hancock County, Ohio",74727,73994,35546,8626,2507,6119,22337,1285,21052,4583,166,4417,38448,8922,2287,6635,23455,2520,20935,6071,533,5538,39,063,2010
"Jefferson County, Ohio",69614,69104,33040,7033,2962,4071,20743,1724,19019,5264,403,4861,36064,6958,3154,3804,22091,3603,18488,7015,681,6334,39,081,2010
"Lake County, Ohio",230101,228565,110686,25337,6208,19129,70108,3545,66563,15241,938,14303,117879,25367,6578,18789,71590,6193,65397,20922,1339,19583,39,085,2010
"Licking County, Ohio",166701,165894,80799,20797,6003,14794,50609,4435,46174,9393,948,8445,85095,19975,6362,13613,52827,6064,46763,12293,846,11447,39,089,2010
"Lorain County, Ohio",301449,293607,142832,36632,13357,23275,88695,7024,81671,17505,2040,15465,150775,35293,11826,23467,93087,11384,81703,22395,2375,20020,39,093,2010
"Lucas County, Ohio",441468,437605,211190,53830,21857,31973,134223,11846,122377,23137,2531,20606,226415,51888,19928,31960,141602,22118,119484,32925,4974,27951,39,095,2010
"Mahoning County, Ohio",238310,232840,111719,25797,10716,15081,68896,5438,63458,17026,1485,15541,121121,24855,10099,14756,71870,11352,60518,24396,2936,21460,39,099,2010
"Marion County, Ohio",66482,62825,32507,7348,3163,4185,21174,5109,16065,3985,470,3515,30318,6830,2270,4560,18813,2905,15908,4675,657,4018,39,101,2010
"Medina County, Ohio",172592,171476,83897,21842,3210,18632,51853,1784,50069,10202,707,9495,87579,21523,4746,16777,54009,3674,50335,12047,868,11179,39,103,2010
"Miami County, Ohio",102461,102362,50558,13116,3857,9259,30586,2793,27793,6856,641,6215,51804,11796,2351,9445,31243,2719,28524,8765,1248,7517,39,109,2010
"Montgomery County, Ohio",535059,528770,253607,62901,22206,40695,157290,13250,144040,33416,3198,30218,275163,59836,24545,35291,169618,23494,146124,45709,6450,39259,39,113,2010
"Muskingum County, Ohio",86142,85816,41764,10511,5007,5504,25906,3226,22680,5347,318,5029,44052,10045,3602,6443,26705,4384,22321,7302,772,6530,39,119,2010
"Portage County, Ohio",161386,160153,78914,17717,6762,10955,51905,3721,48184,9292,1065,8227,81239,15680,5226,10454,54183,6000,48183,11376,1594,9782,39,133,2010
"Richland County, Ohio",124177,118175,56547,13772,4297,9475,34306,2637,31669,8469,520,7949,61628,14155,4906,9249,35759,4637,31122,11714,1425,10289,39,139,2010
"Ross County, Ohio",78090,71647,35169,9123,4064,5059,21680,1897,19783,4366,126,4240,36478,8406,3093,5313,22378,3591,18787,5694,664,5030,39,141,2010
"Scioto County, Ohio",79506,76540,37479,8950,3798,5152,23453,3318,20135,5076,489,4587,39061,8460,4202,4258,23897,5390,18507,6704,1031,5673,39,145,2010
"Stark County, Ohio",375321,371467,180825,43873,16034,27839,112175,9354,102821,24777,2639,22138,190642,41193,15115,26078,116228,15760,100468,33221,2938,30283,39,151,2010
"Summit County, Ohio",541565,534599,257382,62192,19543,42649,162740,12039,150701,32450,4019,28431,277217,60464,18048,42416,172194,20976,151218,44559,6825,37734,39,153,2010
"Trumbull County, Ohio",209936,206944,99547,23376,10558,12818,60871,6318,54553,15300,1098,14202,107397,23233,10231,13002,64126,9065,55061,20038,2981,17057,39,155,2010
"Tuscarawas County, Ohio",92542,90835,44336,11258,3811,7447,26937,1949,24988,6141,542,5599,46499,10525,3177,7348,27976,3348,24628,7998,721,7277,39,157,2010
"Warren County, Ohio",213192,206412,101741,30540,4227,26313,61490,2141,59349,9711,567,9144,104671,28091,4963,23128,64532,3801,60731,12048,587,11461,39,165,2010
"Wayne County, Ohio",114505,113447,55705,14656,4427,10229,33752,2278,31474,7297,879,6418,57742,14273,4779,9494,34491,3376,31115,8978,1239,7739,39,169,2010
"Wood County, Ohio",125502,124239,60804,14204,2749,11455,40115,3290,36825,6485,218,6267,63435,13040,3509,9531,41947,3488,38459,8448,823,7625,39,173,2010
"Canadian County, Oklahoma",116237,113930,55742,15617,4245,11372,34621,1389,33232,5504,567,4937,58188,15620,4120,11500,35756,1845,33911,6812,755,6057,40,017,2010
"Cleveland County, Oklahoma",256895,251328,124290,31314,11420,19894,81862,2607,79255,11114,646,10468,127038,28034,8263,19771,84747,6440,78307,14257,1404,12853,40,027,2010
"Comanche County, Oklahoma",125368,110776,51403,14745,4123,10622,31098,2006,29092,5560,735,4825,59373,16231,4866,11365,35951,4259,31692,7191,1013,6178,40,031,2010
"Creek County, Oklahoma",70133,69739,35007,9007,4315,4692,21148,695,20453,4852,593,4259,34732,8483,3811,4672,20880,1898,18982,5369,748,4621,40,037,2010
"Muskogee County, Oklahoma",71110,65887,31445,8659,3440,5219,19239,1765,17474,3547,234,3313,34442,8862,5803,3059,21028,2922,18106,4552,784,3768,40,101,2010
"Oklahoma County, Oklahoma",721178,711319,346586,93240,40906,52334,217719,11046,206673,35627,3928,31699,364733,88601,40525,48076,227458,18612,208846,48674,6965,41709,40,109,2010
"Payne County, Oklahoma",77448,74568,38005,8076,2991,5085,26241,963,25278,3688,292,3396,36563,6221,1767,4454,25953,2381,23572,4389,790,3599,40,119,2010
"Pottawatomie County, Oklahoma",69608,68770,33143,9217,3524,5693,19856,1052,18804,4070,225,3845,35627,8034,3161,4873,22266,2400,19866,5327,1262,4065,40,125,2010
"Rogers County, Oklahoma",86988,86525,42486,11382,2873,8509,26087,960,25127,5017,462,4555,44039,11270,2842,8428,26565,2010,24555,6204,572,5632,40,131,2010
"Tulsa County, Oklahoma",605418,599630,292008,79005,28376,50629,183400,8617,174783,29603,2786,26817,307622,75061,28548,46513,191138,16001,175137,41423,5476,35947,40,143,2010
"Wagoner County, Oklahoma",73349,73349,35268,9367,3596,5771,21672,876,20796,4229,311,3918,38081,10162,4014,6148,22854,1612,21242,5065,481,4584,40,145,2010
"Benton County, Oregon",85575,85575,43195,8032,2560,5472,30570,2540,28030,4593,195,4398,42380,7340,1677,5663,29321,2357,26964,5719,576,5143,41,003,2010
"Clackamas County, Oregon",376891,375575,185201,45956,9545,36411,116897,5462,111435,22348,2411,19937,190374,43368,8964,34404,118732,9822,108910,28274,3765,24509,41,005,2010
"Deschutes County, Oregon",157894,157297,77563,18420,7601,10819,48067,3914,44153,11076,569,10507,79734,17468,5292,12176,49815,5170,44645,12451,1423,11028,41,017,2010
"Douglas County, Oregon",107638,106473,52391,11371,4756,6615,30643,3312,27331,10377,1074,9303,54082,10765,3927,6838,31784,4246,27538,11533,1493,10040,41,019,2010
"Jackson County, Oregon",203462,201487,97790,22940,7305,15635,59070,5101,53969,15780,2289,13491,103697,21298,8467,12831,61994,7704,54290,20405,2550,17855,41,029,2010
"Josephine County, Oregon",82807,82212,39999,8387,3243,5144,23257,2695,20562,8355,1550,6805,42213,8633,2926,5707,23845,2671,21174,9735,1458,8277,41,033,2010
"Klamath County, Oregon",64723,64483,32091,7088,2447,4641,19855,2222,17633,5148,569,4579,32392,7087,2245,4842,19283,2541,16742,6022,716,5306,41,035,2010
"Lane County, Oregon",351983,349926,171759,35543,12129,23414,113444,9446,103998,22772,2814,19958,178167,33896,13330,20566,115436,12667,102769,28835,4784,24051,41,039,2010
"Linn County, Oregon",116910,116896,58082,15178,6564,8614,34903,3277,31626,8001,1012,6989,58814,12998,5145,7853,35620,4960,30660,10196,1702,8494,41,043,2010
"Marion County, Oregon",316096,308853,150240,42498,15099,27399,90556,5567,84989,17186,1904,15282,158613,40673,15620,25053,94938,10130,84808,23002,3727,19275,41,047,2010
"Multnomah County, Oregon",737902,730634,360607,77764,26517,51247,251455,16876,234579,31388,3936,27452,370027,73238,26045,47193,253502,23511,229991,43287,7597,35690,41,051,2010
"Polk County, Oregon",75625,75048,36587,9833,3883,5950,21708,2116,19592,5046,681,4365,38461,8540,2390,6150,23757,2754,21003,6164,994,5170,41,053,2010
"Umatilla County, Oregon",76079,71917,36078,10108,2913,7195,21798,1230,20568,4172,265,3907,35839,9976,2811,7165,21192,2053,19139,4671,1134,3537,41,059,2010
"Washington County, Oregon",531744,527399,259858,70232,14900,55332,167955,7265,160690,21671,1461,20210,267541,66059,15910,50149,171272,9745,161527,30210,2940,27270,41,067,2010
"Yamhill County, Oregon",99391,97350,48560,12877,4092,8785,29709,1365,28344,5974,1115,4859,48790,11584,2509,9075,29932,3052,26880,7274,1266,6008,41,071,2010
"Adams County, Pennsylvania",101485,99962,48125,11152,3536,7616,29920,1379,28541,7053,792,6261,51837,11274,3184,8090,32021,2938,29083,8542,846,7696,42,001,2010
"Allegheny County, Pennsylvania",1223583,1206184,575400,122199,40252,81947,372741,30440,342301,80460,9632,70828,630784,117478,37784,79694,396287,43767,352520,117019,19486,97533,42,003,2010
"Armstrong County, Pennsylvania",68839,68839,33762,7194,2781,4413,21112,2300,18812,5456,806,4650,35077,6978,3076,3902,20896,3044,17852,7203,1529,5674,42,005,2010
"Beaver County, Pennsylvania",170567,168745,82042,18116,7369,10747,50848,5644,45204,13078,1649,11429,86703,16400,6470,9930,52528,8808,43720,17775,2653,15122,42,007,2010
"Berks County, Pennsylvania",411850,406189,199041,49992,21242,28750,123904,12603,111301,25145,2194,22951,207148,47771,17742,30029,127675,18439,109236,31702,4583,27119,42,011,2010
"Blair County, Pennsylvania",127031,125044,61368,14152,5821,8331,38778,4406,34372,8438,953,7485,63676,12647,5560,7087,38654,5826,32828,12375,2083,10292,42,013,2010
"Bucks County, Pennsylvania",625472,617215,301115,72679,11422,61257,189538,7957,181581,38898,3134,35764,316100,69675,12235,57440,196544,13019,183525,49881,4241,45640,42,017,2010
"Butler County, Pennsylvania",184059,179383,88029,21222,5351,15871,54952,3784,51168,11855,1357,10498,91354,19592,4804,14788,56285,4258,52027,15477,1597,13880,42,019,2010
"Cambria County, Pennsylvania",143498,139351,66917,13740,5409,8331,42062,3763,38299,11115,1676,9439,72434,14432,6142,8290,42541,7063,35478,15461,2659,12802,42,021,2010
"Carbon County, Pennsylvania",65220,64204,31873,6823,1788,5035,20073,1784,18289,4977,486,4491,32331,6485,3045,3440,19480,2380,17100,6366,667,5699,42,025,2010
"Centre County, Pennsylvania",154127,151616,78793,12617,3966,8651,58678,3331,55347,7498,734,6764,72823,11728,3745,7983,51835,4521,47314,9260,1316,7944,42,027,2010
"Chester County, Pennsylvania",499797,493191,242411,63416,8509,54907,151282,5231,146051,27713,1936,25777,250780,59920,8886,51034,156084,6647,149437,34776,3183,31593,42,029,2010
"Clearfield County, Pennsylvania",81562,78360,39561,8475,3967,4508,25267,3036,22231,5819,617,5202,38799,7853,3173,4680,23364,4029,19335,7582,1287,6295,42,033,2010
"Columbia County, Pennsylvania",67268,66291,31373,6445,2504,3941,20626,1071,19555,4302,245,4057,34918,6083,2505,3578,23110,2249,20861,5725,467,5258,42,037,2010
"Crawford County, Pennsylvania",88657,86011,42657,9957,4906,5051,26466,3794,22672,6234,751,5483,43354,9410,3253,6157,26507,5498,21009,7437,1294,6143,42,039,2010
"Cumberland County, Pennsylvania",235861,231247,111034,25097,6255,18842,70681,3281,67400,15256,1063,14193,120213,23578,4934,18644,76111,4893,71218,20524,2053,18471,42,041,2010
"Dauphin County, Pennsylvania",268220,264218,127212,31963,11206,20757,80351,7228,73123,14898,1652,13246,137006,30155,11841,18314,86297,11160,75137,20554,2996,17558,42,043,2010
"Delaware County, Pennsylvania",559276,551973,263404,65893,18792,47101,166202,11165,155037,31309,3336,27973,288569,63382,15882,47500,179647,19745,159902,45540,4637,40903,42,045,2010
"Erie County, Pennsylvania",280686,275443,133874,32184,13442,18742,84838,9106,75732,16852,1464,15388,141569,30845,12580,18265,88393,16898,71495,22331,3918,18413,42,049,2010
"Fayette County, Pennsylvania",136446,134109,65115,13950,7439,6511,41094,8032,33062,10071,1107,8964,68994,13635,6895,6740,41558,9264,32294,13801,1889,11912,42,051,2010
"Franklin County, Pennsylvania",149834,148016,72411,18796,5777,13019,42950,2800,40150,10665,1171,9494,75605,16825,4591,12234,45421,4248,41173,13359,1864,11495,42,055,2010
"Indiana County, Pennsylvania",88847,87751,42878,8547,3253,5294,28324,2451,25873,6007,734,5273,44873,8110,2606,5504,29158,3794,25364,7605,1702,5903,42,063,2010
"Lackawanna County, Pennsylvania",214367,207665,99342,21836,6720,15116,64127,6057,58070,13379,2369,11010,108323,21253,7899,13354,67599,9530,58069,19471,3445,16026,42,069,2010
"Lancaster County, Pennsylvania",520156,514794,252187,65452,19560,45892,153687,10505,143182,33048,2287,30761,262607,62970,18247,44723,157442,18580,138862,42195,4622,37573,42,071,2010
"Lawrence County, Pennsylvania",90968,89853,42582,9057,3558,5499,26493,3218,23275,7032,646,6386,47271,10322,4174,6148,27210,4406,22804,9739,963,8776,42,073,2010
"Lebanon County, Pennsylvania",133688,131683,63736,15328,4182,11146,39276,3671,35605,9132,856,8276,67947,15219,5073,10146,40522,5267,35255,12206,1152,11054,42,075,2010
"Lehigh County, Pennsylvania",350106,345633,167611,42859,16547,26312,104471,9860,94611,20281,1981,18300,178022,39930,15262,24668,109814,15450,94364,28278,3738,24540,42,077,2010
"Luzerne County, Pennsylvania",320795,314944,151380,32355,12587,19768,95901,8827,87074,23124,3244,19880,163564,32157,13333,18824,97852,14464,83388,33555,5522,28033,42,079,2010
"Lycoming County, Pennsylvania",116143,113231,56654,12553,5865,6688,36274,3893,32381,7827,892,6935,56577,11724,4855,6869,34832,5347,29485,10021,863,9158,42,081,2010
"Mercer County, Pennsylvania",116558,113706,55400,12842,4767,8075,33979,3223,30756,8579,1018,7561,58306,12184,4468,7716,34793,5384,29409,11329,1490,9839,42,085,2010
"Monroe County, Pennsylvania",169896,169698,83538,20876,7425,13451,53022,5854,47168,9640,1562,8078,86160,19531,7098,12433,54424,6183,48241,12205,2557,9648,42,089,2010
"Montgomery County, Pennsylvania",801052,789794,382821,93931,18473,75458,240203,10197,230006,48687,3728,44959,406973,89120,15096,74024,251702,14420,237282,66151,5689,60462,42,091,2010
"Northampton County, Pennsylvania",298101,294171,143648,33262,9566,23696,91037,7796,83241,19349,1410,17939,150523,31905,9918,21987,93529,9144,84385,25089,3648,21441,42,095,2010
"Northumberland County, Pennsylvania",94366,91298,44887,10440,5810,4630,27527,2742,24785,6920,712,6208,46411,9225,4375,4850,27947,4155,23792,9239,1454,7785,42,097,2010
"Philadelphia County, Pennsylvania",1528306,1509244,708114,174198,95995,78203,463445,79687,383758,70471,15009,55462,801130,168932,98622,70310,522539,126063,396476,109659,28238,81421,42,101,2010
"Schuylkill County, Pennsylvania",148228,141880,70191,15199,6037,9162,43877,5510,38367,11115,1029,10086,71689,14263,5357,8906,43039,6194,36845,14387,2049,12338,42,107,2010
"Somerset County, Pennsylvania",77626,74234,36530,7737,3758,3979,22644,2585,20059,6149,709,5440,37704,7310,3411,3899,22309,3078,19231,8085,1146,6939,42,111,2010
"Washington County, Pennsylvania",207875,206446,100026,21798,6612,15186,63166,5663,57503,15062,2077,12985,106420,20769,6086,14683,65266,7160,58106,20385,2582,17803,42,125,2010
"Westmoreland County, Pennsylvania",365012,362168,175727,36818,13307,23511,110163,10281,99882,28746,3573,25173,186441,35522,13361,22161,111786,15556,96230,39133,5113,34020,42,129,2010
"York County, Pennsylvania",435490,430439,211747,52369,13240,39129,132902,7787,125115,26476,2264,24212,218692,49272,13667,35605,136208,13444,122764,33212,3247,29965,42,133,2010
"Kent County, Rhode Island",166103,164748,79762,17664,5146,12518,51749,4509,47240,10349,1798,8551,84986,16500,4438,12062,53388,7831,45557,15098,2068,13030,44,003,2010
"Newport County, Rhode Island",82852,80263,37399,7967,1718,6249,23700,1440,22260,5732,613,5119,42864,8062,1055,7007,27101,2158,24943,7701,517,7184,44,005,2010
"Providence County, Rhode Island",627070,616557,296806,70680,26631,44049,193123,23866,169257,33003,4162,28841,319751,67037,24672,42365,206056,33397,172659,46658,8501,38157,44,007,2010
"Washington County, Rhode Island",127008,126000,61570,13227,2563,10664,40054,2351,37703,8289,273,8016,64430,12515,1901,10614,42187,3322,38865,9728,654,9074,44,009,2010
"Aiken County, South Carolina",160565,158639,76631,18838,6439,12399,46992,3727,43265,10801,791,10010,82008,18167,6314,11853,50988,6351,44637,12853,2027,10826,45,003,2010
"Anderson County, South Carolina",187269,184477,88392,22674,9012,13662,54086,4622,49464,11632,1209,10423,96085,22096,8108,13988,58667,7429,51238,15322,1915,13407,45,007,2010
"Beaufort County, South Carolina",162989,151444,70682,16984,6043,10941,38088,2190,35898,15610,996,14614,80762,17319,6381,10938,46095,4311,41784,17348,2056,15292,45,013,2010
"Berkeley County, South Carolina",178783,172339,84548,22407,7826,14581,54036,3610,50426,8105,468,7637,87791,21226,6588,14638,57071,4913,52158,9494,924,8570,45,015,2010
"Charleston County, South Carolina",351482,345848,164932,35261,12862,22399,110904,6089,104815,18767,2321,16446,180916,36973,14583,22390,118525,9960,108565,25418,4334,21084,45,019,2010
"Darlington County, South Carolina",68617,68599,31887,7765,3921,3844,20049,2208,17841,4073,592,3481,36712,8848,4136,4712,22134,3398,18736,5730,1251,4479,45,031,2010
"Dorchester County, South Carolina",137476,134698,64764,18999,6234,12765,39635,3464,36171,6130,758,5372,69934,18397,5299,13098,43872,4366,39506,7665,1524,6141,45,035,2010
"Florence County, South Carolina",137088,136487,63824,16912,7388,9524,39662,5222,34440,7250,1546,5704,72663,16859,8217,8642,45198,6863,38335,10606,2788,7818,45,041,2010
"Greenville County, South Carolina",452859,448026,216605,55542,19010,36532,137291,7271,130020,23772,1759,22013,231421,53503,16545,36958,145404,15934,129470,32514,4209,28305,45,045,2010
"Greenwood County, South Carolina",69703,68991,32200,7789,3807,3982,19610,1864,17746,4801,332,4469,36791,8686,4156,4530,21940,2601,19339,6165,794,5371,45,047,2010
"Horry County, South Carolina",270430,267955,129473,27195,12147,15048,81532,5460,76072,20746,1885,18861,138482,27130,11942,15188,86830,9678,77152,24522,2940,21582,45,051,2010
"Lancaster County, South Carolina",76889,76315,38044,9546,4701,4845,23361,2059,21302,5137,622,4515,38271,8309,3383,4926,23544,3473,20071,6418,1057,5361,45,057,2010
"Laurens County, South Carolina",66500,66104,31349,7798,3452,4346,18722,1965,16757,4829,605,4224,34755,7589,3410,4179,21375,2807,18568,5791,491,5300,45,059,2010
"Lexington County, South Carolina",263406,260073,127180,32901,9422,23479,80977,3864,77113,13302,913,12389,132893,31396,9234,22162,84820,7754,77066,16677,1577,15100,45,063,2010
"Oconee County, South Carolina",74359,73085,36205,7452,1763,5689,22335,2110,20225,6418,758,5660,36880,8048,4412,3636,22060,2471,19589,6772,754,6018,45,073,2010
"Orangeburg County, South Carolina",92346,91572,41852,10422,4131,6291,25782,2557,23225,5648,1278,4370,49720,11293,5195,6098,30368,5501,24867,8059,2760,5299,45,075,2010
"Pickens County, South Carolina",119217,118849,59046,12309,3613,8696,39899,3108,36791,6838,472,6366,59803,12046,3902,8144,38408,3945,34463,9349,1523,7826,45,077,2010
"Richland County, South Carolina",385745,363811,170809,44037,14191,29846,111786,6491,105295,14986,1535,13451,193002,43304,15552,27752,128528,13215,115313,21170,3950,17220,45,079,2010
"Spartanburg County, South Carolina",284713,280453,135382,35898,11794,24104,83933,6099,77834,15551,1637,13914,145071,33428,11024,22404,90485,10411,80074,21158,3241,17917,45,083,2010
"Sumter County, South Carolina",107570,104050,48440,14119,6787,7332,28522,5536,22986,5799,1068,4731,55610,14246,6719,7527,33075,5940,27135,8289,1895,6394,45,085,2010
"York County, South Carolina",226971,225117,108399,29534,7294,22240,67960,2620,65340,10905,969,9936,116718,28233,7958,20275,74566,6072,68494,13919,1853,12066,45,091,2010
"Minnehaha County, South Dakota",169987,166283,82148,21906,5329,16577,52711,2450,50261,7531,1133,6398,84135,20554,5323,15231,53650,3837,49813,9931,1604,8327,46,099,2010
"Pennington County, South Dakota",101348,97596,48163,12974,4480,8494,29321,1379,27942,5868,592,5276,49433,11274,4234,7040,30826,2530,28296,7333,1138,6195,46,103,2010
"Anderson County, Tennessee",75160,74556,36025,8560,3348,5212,22240,3365,18875,5225,748,4477,38531,8281,3091,5190,23076,3193,19883,7174,586,6588,47,001,2010
"Blount County, Tennessee",123119,122401,59434,14301,4524,9777,36614,3045,33569,8519,850,7669,62967,13109,3325,9784,38642,4320,34322,11216,1059,10157,47,009,2010
"Bradley County, Tennessee",99078,98380,47673,11704,6066,5638,29952,2864,27088,6017,948,5069,50707,11039,5064,5975,31822,5757,26065,7846,1868,5978,47,011,2010
"Davidson County, Tennessee",628133,618801,297142,69571,31725,37846,202021,14559,187462,25550,2482,23068,321659,66719,29132,37587,215307,29277,186030,39633,6250,33383,47,037,2010
"Greene County, Tennessee",68797,68098,34060,7742,4768,2974,21155,2796,18359,5163,1245,3918,34038,6423,3139,3284,21237,3139,18098,6378,1896,4482,47,059,2010
"Hamilton County, Tennessee",337294,334144,159125,36257,12061,24196,102606,9995,92611,20262,1348,18914,175019,35842,14927,20915,110267,15162,95105,28910,4079,24831,47,065,2010
"Knox County, Tennessee",433108,427009,205718,48218,13474,34744,133906,9685,124221,23594,2694,20900,221291,46061,13904,32157,142854,15832,127022,32376,3707,28669,47,093,2010
"Albany County, New York",303833,300688,146906,31096,8590,22506,98884,12530,86354,16926,2242,14684,153782,28392,8405,19987,102029,15260,86769,23361,3375,19986,36,001,2010
"Bronx County, New York",1386657,1359933,631951,187101,123265,63836,391768,107103,284665,53082,17059,36023,727982,180403,120857,59546,462633,181272,281361,84946,34564,50382,36,005,2010
"Broome County, New York",200272,197003,96736,20682,7241,13441,63062,7904,55158,12992,1218,11774,100267,19242,6471,12771,62883,12072,50811,18142,1948,16194,36,007,2010
"Cattaraugus County, New York",80229,79487,39791,9512,3469,6043,24993,3725,21268,5286,600,4686,39696,8656,2997,5659,24359,4573,19786,6681,900,5781,36,009,2010
"Cayuga County, New York",79978,75951,37589,9096,2620,6476,23363,2694,20669,5130,654,4476,38362,8077,1786,6291,24016,3899,20117,6269,654,5615,36,011,2010
"Chautauqua County, New York",134768,132022,65477,14837,5582,9255,41028,6649,34379,9612,1500,8112,66545,14551,6654,7897,40913,8136,32777,11081,1996,9085,36,013,2010
"Chemung County, New York",88824,86278,43034,10587,3900,6687,27060,4544,22516,5387,502,4885,43244,9245,2637,6608,26846,4369,22477,7153,1129,6024,36,015,2010
"Clinton County, New York",82115,78937,38803,8322,2461,5861,25524,4081,21443,4957,636,4321,40134,7708,3089,4619,26565,5520,21045,5861,959,4902,36,019,2010
"Dutchess County, New York",297577,288857,141633,33662,7131,26531,91062,7201,83861,16909,1126,15783,147224,32000,7472,24528,94088,8350,85738,21136,3078,18058,36,027,2010
"Erie County, New York",918652,905835,436345,101651,35237,66414,278609,36349,242260,56085,5534,50551,469490,96727,33530,63197,292187,51334,240853,80576,11339,69237,36,029,2010
"Jefferson County, New York",116582,107783,52070,15232,4017,11215,31343,5335,26008,5495,449,5046,55713,14341,3659,10682,34470,5760,28710,6902,1163,5739,36,045,2010
"Kings County, New York",2508340,2493635,1174499,301302,160307,140995,762533,183646,578887,110664,34110,76554,1319136,290908,157005,133903,857301,240003,617298,170927,64046,106881,36,047,2010
"Livingston County, New York",65333,63077,30267,6385,2044,4341,20065,1592,18473,3817,188,3629,32810,6779,1457,5322,20996,3008,17988,5035,708,4327,36,051,2010
"Madison County, New York",73439,72582,35396,8446,1894,6552,22365,1899,20466,4585,334,4251,37186,8122,1394,6728,23796,2563,21233,5268,904,4364,36,053,2010
"Monroe County, New York",744389,737460,355852,85554,28378,57176,228271,24821,203450,42027,3766,38261,381608,82382,26338,56044,241652,38239,203413,57574,8681,48893,36,055,2010
"Nassau County, New York",1341245,1330362,644050,159577,24823,134754,401194,22789,378405,83279,7172,76107,686312,150939,23277,127662,420147,30501,389646,115226,13420,101806,36,059,2010
"New York County, New York",1586698,1576232,737002,118853,47184,71669,532925,74058,458867,85224,17470,67754,839230,115394,45924,69470,598277,103271,495006,125559,35537,90022,36,061,2010
"Niagara County, New York",216546,214355,104840,23452,8078,15374,67036,9278,57758,14352,2012,12340,109515,22398,6789,15609,68459,10752,57707,18658,2544,16114,36,063,2010
"Oneida County, New York",234845,224915,109776,26414,9597,16817,67605,10439,57166,15757,2249,13508,115139,24483,10576,13907,70448,14233,56215,20208,3624,16584,36,065,2010
"Onondaga County, New York",467204,462262,221211,54150,16757,37393,140529,13561,126968,26532,2810,23722,241051,52607,15679,36928,151827,22531,129296,36617,5593,31024,36,067,2010
"Ontario County, New York",108116,107121,52532,12949,4028,8921,32856,2389,30467,6727,701,6026,54589,11357,2666,8691,34023,3346,30677,9209,1578,7631,36,069,2010
"Orange County, New York",373355,361692,177802,52419,15189,37230,108080,10877,97203,17303,2555,14748,183890,49127,15538,33589,111950,13630,98320,22813,3984,18829,36,071,2010
"Oswego County, New York",122114,121607,60354,14001,5995,8006,39724,5556,34168,6629,1274,5355,61253,14031,5825,8206,38871,7722,31149,8351,1610,6741,36,075,2010
"Putnam County, New York",99713,98060,48562,11313,1429,9884,31697,1494,30203,5552,319,5233,49498,11182,1201,9981,31837,2389,29448,6479,772,5707,36,079,2010
"Queens County, New York",2233841,2220379,1075662,236072,115804,120268,726226,123467,602759,113364,23103,90261,1144717,224936,109114,115822,754698,166329,588369,165083,44090,120993,36,081,2010
"Rensselaer County, New York",159428,156994,77454,17271,6307,10964,51283,5504,45779,8900,708,8192,79540,16258,5901,10357,51556,8304,43252,11726,1611,10115,36,083,2010
"Richmond County, New York",469363,463668,224539,56008,14531,41477,144205,17679,126526,24326,2744,21582,239129,52695,13543,39152,153486,23196,130290,32948,5234,27714,36,085,2010
"Rockland County, New York",312183,310365,152142,44876,13792,31084,89685,10942,78743,17581,2452,15129,158223,42688,12209,30479,91802,9920,81882,23733,4363,19370,36,087,2010
"St. Lawrence County, New York",111894,108249,53610,11777,3856,7921,35114,4169,30945,6719,912,5807,54639,11513,3571,7942,34833,5111,29722,8293,1180,7113,36,089,2010
"Saratoga County, New York",219960,216033,106340,25481,3923,21558,67734,4085,63649,13125,1166,11959,109693,23442,4550,18892,70567,5677,64890,15684,1873,13811,36,091,2010
"Schenectady County, New York",154889,154413,74759,18386,5359,13027,47213,4421,42792,9160,950,8210,79654,17038,6237,10801,49525,6785,42740,13091,1997,11094,36,093,2010
"Steuben County, New York",98930,97888,48345,11737,3052,8685,30021,3814,26207,6587,424,6163,49543,11125,2655,8470,30090,3925,26165,8328,1029,7299,36,101,2010
"Suffolk County, New York",1494434,1484251,730671,183073,31916,151157,463151,31372,431779,84447,6928,77519,753580,173733,32128,141605,468425,43772,424653,111422,11188,100234,36,103,2010
"Sullivan County, New York",77500,76797,39849,9776,5387,4389,24765,4989,19776,5308,676,4632,36948,7554,4495,3059,23555,5621,17934,5839,717,5122,36,105,2010
"Tompkins County, New York",101620,99828,48429,7491,2463,5028,36396,3935,32461,4542,444,4098,51399,7569,2300,5269,37617,4659,32958,6213,1163,5050,36,109,2010
"Ulster County, New York",182435,176659,85515,18051,4670,13381,55942,6992,48950,11522,646,10876,91144,18266,5794,12472,59250,8329,50921,13628,1809,11819,36,111,2010
"Warren County, New York",65697,65207,31675,6496,2850,3646,20386,2367,18019,4793,635,4158,33532,6381,2026,4355,21057,2549,18508,6094,865,5229,36,113,2010
"Wayne County, New York",93753,93166,45658,10834,3095,7739,28782,2580,26202,6042,432,5610,47508,11407,2906,8501,29249,4624,24625,6852,841,6011,36,117,2010
"Westchester County, New York",950541,937029,450942,116330,28141,88189,279034,16275,262759,55578,4605,50973,486087,110640,22170,88470,298169,25162,273007,77278,9207,68071,36,119,2010
"Alamance County, North Carolina",151528,150396,71833,18463,8184,10279,45258,2735,42523,8112,994,7118,78563,17644,8187,9457,48722,4657,44065,12197,1421,10776,37,001,2010
"Brunswick County, North Carolina",107992,107902,51911,9771,3737,6034,31024,2559,28465,11116,435,10681,55991,10455,5006,5449,33652,3316,30336,11884,1257,10627,37,019,2010
"Buncombe County, North Carolina",238832,234819,111193,24555,11868,12687,71290,4793,66497,15348,1513,13835,123626,23993,9762,14231,78580,8281,70299,21053,2732,18321,37,021,2010
"Burke County, North Carolina",90771,88716,44127,10458,3824,6634,27610,1850,25760,6059,649,5410,44589,9566,4071,5495,27123,4443,22680,7900,1457,6443,37,023,2010
"Cabarrus County, North Carolina",178588,177260,85011,23520,6041,17479,53155,2271,50884,8336,588,7748,92249,25221,6522,18699,55625,3303,52322,11403,1643,9760,37,025,2010
"Caldwell County, North Carolina",82998,81756,40120,9497,3606,5891,25457,1673,23784,5166,258,4908,41636,9395,3950,5445,25571,2963,22608,6670,974,5696,37,027,2010
"Carteret County, North Carolina",66685,65361,32942,7244,1699,5545,19946,1218,18728,5752,528,5224,32419,5349,1813,3536,20521,1835,18686,6549,755,5794,37,031,2010
"Catawba County, North Carolina",154389,152862,74340,18777,6998,11779,46368,2121,44247,9195,519,8676,78522,18044,8861,9183,48676,4317,44359,11802,1543,10259,37,035,2010
"Cleveland County, North Carolina",98050,98050,46650,11275,6183,5092,29209,3373,25836,6166,887,5279,51400,11763,5583,6180,31018,4553,26465,8619,1347,7272,37,045,2010
"Craven County, North Carolina",103908,96352,44657,11692,4714,6978,26064,3095,22969,6901,604,6297,51695,12060,5153,6907,30713,4049,26664,8922,1113,7809,37,049,2010
"Cumberland County, North Carolina",320267,291851,130151,42976,13812,29164,75259,6945,68314,11916,1250,10666,161700,42717,14117,28600,100908,14588,86320,18075,3664,14411,37,051,2010
"Davidson County, North Carolina",162930,160876,79879,20654,8783,11871,49201,3399,45802,10024,849,9175,80997,17996,6436,11560,51219,4167,47052,11782,2164,9618,37,057,2010
"Durham County, North Carolina",268454,262447,123882,30964,13909,17055,83205,3825,79380,9713,1296,8417,138565,29201,12122,17079,95137,9185,85952,14227,2271,11956,37,063,2010
"Forsyth County, North Carolina",351335,347292,164668,43901,15279,28622,102915,6397,96518,17852,2081,15771,182624,41516,14642,26874,115900,10176,105724,25208,4074,21134,37,067,2010
"Gaston County, North Carolina",206213,204269,98477,24924,11283,13641,62509,6237,56272,11044,1705,9339,105792,24275,10244,14031,66448,10056,56392,15069,2712,12357,37,071,2010
"Guilford County, North Carolina",489681,486605,231682,58257,22656,35601,148707,9929,138778,24718,2229,22489,254923,56031,21505,34526,164980,19028,145952,33912,3920,29992,37,081,2010
"Harnett County, North Carolina",115733,110804,53534,17350,5583,11767,31101,2269,28832,5083,725,4358,57270,14819,3728,11091,35710,3722,31988,6741,741,6000,37,085,2010
"Henderson County, North Carolina",106978,106465,52241,12026,4525,7501,30002,2041,27961,10213,698,9515,54224,9937,4299,5638,31041,3356,27685,13246,1367,11879,37,089,2010
"Iredell County, North Carolina",159771,158485,76641,20308,5393,14915,47160,1475,45685,9173,841,8332,81844,20083,5394,14689,49831,4229,45602,11930,1210,10720,37,097,2010
"Johnston County, North Carolina",169735,168319,82780,24468,9512,14956,51131,4366,46765,7181,500,6681,85539,22709,8283,14426,52901,7053,45848,9929,984,8945,37,101,2010
"Lincoln County, North Carolina",78450,78051,38928,9819,3382,6437,24437,948,23489,4672,789,3883,39123,8658,3230,5428,24624,2434,22190,5841,999,4842,37,109,2010
"Mecklenburg County, North Carolina",923427,918697,443384,119021,41736,77285,291290,13150,278140,33073,2543,30530,475313,114643,35888,78755,312749,25976,286773,47921,6235,41686,37,119,2010
"Moore County, North Carolina",88569,86841,41276,9904,2928,6976,22312,882,21430,9060,784,8276,45565,9308,3248,6060,25612,3085,22527,10645,1510,9135,37,125,2010
"Nash County, North Carolina",95938,94112,44647,11251,3456,7795,28156,2533,25623,5240,1123,4117,49465,11570,5548,6022,30392,3847,26545,7503,1741,5762,37,127,2010
"New Hanover County, North Carolina",203341,201460,96618,20246,6638,13608,64512,4563,59949,11860,942,10918,104842,20218,8644,11574,68854,6577,62277,15770,1217,14553,37,129,2010
"Onslow County, North Carolina",179471,144808,63404,23363,5992,17371,34232,2905,31327,5809,861,4948,81404,22032,5388,16644,52049,4761,47288,7323,789,6534,37,133,2010
"Orange County, North Carolina",134197,133226,63929,14881,3931,10950,43257,1063,42194,5791,605,5186,69297,13276,4058,9218,48631,2128,46503,7390,1242,6148,37,135,2010
"Pitt County, North Carolina",168817,166940,78731,19216,7414,11802,52667,3858,48809,6848,463,6385,88209,18484,7691,10793,60894,5879,55015,8831,1768,7063,37,147,2010
"Randolph County, North Carolina",141960,139723,68390,17351,8719,8632,42842,3661,39181,8197,953,7244,71333,17366,6228,11138,43384,5841,37543,10583,1101,9482,37,151,2010
"Robeson County, North Carolina",134473,132582,64019,18464,12481,5983,39207,5881,33326,6348,1637,4711,68563,17360,13010,4350,42894,9806,33088,8309,2597,5712,37,155,2010
"Rockingham County, North Carolina",93641,92517,44705,10479,4594,5885,27978,2602,25376,6248,1135,5113,47812,10180,4402,5778,29511,4615,24896,8121,1353,6768,37,157,2010
"Rowan County, North Carolina",138446,135902,66868,16998,7934,9064,41588,3277,38311,8282,761,7521,69034,15717,7220,8497,42576,4666,37910,10741,1259,9482,37,159,2010
"Rutherford County, North Carolina",67772,67699,32922,7939,3585,4354,19952,3220,16732,5031,830,4201,34777,7146,4050,3096,20937,4141,16796,6694,968,5726,37,161,2010
"Surry County, North Carolina",73694,73085,35007,8171,4550,3621,21881,1456,20425,4955,616,4339,38078,9017,4288,4729,22075,2926,19149,6986,1346,5640,37,171,2010
"Sarasota County, Florida",379874,375984,179320,30436,12444,17992,95992,5810,90182,52892,3794,49098,196664,29105,10383,18722,104827,11394,93433,62732,4977,57755,12,115,2010
"Seminole County, Florida",423508,421175,203475,49878,12003,37875,132168,6434,125734,21429,1203,20226,217700,47658,11847,35811,141570,9590,131980,28472,3618,24854,12,117,2010
"Sumter County, Florida",94074,84531,39184,4365,2746,1619,15011,1231,13780,19808,1662,18146,45347,4145,2560,1585,20975,2710,18265,20227,1184,19043,12,119,2010
"Volusia County, Florida",494527,489240,238642,47338,17424,29914,145622,11504,134118,45682,5034,40648,250598,44877,15790,29087,149001,16490,132511,56720,8680,48040,12,127,2010
"Barrow County, Georgia",69731,69676,34684,11136,4012,7124,21114,1674,19440,2434,401,2033,34992,8240,3238,5002,23332,3000,20332,3420,695,2725,13,013,2010
"Bartow County, Georgia",100195,98826,47838,13584,4312,9272,29930,839,29091,4324,554,3770,50988,13682,3730,9952,31398,3663,27735,5908,735,5173,13,015,2010
"Bibb County, Georgia",155715,149264,69881,20641,8389,12252,41735,4392,37343,7505,1026,6479,79383,18848,7719,11129,48832,7815,41017,11703,2888,8815,13,021,2010
"Bulloch County, Georgia",70729,70573,34389,6766,2932,3834,24907,1070,23837,2716,108,2608,36184,7899,3085,4814,24851,2087,22764,3434,614,2820,13,031,2010
"Carroll County, Georgia",110661,109674,53125,14197,5740,8457,33917,2023,31894,5011,367,4644,56549,13931,6546,7385,35996,3948,32048,6622,902,5720,13,045,2010
"Chatham County, Georgia",265871,258686,123260,30366,11763,18603,79431,3392,76039,13463,1233,12230,135426,29536,11884,17652,88934,7760,81174,16956,2447,14509,13,051,2010
"Cherokee County, Georgia",215129,214194,105538,30520,7085,23435,66273,1245,65028,8745,609,8136,108656,28379,6139,22240,69319,2118,67201,10958,1777,9181,13,057,2010
"Clarke County, Georgia",116668,115718,55216,10844,5252,5592,40469,1895,38574,3903,145,3758,60502,9630,5127,4503,44935,3166,41769,5937,1198,4739,13,059,2010
"Clayton County, Georgia",259623,254613,120761,38522,18889,19633,75071,4355,70716,7168,1706,5462,133852,36299,17560,18739,87686,10305,77381,9867,2774,7093,13,063,2010
"Cobb County, Georgia",690063,685879,332360,90028,24585,65443,217426,6805,210621,24906,1497,23409,353519,87070,21857,65213,232537,11403,221134,33912,4226,29686,13,067,2010
"Columbia County, Georgia",124815,121750,59079,17926,3928,13998,36005,2173,33832,5148,650,4498,62671,16060,3784,12276,40394,2921,37473,6217,1017,5200,13,073,2010
"Coweta County, Georgia",127955,127164,62337,18081,3995,14086,38427,1843,36584,5829,434,5395,64827,16889,4212,12677,41027,2795,38232,6911,631,6280,13,077,2010
"DeKalb County, Georgia",692902,685337,327266,84717,35382,49335,218007,11328,206679,24542,2703,21839,358071,80597,31916,48681,240948,17821,223127,36526,6843,29683,13,089,2010
"Dougherty County, Georgia",94577,92718,41897,11895,8095,3800,25441,4297,21144,4561,992,3569,50821,12471,7538,4933,31442,7168,24274,6908,1762,5146,13,095,2010
"Douglas County, Georgia",132722,131674,62171,18161,6461,11700,39360,2096,37264,4650,270,4380,69503,19298,7082,12216,44156,3146,41010,6049,974,5075,13,097,2010
"Fayette County, Georgia",106945,105710,51273,14811,3074,11737,30886,910,29976,5576,467,5109,54437,13365,3155,10210,33981,1100,32881,7091,544,6547,13,113,2010
"Floyd County, Georgia",96274,94746,45661,11401,4105,7296,28658,3575,25083,5602,708,4894,49085,11910,5439,6471,29942,2728,27214,7233,1535,5698,13,115,2010
"Forsyth County, Georgia",176738,175669,86593,27172,4648,22524,52448,1753,50695,6973,592,6381,89076,26558,2734,23824,53596,1310,52286,8922,834,8088,13,117,2010
"Fulton County, Georgia",926197,919336,446531,111670,36915,74755,301531,13299,288232,33330,5393,27937,472805,108664,37297,71367,315105,27702,287403,49036,9061,39975,13,121,2010
"Glynn County, Georgia",79816,78823,37667,10186,4088,6098,21939,1627,20312,5542,638,4904,41156,8832,3625,5207,25530,2467,23063,6794,1008,5786,13,127,2010
"Gwinnett County, Georgia",808719,804830,396130,120216,38154,82062,252413,6751,245662,23501,3364,20137,408700,115099,35736,79363,262671,11719,250952,30930,4513,26417,13,135,2010
"Hall County, Georgia",180253,175892,85608,25794,8751,17043,51091,2031,49060,8723,594,8129,90284,24232,8614,15618,54237,3184,51053,11815,1601,10214,13,139,2010
"Henry County, Georgia",205265,203782,98464,31108,6120,24988,59954,2160,57794,7402,365,7037,105318,28860,8091,20769,67227,3882,63345,9231,1309,7922,13,151,2010
"Houston County, Georgia",140713,137174,65975,19585,7714,11871,40631,2805,37826,5759,335,5424,71199,18059,6426,11633,45036,3854,41182,8104,1770,6334,13,153,2010
"Lowndes County, Georgia",109734,104951,49689,13807,6057,7750,31653,1741,29912,4229,605,3624,55262,13293,5757,7536,35982,3922,32060,5987,847,5140,13,185,2010
"Muscogee County, Georgia",190417,173084,75207,24000,10415,13585,42539,2712,39827,8668,1319,7349,97877,24247,10139,14108,60579,7715,52864,13051,3081,9970,13,215,2010
"Newton County, Georgia",100086,99488,48000,15185,3684,11501,28789,1990,26799,4026,380,3646,51488,13463,3957,9506,32700,3056,29644,5325,1078,4247,13,217,2010
"Paulding County, Georgia",142741,142174,69814,22441,5073,17368,42997,1661,41336,4376,414,3962,72360,20623,4334,16289,46306,3274,43032,5431,1092,4339,13,223,2010
"Richmond County, Georgia",201005,190959,89035,24942,12221,12721,55082,6464,48618,9011,1257,7754,101924,24359,11632,12727,64586,9069,55517,12979,2279,10700,13,245,2010
"Rockdale County, Georgia",85434,85384,41308,12088,4829,7259,25392,1690,23702,3828,640,3188,44076,11074,3247,7827,27755,1851,25904,5247,1077,4170,13,247,2010
"Troup County, Georgia",67187,65698,31586,9113,4934,4179,19257,2213,17044,3216,388,2828,34112,8402,3466,4936,21096,3155,17941,4614,922,3692,13,285,2010
"Walker County, Georgia",68761,67869,33611,8418,4200,4218,20789,1395,19394,4404,949,3455,34258,7966,2263,5703,20512,2047,18465,5780,1466,4314,13,295,2010
"Walton County, Georgia",84004,83609,40019,10647,3488,7159,25227,1771,23456,4145,562,3583,43590,11950,2524,9426,25832,1980,23852,5808,840,4968,13,297,2010
"Whitfield County, Georgia",102934,100261,49753,14687,7903,6784,30364,1358,29006,4702,1116,3586,50508,14600,6465,8135,29914,3777,26137,5994,1218,4776,13,313,2010
"Hawaii County, Hawaii",185406,183995,91871,21568,9102,12466,57187,7431,49756,13116,1579,11537,92124,20354,9486,10868,57424,9824,47600,14346,2043,12303,15,001,2010
"Honolulu County, Hawaii",955775,912128,441965,107627,29716,77911,274584,20045,254539,59754,6596,53158,470163,102713,26445,76268,290279,31805,258474,77171,11918,65253,15,003,2010
"Kauai County, Hawaii",67226,66444,34504,9028,3544,5484,20802,1996,18806,4674,493,4181,31940,6307,1907,4400,20590,2674,17916,5043,990,4053,15,007,2010
"Maui County, Hawaii",155170,153066,76184,18795,7469,11326,48454,3756,44698,8935,886,8049,76882,17269,6987,10282,48828,6851,41977,10785,1738,9047,15,009,2010
"Ada County, Idaho",393531,385867,190569,53168,12382,40786,119448,4833,114615,17953,2334,15619,195298,50734,10762,39972,121259,6185,115074,23305,2670,20635,16,001,2010
"Bannock County, Idaho",83071,81795,40976,12419,3702,8717,24586,2116,22470,3971,269,3702,40819,10490,2344,8146,25234,2846,22388,5095,444,4651,16,005,2010
"Bonneville County, Idaho",104592,104351,52063,17366,5289,12077,29805,1562,28243,4892,363,4529,52288,15510,3671,11839,30507,2678,27829,6271,1169,5102,16,019,2010
"Canyon County, Idaho",189428,187864,92263,29641,13227,16414,53457,3757,49700,9165,771,8394,95601,29037,11877,17160,55227,7132,48095,11337,1598,9739,16,027,2010
"Kootenai County, Idaho",138901,138901,68836,17723,5155,12568,41516,2423,39093,9597,706,8891,70065,16595,3990,12605,42734,3466,39268,10736,1243,9493,16,055,2010
"Twin Falls County, Idaho",77517,77180,37581,10847,3305,7542,22189,1272,20917,4545,529,4016,39599,10186,2253,7933,23437,1913,21524,5976,851,5125,16,083,2010
"Adams County, Illinois",67120,66316,32358,7894,3466,4428,19666,2069,17597,4798,155,4643,33958,7541,3634,3907,20165,4095,16070,6252,630,5622,17,001,2010
"Champaign County, Illinois",201332,200275,97331,19254,6127,13127,69903,3153,66750,8174,1016,7158,102944,19763,6636,13127,72177,5351,66826,11004,1072,9932,17,019,2010
"Cook County, Illinois",5200950,5157110,2492085,625897,281460,344437,1618772,117824,1500948,247416,33347,214069,2665025,604206,282094,322112,1704260,230924,1473336,356559,57162,299397,17,031,2010
"DeKalb County, Illinois",105201,104380,52414,12272,3165,9107,35779,1650,34129,4363,569,3794,51966,11189,3049,8140,35401,3661,31740,5376,853,4523,17,037,2010
"DuPage County, Illinois",918764,911094,447180,116137,26563,89574,287833,11215,276618,43210,2821,40389,463914,111380,25683,85697,295195,20405,274790,57339,5021,52318,17,043,2010
"Kane County, Illinois",516499,512540,255139,75944,26974,48970,157458,8091,149367,21737,1653,20084,257401,73026,27660,45366,156445,15914,140531,27930,3808,24122,17,089,2010
"Kankakee County, Illinois",113502,111001,53848,14621,6572,8049,33405,3452,29953,5822,748,5074,57153,14026,5317,8709,34981,5094,29887,8146,1098,7048,17,091,2010
"Kendall County, Illinois",115304,114548,56888,18929,2904,16025,34521,1059,33462,3438,133,3305,57660,17289,1925,15364,36083,2103,33980,4288,241,4047,17,093,2010
"Lake County, Illinois",704596,695982,346163,97823,26381,71442,216695,9103,207592,31645,2036,29609,349819,93754,27229,66525,216444,17058,199386,39621,3616,36005,17,097,2010
"LaSalle County, Illinois",113840,113148,55759,13385,3684,9701,34358,1811,32547,8016,648,7368,57389,12774,3538,9236,34435,3712,30723,10180,1122,9058,17,099,2010
"McHenry County, Illinois",309192,308224,154315,43517,10636,32881,97054,3950,93104,13744,730,13014,153909,40690,10387,30303,96314,7335,88979,16905,1823,15082,17,111,2010
"McLean County, Illinois",169832,168520,82686,20455,5436,15019,55140,3849,51291,7091,306,6785,85834,17909,4365,13544,58596,5150,53446,9329,974,8355,17,113,2010
"Macon County, Illinois",110715,108507,51690,12157,6229,5928,31825,2863,28962,7708,770,6938,56817,12977,7192,5785,34303,7763,26540,9537,946,8591,17,115,2010
"Madison County, Illinois",269271,265024,129501,31450,12325,19125,82241,5164,77077,15810,1110,14700,135523,29651,10625,19026,84918,11321,73597,20954,2019,18935,17,119,2010
"Peoria County, Illinois",186311,180729,87036,23193,9800,13393,54752,3339,51413,9091,1054,8037,93693,21327,7145,14182,59525,9931,49594,12841,1335,11506,17,143,2010
"Rock Island County, Illinois",147517,144829,69970,16394,6891,9503,43368,2926,40442,10208,742,9466,74859,16453,6915,9538,45033,7064,37969,13373,1627,11746,17,161,2010
"St. Clair County, Illinois",270419,265115,126257,34730,14978,19752,77719,8043,69676,13808,1300,12508,138858,33723,13300,20423,86138,16098,70040,18997,3024,15973,17,163,2010
"Sangamon County, Illinois",197822,196814,94982,24468,9598,14870,59520,4813,54707,10994,1228,9766,101832,22339,8968,13371,63523,7992,55531,15970,2056,13914,17,167,2010
"Tazewell County, Illinois",135433,132121,63829,15817,4339,11478,39213,3158,36055,8799,376,8423,68292,16130,4971,11159,40635,5853,34782,11527,997,10530,17,179,2010
"Vermilion County, Illinois",81551,81082,39522,10448,6312,4136,23424,2686,20738,5650,396,5254,41560,9397,5081,4316,25061,7268,17793,7102,1240,5862,17,183,2010
"Will County, Illinois",678697,672846,333329,101444,27521,73923,205062,10085,194977,26823,1529,25294,339517,95802,25386,70416,208706,20873,187833,35009,2824,32185,17,197,2010
"Williamson County, Illinois",66369,64706,31307,7742,3206,4536,19149,2292,16857,4416,218,4198,33399,6941,3822,3119,20378,4263,16115,6080,813,5267,17,199,2010
"Winnebago County, Illinois",295127,290605,141784,36929,17584,19345,87388,8480,78908,17467,2327,15140,148821,35529,17939,17590,90753,15824,74929,22539,3379,19160,17,201,2010
"Allen County, Indiana",355856,352454,171664,48420,15831,32589,105666,6956,98710,17578,1311,16267,180790,47381,16520,30861,110214,13133,97081,23195,2349,20846,18,003,2010
"Bartholomew County, Indiana",76855,74669,37177,10135,4143,5992,22964,932,22032,4078,128,3950,37492,9216,2856,6360,22606,2210,20396,5670,535,5135,18,005,2010
"Clark County, Indiana",110610,109733,53322,13178,4355,8823,34321,1107,33214,5823,689,5134,56411,12883,2701,10182,35541,2847,32694,7987,930,7057,18,019,2010
"Delaware County, Indiana",117669,116820,56651,12096,5544,6552,37580,2844,34736,6975,563,6412,60169,11110,4429,6681,39628,3737,35891,9431,1047,8384,18,035,2010
"Elkhart County, Indiana",197646,195446,95697,28627,11969,16658,57359,3595,53764,9711,431,9280,99749,27209,9672,17537,59461,6307,53154,13079,1839,11240,18,039,2010
"Floyd County, Indiana",74679,72277,35658,9148,2553,6595,23238,1238,22000,3272,420,2852,36619,8763,2818,5945,24039,1933,22106,3817,672,3145,18,043,2010
"Grant County, Indiana",69975,69024,33562,7905,3337,4568,20880,1957,18923,4777,589,4188,35462,7227,2606,4621,22064,3266,18798,6171,608,5563,18,053,2010
"Hamilton County, Indiana",276390,275035,134000,42407,2868,39539,81310,806,80504,10283,339,9944,141035,41020,3765,37255,87281,1520,85761,12734,673,12061,18,057,2010
"Hancock County, Indiana",70250,70012,34326,9484,1609,7875,20871,1151,19720,3971,400,3571,35686,9253,1519,7734,21619,2156,19463,4814,401,4413,18,059,2010
"Hendricks County, Indiana",145867,142776,70603,20529,2072,18457,43293,725,42568,6781,197,6584,72173,19006,3348,15658,44991,1280,43711,8176,843,7333,18,063,2010
"Howard County, Indiana",82770,82176,39514,9921,3362,6559,24013,1704,22309,5580,248,5332,42662,9472,3410,6062,25813,3668,22145,7377,784,6593,18,067,2010
"Johnson County, Indiana",140009,136884,66465,18922,5700,13222,40347,1624,38723,7196,624,6572,70419,17998,4898,13100,43486,3615,39871,8935,701,8234,18,081,2010
"Kosciusko County, Indiana",77368,76406,38282,10363,3976,6387,23468,1019,22449,4451,45,4406,38124,9466,3452,6014,23276,1998,21278,5382,247,5135,18,085,2010
"Lake County, Indiana",495981,492935,237460,64756,28944,35812,145821,11914,133907,26883,2792,24091,255475,62225,25519,36706,156006,22507,133499,37244,4938,32306,18,089,2010
"LaPorte County, Indiana",111465,101682,48513,13114,5164,7950,29056,2875,26181,6343,613,5730,53169,12187,4900,7287,32128,5039,27089,8854,820,8034,18,091,2010
"Madison County, Indiana",131642,128252,63494,16244,7778,8466,38823,3485,35338,8427,388,8039,64758,14046,4900,9146,39270,4807,34463,11442,1593,9849,18,095,2010
"Marion County, Indiana",904878,895272,430026,113386,52248,61138,279565,25587,253978,37075,2662,34413,465246,111072,51574,59498,299492,46925,252567,54682,7853,46829,18,097,2010
"Monroe County, Indiana",138422,137557,69169,11873,3653,8220,51315,1997,49318,5981,459,5522,68388,10636,2990,7646,49894,2634,47260,7858,498,7360,18,105,2010
"Morgan County, Indiana",69061,68645,34237,8810,3633,5177,21170,1387,19783,4257,532,3725,34408,8470,2549,5921,21235,2450,18785,4703,643,4060,18,109,2010
"Porter County, Indiana",164592,162997,80026,20512,5585,14927,50490,2551,47939,9024,1535,7489,82971,19548,4018,15530,52479,3973,48506,10944,1329,9615,18,127,2010
"St. Joseph County, Indiana",266961,264539,128397,33156,11830,21326,80469,4964,75505,14772,1184,13588,136142,31820,12718,19102,84189,8439,75750,20133,2000,18133,18,141,2010
"Tippecanoe County, Indiana",172963,172161,87819,17873,5650,12223,63194,1799,61395,6752,505,6247,84342,17719,4975,12744,57518,4855,52663,9105,666,8439,18,157,2010
"Vanderburgh County, Indiana",179833,177120,85414,20222,7677,12545,55227,3478,51749,9965,688,9277,91706,19604,7948,11656,57981,5931,52050,14121,1869,12252,18,163,2010
"Vigo County, Indiana",107958,104029,51127,12068,4731,7337,33566,3124,30442,5493,703,4790,52902,11476,3702,7774,33650,5044,28606,7776,1076,6700,18,167,2010
"Wayne County, Indiana",68853,68152,33540,8574,3048,5526,20411,2001,18410,4555,387,4168,34612,7215,2558,4657,20941,2414,18527,6456,487,5969,18,177,2010
"Black Hawk County, Iowa",131221,129739,63283,14726,6489,8237,41061,3130,37931,7496,837,6659,66456,13704,7660,6044,43021,6740,36281,9731,1352,8379,19,013,2010
"Dallas County, Iowa",66616,66196,32581,9961,1893,8068,19952,502,19450,2668,312,2356,33615,9253,2454,6799,20944,990,19954,3418,286,3132,19,049,2010
"Dubuque County, Iowa",93880,92150,45561,11459,2282,9177,28378,2156,26222,5724,624,5100,46589,10821,2718,8103,28571,2737,25834,7197,1097,6100,19,061,2010
"Johnson County, Iowa",131225,128162,62487,12314,2569,9745,45521,3038,42483,4652,618,4034,65675,13164,2665,10499,46564,3569,42995,5947,512,5435,19,103,2010
"Linn County, Iowa",211501,209550,102511,25878,5643,20235,65335,3930,61405,11298,1143,10155,107039,26032,6743,19289,66043,5899,60144,14964,1839,13125,19,113,2010
"Polk County, Iowa",432260,427117,210457,56906,15161,41745,134910,11640,123270,18641,1853,16788,216660,52821,16956,35865,138668,17532,121136,25171,3589,21582,19,153,2010
"Pottawattamie County, Iowa",93359,92709,45651,11059,4045,7014,28837,2769,26068,5755,374,5381,47058,10602,4928,5674,28823,3721,25102,7633,761,6872,19,155,2010
"Scott County, Iowa",165841,164127,80545,21187,6267,14920,50692,5113,45579,8666,945,7721,83582,19433,5470,13963,52780,5851,46929,11369,1317,10052,19,163,2010
"Story County, Iowa",89575,88994,45347,7768,1008,6760,33771,1205,32566,3808,313,3495,43647,8269,2147,6122,30671,2202,28469,4707,486,4221,19,169,2010
"Woodbury County, Iowa",102407,100803,49360,13892,6389,7503,30105,1878,28227,5363,1137,4226,51443,13254,5517,7737,31106,3102,28004,7083,948,6135,19,193,2010
"Butler County, Kansas",65923,64884,32041,9663,3064,6599,18821,783,18038,3557,165,3392,32843,8766,2119,6647,19534,1347,18187,4543,340,4203,20,015,2010
"Douglas County, Kansas",111130,110131,54455,10357,1023,9334,39746,985,38761,4352,533,3819,55676,10833,3025,7808,39258,1105,38153,5585,607,4978,20,045,2010
"Johnson County, Kansas",545876,542381,265282,74024,10539,63485,166223,4587,161636,25035,2229,22806,277099,69585,8186,61399,174678,6969,167709,32836,3500,29336,20,091,2010
"Leavenworth County, Kansas",73749,65624,30020,9615,1557,8058,17324,417,16907,3081,84,2997,35604,9791,1636,8155,22025,945,21080,3788,209,3579,20,103,2010
"Riley County, Kansas",71481,68223,33061,6236,927,5309,24696,507,24189,2129,120,2009,35162,7185,664,6521,25201,732,24469,2776,223,2553,20,161,2010
"Sedgwick County, Kansas",499393,493192,241716,68314,21099,47215,149586,8183,141403,23816,2089,21727,251476,66828,20905,45923,153079,13046,140033,31569,4431,27138,20,173,2010
"Shawnee County, Kansas",178301,174646,83685,22164,7124,15040,50725,2809,47916,10796,981,9815,90961,21894,6722,15172,55299,6799,48500,13768,1576,12192,20,177,2010
"Wyandotte County, Kansas",157845,156924,77442,22677,7677,15000,47862,3314,44548,6903,590,6313,79482,21715,9538,12177,48306,5226,43080,9461,1411,8050,20,209,2010
"Boone County, Kentucky",119290,118797,58394,17047,2540,14507,36613,1722,34891,4734,758,3976,60403,16534,2620,13914,37497,2218,35279,6372,1356,5016,21,015,2010
"Bullitt County, Kentucky",74473,74341,37164,10032,3358,6674,23412,935,22477,3720,318,3402,37177,8757,2277,6480,23902,2045,21857,4518,501,4017,21,029,2010
"Campbell County, Kentucky",90532,88857,43261,10591,2621,7970,27902,1177,26725,4768,413,4355,45596,10056,2611,7445,29312,2379,26933,6228,645,5583,21,037,2010
"Christian County, Kentucky",74179,58371,27506,10214,2697,7517,14368,788,13580,2924,453,2471,30865,8155,2004,6151,18355,2318,16037,4355,495,3860,21,047,2010
"Daviess County, Kentucky",96762,93072,44811,11277,4441,6836,27941,1913,26028,5593,359,5234,48261,11744,6032,5712,28603,3880,24723,7914,1619,6295,21,059,2010
"Fayette County, Kentucky",296765,291712,144365,33846,12625,21221,98691,4945,93746,11828,938,10890,147347,28903,9616,19287,100403,8057,92346,18041,2430,15611,21,067,2010
"Hardin County, Kentucky",106933,91534,39178,12982,3121,9861,21554,1196,20358,4642,679,3963,52356,12842,2216,10626,32792,2391,30401,6722,595,6127,21,093,2010
"Jefferson County, Kentucky",742172,733972,353115,87425,32312,55113,225528,14802,210726,40162,5177,34985,380857,83970,28924,55046,239963,27872,212091,56924,9937,46987,21,111,2010
"Kenton County, Kentucky",159876,158731,78361,20370,6306,14064,50902,2729,48173,7089,437,6652,80370,19238,5038,14200,50968,5356,45612,10164,1068,9096,21,117,2010
"McCracken County, Kentucky",65539,64539,31249,7613,2171,5442,18890,718,18172,4746,761,3985,33290,7197,3209,3988,19885,2339,17546,6208,600,5608,21,145,2010
"Madison County, Kentucky",83157,82667,40321,9173,3881,5292,27242,2719,24523,3906,141,3765,42346,8508,3835,4673,28997,3161,25836,4841,1012,3829,21,151,2010
"Pike County, Kentucky",64952,64586,31664,7525,4618,2907,20393,3290,17103,3746,767,2979,32922,6950,3836,3114,21099,5833,15266,4873,933,3940,21,195,2010
"Warren County, Kentucky",114172,113159,56423,14522,6772,7750,36678,3456,33222,5223,404,4819,56736,11596,3053,8543,38527,4018,34509,6613,573,6040,21,227,2010
"Ascension Parish, Louisiana",107891,104308,50090,15762,5444,10318,30718,767,29951,3610,683,2927,54218,14724,5594,9130,34358,4455,29903,5136,483,4653,22,005,2010
"Bossier Parish, Louisiana",117522,114929,56420,16162,5747,10415,34378,1721,32657,5880,721,5159,58509,14101,6433,7668,37318,5663,31655,7090,1122,5968,22,015,2010
"Caddo Parish, Louisiana",255543,249113,116880,31614,17164,14450,71760,6319,65441,13506,1917,11589,132233,30703,16343,14360,82259,11511,70748,19271,4505,14766,22,017,2010
"Calcasieu Parish, Louisiana",193230,190516,92330,24509,10919,13590,57508,4435,53073,10313,1560,8753,98186,24127,11904,12223,60457,9094,51363,13602,2911,10691,22,019,2010
"East Baton Rouge Parish, Louisiana",440909,436567,210337,53239,27036,26203,137561,9796,127765,19537,2470,17067,226230,50307,23171,27136,148857,14801,134056,27066,4726,22340,22,033,2010
"Iberia Parish, Louisiana",73236,71757,34910,10164,5441,4723,21105,1586,19519,3641,357,3284,36847,9773,5728,4045,22543,4164,18379,4531,942,3589,22,045,2010
"Jefferson Parish, Louisiana",432449,429550,207833,49234,25230,24004,134623,9348,125275,23976,2367,21609,221717,47792,21938,25854,139850,17943,121907,34075,4865,29210,22,051,2010
"Lafayette Parish, Louisiana",222051,219439,107374,27718,12729,14989,70261,4861,65400,9395,753,8642,112065,26523,10562,15961,73133,7190,65943,12409,2817,9592,22,055,2010
"Lafourche Parish, Louisiana",96328,95850,47196,11263,4340,6923,30858,2494,28364,5075,489,4586,48654,12029,5795,6234,30435,3344,27091,6190,884,5306,22,057,2010
"Livingston Parish, Louisiana",128549,127879,63475,18482,8900,9582,39265,3249,36016,5728,398,5330,64404,16928,7867,9061,40202,4482,35720,7274,336,6938,22,063,2010
"Orleans Parish, Louisiana",347858,346224,167434,37776,23615,14161,113711,11731,101980,15947,4376,11571,178790,36030,21352,14678,120302,21250,99052,22458,6371,16087,22,071,2010
"Ouachita Parish, Louisiana",153910,147302,68889,17497,7832,9665,44183,3877,40306,7209,825,6384,78413,18978,9710,9268,49026,6259,42767,10409,1725,8684,22,073,2010
"Rapides Parish, Louisiana",131779,124752,58118,17267,10326,6941,33574,4963,28611,7277,1272,6005,66634,16577,8949,7628,40526,7162,33364,9531,2754,6777,22,079,2010
"St. Landry Parish, Louisiana",83454,82487,39488,11650,6541,5109,23162,2341,20821,4676,1127,3549,42999,11176,7014,4162,25310,4099,21211,6513,1905,4608,22,097,2010
"St. Tammany Parish, Louisiana",234568,231827,112314,30830,9523,21307,68632,4563,64069,12852,872,11980,119513,29270,9289,19981,73741,5778,67963,16502,2938,13564,22,103,2010
"Tangipahoa Parish, Louisiana",121425,119804,57899,15705,8917,6788,36333,4229,32104,5861,918,4943,61905,14920,8878,6042,39234,7123,32111,7751,1415,6336,22,105,2010
"Terrebonne Parish, Louisiana",111861,110357,53992,14338,7632,6706,34156,3850,30306,5498,582,4916,56365,14733,7364,7369,35059,5793,29266,6573,830,5743,22,109,2010
"Androscoggin County, Maine",107623,105022,51416,12085,5781,6304,33309,6777,26532,6022,1102,4920,53606,11892,5967,5925,34392,8376,26016,7322,2208,5114,23,001,2010
"Aroostook County, Maine",71720,71013,35060,7439,3623,3816,21747,5596,16151,5874,1751,4123,35953,6950,3815,3135,22001,6455,15546,7002,1982,5020,23,003,2010
"Madison County, Tennessee",98395,96885,45854,12070,4704,7366,28539,2474,26065,5245,759,4486,51031,11521,5304,6217,32505,5615,26890,7005,1189,5816,47,113,2010
"Maury County, Tennessee",81141,79716,38218,9729,3363,6366,24164,3949,20215,4325,347,3978,41498,9347,2322,7025,26423,3262,23161,5728,1344,4384,47,119,2010
"Montgomery County, Tennessee",173307,164648,77728,24315,4669,19646,47254,2222,45032,6159,895,5264,86920,23765,6088,17677,55630,4774,50856,7525,1599,5926,47,125,2010
"Putnam County, Tennessee",72564,72199,35044,7321,3575,3746,22972,3364,19608,4751,649,4102,37155,8040,3422,4618,23228,3653,19575,5887,901,4986,47,141,2010
"Robertson County, Tennessee",66469,66041,33450,8962,2545,6417,20570,1483,19087,3918,571,3347,32591,8028,2022,6006,20637,2416,18221,3926,962,2964,47,147,2010
"Rutherford County, Tennessee",263740,261337,128781,35630,10737,24893,84256,6366,77890,8895,1425,7470,132556,33154,9956,23198,87134,9104,78030,12268,2215,10053,47,149,2010
"Sevier County, Tennessee",90072,89753,44469,10657,5618,5039,27467,2413,25054,6345,994,5351,45284,9306,4180,5126,28798,3208,25590,7180,1104,6076,47,155,2010
"Shelby County, Tennessee",929030,916180,433396,121857,49116,72741,274125,22168,251957,37414,6603,30811,482784,120444,49589,70855,306167,46777,259390,56173,12222,43951,47,157,2010
"Sullivan County, Tennessee",156794,154194,73526,16014,6907,9107,45241,5438,39803,12271,1938,10333,80668,16877,7152,9725,48193,8543,39650,15598,2007,13591,47,163,2010
"Sumner County, Tennessee",161250,159708,77222,20299,5992,14307,48212,3088,45124,8711,998,7713,82486,20359,6647,13712,51608,5938,45670,10519,1906,8613,47,165,2010
"Washington County, Tennessee",123338,122588,59587,12536,3974,8562,39009,2703,36306,8042,629,7413,63001,12271,4157,8114,40313,4182,36131,10417,1090,9327,47,179,2010
"Williamson County, Tennessee",184035,183643,88547,26921,3786,23135,54027,1521,52506,7599,358,7241,95096,27047,2975,24072,58136,2234,55902,9913,342,9571,47,187,2010
"Wilson County, Tennessee",114537,114102,56822,15151,3226,11925,35458,2364,33094,6213,517,5696,57280,13484,4148,9336,36292,4226,32066,7504,1018,6486,47,189,2010
"Angelina County, Texas",86953,84180,40229,11032,4629,6403,24224,2571,21653,4973,741,4232,43951,11280,4699,6581,25843,5510,20333,6828,1335,5493,48,005,2010
"Bastrop County, Texas",74403,72611,36432,10497,5333,5164,22512,726,21786,3423,239,3184,36179,9275,4086,5189,21828,924,20904,5076,787,4289,48,021,2010
"Bell County, Texas",313000,281884,130204,45230,11304,33926,73377,5270,68107,11597,2033,9564,151680,42899,11652,31247,94112,7195,86917,14669,3808,10861,48,027,2010
"Bexar County, Texas",1723780,1680827,814422,237687,94948,142739,503347,41714,461633,73388,11838,61550,866405,228842,93231,135611,539613,64442,475171,97950,20823,77127,48,029,2010
"Bowie County, Texas",92723,90156,44592,11103,3689,7414,28115,1938,26177,5374,873,4501,45564,11317,4446,6871,26779,1545,25234,7468,1187,6281,48,037,2010
"Brazoria County, Texas",314494,304290,150949,44668,12030,32638,93263,3819,89444,13018,1644,11374,153341,42563,9325,33238,95412,5683,89729,15366,2376,12990,48,039,2010
"Brazos County, Texas",195693,191618,96500,20452,7212,13240,70048,1663,68385,6000,510,5490,95118,19148,7653,11495,68227,4359,63868,7743,722,7021,48,041,2010
"Cameron County, Texas",408054,405749,195432,69221,45967,23254,106774,10264,96510,19437,5615,13822,210317,65499,42214,23285,120200,15371,104829,24618,9221,15397,48,061,2010
"Collin County, Texas",788407,785704,385695,115303,15751,99552,244051,3969,240082,26341,2591,23750,400009,110755,14290,96465,256044,6257,249787,33210,2751,30459,48,085,2010
"Comal County, Texas",109382,108104,53122,13466,4612,8854,31842,1255,30587,7814,932,6882,54982,12303,3346,8957,33994,1822,32172,8685,1205,7480,48,091,2010
"Coryell County, Texas",75645,64184,26911,10114,1090,9024,14125,581,13544,2672,542,2130,37273,10826,1593,9233,23202,1631,21571,3245,1158,2087,48,099,2010
"Dallas County, Texas",2377351,2348046,1155771,334758,137051,197707,736292,37784,698508,84721,11877,72844,1192275,320675,138015,182660,756156,61423,694733,115444,21613,93831,48,113,2010
"Denton County, Texas",667053,662242,325011,94515,17691,76824,210204,3986,206218,20292,650,19642,337231,88943,15161,73782,223113,8503,214610,25175,2036,23139,48,121,2010
"Ector County, Texas",137145,135787,66737,20363,9032,11331,40515,3229,37286,5859,1260,4599,69050,19568,8110,11458,41945,5661,36284,7537,1367,6170,48,135,2010
"Ellis County, Texas",150462,149022,73821,22451,9683,12768,44589,1862,42727,6781,719,6062,75201,21070,7454,13616,46263,3141,43122,7868,1318,6550,48,139,2010
"El Paso County, Texas",804338,784920,373190,123396,61026,62370,215947,15455,200492,33847,9171,24676,411730,118025,56949,61076,245852,28476,217376,47853,16496,31357,48,141,2010
"Fort Bend County, Texas",590350,583479,283729,89427,17426,72001,175231,5487,169744,19071,1994,17077,299750,85250,16688,68562,191008,6871,184137,23492,3866,19626,48,157,2010
"Galveston County, Texas",292607,289840,143245,37889,9750,28139,90839,3424,87415,14517,2054,12463,146595,36500,11829,24671,92326,6545,85781,17769,2870,14899,48,167,2010
"Grayson County, Texas",121145,120573,58450,14666,4552,10114,35611,1983,33628,8173,795,7378,62123,14661,6613,8048,37077,3157,33920,10385,1429,8956,48,181,2010
"Gregg County, Texas",121854,120857,59512,16233,6432,9801,36520,3980,32540,6759,945,5814,61345,14627,5510,9117,37162,3872,33290,9556,1269,8287,48,183,2010
"Guadalupe County, Texas",132431,130656,64312,19230,4587,14643,38046,1796,36250,7036,1067,5969,66344,17383,4105,13278,40570,1860,38710,8391,674,7717,48,187,2010
"Harris County, Texas",4110771,4088093,2030726,587569,233297,354272,1299639,85793,1213846,143518,19166,124352,2057367,563029,227526,335503,1308852,126462,1182390,185486,33125,152361,48,201,2010
"Harrison County, Texas",65766,65460,32779,9213,3533,5680,19456,847,18609,4110,226,3884,32681,7749,2366,5383,19988,1395,18593,4944,981,3963,48,203,2010
"Hays County, Texas",158312,156569,76896,19262,3763,15499,52167,1357,50810,5467,672,4795,79673,19354,5231,14123,53174,1797,51377,7145,781,6364,48,209,2010
"Henderson County, Texas",78647,78212,38127,8861,3257,5604,22391,1764,20627,6875,429,6446,40085,8870,4179,4691,23639,1663,21976,7576,887,6689,48,213,2010
"Hidalgo County, Texas",780087,776396,377055,137679,88161,49518,207116,16787,190329,32260,10687,21573,399341,132596,86313,46283,227039,27361,199678,39706,14483,25223,48,215,2010
"Hunt County, Texas",86353,85232,41603,10523,4377,6146,25704,1676,24028,5376,514,4862,43629,10651,5476,5175,26700,2329,24371,6278,773,5505,48,231,2010
"Jefferson County, Texas",252390,236222,114005,30726,13874,16852,70544,7241,63303,12735,1752,10983,122217,29401,14387,15014,74525,9046,65479,18291,2425,15866,48,245,2010
"Johnson County, Texas",151211,148976,75068,21435,8032,13403,45651,2238,43413,7982,293,7689,73908,19447,6755,12692,45010,3273,41737,9451,1726,7725,48,251,2010
"Kaufman County, Texas",103927,102964,51082,15277,3287,11990,31306,1151,30155,4499,306,4193,51882,14575,3466,11109,32016,1232,30784,5291,680,4611,48,257,2010
"Liberty County, Texas",75868,69355,34623,10043,3780,6263,20920,1619,19301,3660,443,3217,34732,9418,3636,5782,21050,1870,19180,4264,830,3434,48,291,2010
"Lubbock County, Texas",280237,275629,136320,34937,14596,20341,88457,5675,82782,12926,2115,10811,139309,33047,13534,19513,89195,8634,80561,17067,2427,14640,48,303,2010
"McLennan County, Texas",236028,233656,113725,30434,14039,16395,71261,5595,65666,12030,1500,10530,119931,29264,11703,17561,75303,7445,67858,15364,2525,12839,48,309,2010
"Midland County, Texas",136975,135309,65704,19052,6911,12141,40545,1993,38552,6107,716,5391,69605,18269,4878,13391,42794,3068,39726,8542,1715,6827,48,329,2010
"Montgomery County, Texas",459018,455997,224732,64096,17001,47095,139559,4855,134704,21077,1503,19574,231265,62649,16346,46303,142765,9086,133679,25851,2563,23288,48,339,2010
"Nueces County, Texas",340480,336773,164053,45498,22990,22508,101136,10420,90716,17419,2129,15290,172720,42957,21788,21169,106984,15103,91881,22779,3816,18963,48,355,2010
"Orange County, Texas",81930,81707,40803,11057,5513,5544,24552,2651,21901,5194,403,4791,40904,9742,4051,5691,24815,3391,21424,6347,940,5407,48,361,2010
"Parker County, Texas",117283,113820,56051,14969,4870,10099,34296,1174,33122,6786,462,6324,57769,14084,4872,9212,36184,2063,34121,7501,400,7101,48,367,2010
"Potter County, Texas",121446,119532,61359,17534,8038,9496,38636,2030,36606,5189,766,4423,58173,16094,7836,8258,35128,4799,30329,6951,1102,5849,48,375,2010
"Randall County, Texas",121208,119747,58578,15584,3212,12372,36632,1086,35546,6362,537,5825,61169,14209,2464,11745,38702,2159,36543,8258,471,7787,48,381,2010
"Rockwall County, Texas",79003,78539,38394,11640,2025,9615,23609,692,22917,3145,545,2600,40145,11894,1932,9962,24162,932,23230,4089,259,3830,48,397,2010
"San Patricio County, Texas",64586,63920,32210,9723,5295,4428,18965,1760,17205,3522,835,2687,31710,8462,4255,4207,19056,1719,17337,4192,636,3556,48,409,2010
"Smith County, Texas",210512,208565,100539,28049,8699,19350,59867,3562,56305,12623,1171,11452,108026,26187,8520,17667,65225,4634,60591,16614,2441,14173,48,423,2010
"Tarrant County, Texas",1817658,1801090,881485,259405,86238,173167,555442,26677,528765,66638,7127,59511,919605,249437,83860,165577,580021,43500,536521,90147,13693,76454,48,439,2010
"Taylor County, Texas",131896,126480,59700,15906,5117,10789,37752,2163,35589,6042,785,5257,66780,15971,6906,9065,41022,3768,37254,9787,1687,8100,48,441,2010
"Tom Green County, Texas",110679,102909,48235,13273,4756,8517,28148,2249,25899,6814,616,6198,54674,12659,5656,7003,33413,1916,31497,8602,1053,7549,48,451,2010
"Travis County, Texas",1030806,1024735,515724,125546,46264,79282,358210,18421,339789,31968,3367,28601,509011,120551,42271,78280,347047,30020,317027,41413,6154,35259,48,453,2010
"Victoria County, Texas",86878,85781,42157,12192,5366,6826,25182,1344,23838,4783,414,4369,43624,11042,4496,6546,26299,1681,24618,6283,1028,5255,48,469,2010
"Walker County, Texas",68185,51753,24362,5679,1676,4003,15515,806,14709,3168,363,2805,27391,5715,2295,3420,17997,1406,16591,3679,315,3364,48,471,2010
"Webb County, Texas",251632,250164,119928,44923,25501,19422,66930,4965,61965,8075,2415,5660,130236,43161,23102,20059,75353,6445,68908,11722,5911,5811,48,479,2010
"Wichita County, Texas",131685,120150,57517,16016,6181,9835,34426,2836,31590,7075,1038,6037,62633,14235,5329,8906,38431,3952,34479,9967,1316,8651,48,485,2010
"Williamson County, Texas",426645,423638,208011,62550,14577,47973,128918,3834,125084,16543,1590,14953,215627,59925,14596,45329,135445,6023,129422,20257,3241,17016,48,491,2010
"Cache County, Utah",113417,112883,57138,18879,5549,13330,34303,2804,31499,3956,258,3698,55745,16995,3079,13916,34242,2403,31839,4508,275,4233,49,005,2010
"Davis County, Utah",307856,304631,152400,54931,7220,47711,86012,3282,82730,11457,1115,10342,152231,50706,6986,43720,88225,5468,82757,13300,1630,11670,49,011,2010
"Salt Lake County, Utah",1033910,1023555,512761,154371,32844,121527,319671,19428,300243,38719,4456,34263,510794,145892,33764,112128,315272,24695,290577,49630,7218,42412,49,035,2010
"Utah County, Utah",520049,515404,256380,91172,14867,76305,150281,8688,141593,14927,1512,13415,259024,88861,15165,73696,151565,9910,141655,18598,2528,16070,49,049,2010
"Washington County, Utah",138451,137516,66755,20884,5546,15338,35016,2294,32722,10855,475,10380,70761,20826,5821,15005,37919,3847,34072,12016,705,11311,49,053,2010
"Weber County, Utah",232228,230043,115988,35742,7289,28453,69739,4143,65596,10507,1049,9458,114055,33285,7204,26081,68168,5924,62244,12602,1425,11177,49,057,2010
"Chittenden County, Vermont",156705,155291,75383,16064,5595,10469,52124,7821,44303,7195,531,6664,79908,15153,5749,9404,54867,9743,45124,9888,1802,8086,50,007,2010
"Albemarle County, Virginia",99150,98418,46589,9979,830,9149,30674,577,30097,5936,1093,4843,51829,11287,1224,10063,32428,442,31986,8114,715,7399,51,003,2010
"Arlington County, Virginia",209457,204329,100471,17044,2288,14756,75578,959,74619,7849,643,7206,103858,15802,1917,13885,78329,1234,77095,9727,1242,8485,51,013,2010
"Augusta County, Virginia",74192,70150,34672,8080,1776,6304,20873,610,20263,5719,699,5020,35478,7454,1362,6092,22158,697,21461,5866,589,5277,51,015,2010
"Bedford County, Virginia",68735,68570,32834,6680,1313,5367,20330,1167,19163,5824,299,5525,35736,7778,1686,6092,21708,1505,20203,6250,478,5772,51,019,2010
"Chesterfield County, Virginia",317102,313540,151186,42539,8456,34083,94712,2722,91990,13935,437,13498,162354,39722,5841,33881,104424,4162,100262,18208,1436,16772,51,041,2010
"Fairfax County, Virginia",1086743,1071445,526002,135072,18081,116991,343336,8397,334939,47594,3549,44045,545443,128236,19503,108733,360145,8935,351210,57062,6992,50070,51,059,2010
"Fauquier County, Virginia",62971,62413,31429,8671,866,7805,18598,226,18372,4160,413,3747,30984,7471,761,6710,19244,364,18880,4269,303,3966,51,061,2010
"Frederick County, Virginia",78511,75570,36365,9851,1256,8595,22022,815,21207,4492,394,4098,39205,9685,1278,8407,24175,1179,22996,5345,514,4831,51,069,2010
"Hanover County, Virginia",99948,99173,48737,13304,937,12367,30021,387,29634,5412,789,4623,50436,11567,870,10697,31881,1032,30849,6988,1195,5793,51,085,2010
"Henrico County, Virginia",307435,304393,143137,38040,9843,28197,90461,3328,87133,14636,719,13917,161256,36235,9886,26349,102846,6329,96517,22175,1865,20310,51,087,2010
"James City County, Virginia",67237,65851,32011,7332,806,6526,18560,347,18213,6119,199,5920,33840,6733,1449,5284,19706,505,19201,7401,285,7116,51,095,2010
"Loudoun County, Virginia",315134,312308,153836,48677,2880,45797,96624,898,95726,8535,659,7876,158472,47412,3164,44248,100417,1617,98800,10643,1252,9391,51,107,2010
"Montgomery County, Virginia",94531,94305,48428,7465,1661,5804,36946,410,36536,4017,432,3585,45877,7422,2141,5281,33283,1096,32187,5172,238,4934,51,121,2010
"Prince William County, Virginia",406110,389407,188514,60007,11141,48866,116755,1868,114887,11752,1160,10592,200893,57215,11251,45964,129040,4540,124500,14638,1901,12737,51,153,2010
"Roanoke County, Virginia",92389,90601,42809,9917,1603,8314,27008,561,26447,5884,266,5618,47792,10536,2153,8383,29014,833,28181,8242,369,7873,51,161,2010
"Rockingham County, Virginia",76413,76371,37628,9278,991,8287,22883,1203,21680,5467,286,5181,38743,8748,1563,7185,23338,1124,22214,6657,759,5898,51,165,2010
"Spotsylvania County, Virginia",122853,121585,60379,18135,2084,16051,37067,1185,35882,5177,57,5120,61206,15958,2255,13703,38466,1945,36521,6782,1160,5622,51,177,2010
"Stafford County, Virginia",129745,122978,59197,19148,1682,17466,35399,894,34505,4650,180,4470,63781,18209,2525,15684,40757,1595,39162,4815,311,4504,51,179,2010
"York County, Virginia",65467,62685,29055,8570,1325,7245,17007,267,16740,3478,58,3420,33630,8875,323,8552,20167,777,19390,4588,0,4588,51,199,2010
"Alexandria city, Virginia",140912,136033,66247,12882,3683,9199,48636,713,47923,4729,655,4074,69786,11240,2822,8418,52163,1286,50877,6383,633,5750,51,510,2010
"Chesapeake city, Virginia",222986,213298,99859,29012,4744,24268,60935,1300,59635,9912,582,9330,113439,27704,5947,21757,72327,3500,68827,13408,1521,11887,51,550,2010
"Hampton city, Virginia",137381,131616,61399,15967,4295,11672,38609,1458,37151,6823,762,6061,70217,15171,4567,10604,45293,3485,41808,9753,1107,8646,51,650,2010
"Lynchburg city, Virginia",75686,74485,35904,8166,4528,3638,24093,1956,22137,3645,538,3107,38581,7386,3693,3693,25384,3001,22383,5811,506,5305,51,680,2010
"Newport News city, Virginia",180712,164262,73287,22088,6813,15275,43685,1621,42064,7514,770,6744,90975,21470,5253,16217,58794,5779,53015,10711,1149,9562,51,700,2010
"Norfolk city, Virginia",243135,227128,113529,25373,8266,17107,78760,3519,75241,9396,1173,8223,113599,24647,9302,15345,75393,7468,67925,13559,1967,11592,51,710,2010
"Portsmouth city, Virginia",95696,92074,43272,11780,5340,6440,26573,2019,24554,4919,411,4508,48802,10812,5145,5667,30432,4378,26054,7558,1202,6356,51,740,2010
"Richmond city, Virginia",204389,202335,95822,19258,12438,6820,67901,5567,62334,8663,1059,7604,106513,18700,10405,8295,74217,12312,61905,13596,2787,10809,51,760,2010
"Roanoke city, Virginia",96967,95903,45275,10467,5822,4645,29637,2703,26934,5171,472,4699,50628,10494,5538,4956,32105,4404,27701,8029,1592,6437,51,770,2010
"Suffolk city, Virginia",84906,82336,38929,11640,3240,8400,23039,992,22047,4250,297,3953,43407,10533,2380,8153,27131,1907,25224,5743,853,4890,51,800,2010
"Virginia Beach city, Virginia",439172,419088,198122,54250,8852,45398,124360,4127,120233,19512,952,18560,220966,51356,8805,42551,143541,5634,137907,26069,1633,24436,51,810,2010
"Benton County, Washington",176455,175485,87494,24925,9179,15746,53185,3426,49759,9384,1052,8332,87991,22955,8764,14191,53613,6419,47194,11423,1022,10401,53,005,2010
"Chelan County, Washington",72735,71927,35757,9611,5211,4400,21183,1997,19186,4963,386,4577,36170,8516,3046,5470,21598,2257,19341,6056,511,5545,53,007,2010
"Clallam County, Washington",71515,69239,33771,7167,2768,4399,18830,2031,16799,7774,649,7125,35468,6198,2748,3450,20298,3734,16564,8972,758,8214,53,009,2010
"Clark County, Washington",427044,424482,208690,57715,23171,34544,128730,10629,118101,22245,2696,19549,215792,55124,20919,34205,133785,16973,116812,26883,3328,23555,53,011,2010
"Cowlitz County, Washington",102501,101576,49444,12621,6524,6097,29896,4703,25193,6927,984,5943,52132,11872,5387,6485,31707,6643,25064,8553,1178,7375,53,015,2010
"Franklin County, Washington",79223,77987,39955,14127,7801,6326,23089,3893,19196,2739,531,2208,38032,13073,7810,5263,21923,3503,18420,3036,523,2513,53,021,2010
"Grant County, Washington",89744,88364,44986,14438,8714,5724,25860,2331,23529,4688,657,4031,43378,13030,7505,5525,25114,4294,20820,5234,563,4671,53,025,2010
"Grays Harbor County, Washington",72882,69816,34513,7807,3856,3951,21260,2607,18653,5446,520,4926,35303,7535,4216,3319,21800,3036,18764,5968,1194,4774,53,027,2010
"Island County, Washington",78681,75013,35735,8186,604,7582,20861,625,20236,6688,507,6181,39278,8160,1403,6757,23498,1503,21995,7620,718,6902,53,029,2010
"King County, Washington",1937961,1924004,957114,212704,59427,153277,654385,35826,618559,90025,13050,76975,966890,201912,53812,148100,649300,52738,596562,115678,21545,94133,53,033,2010
"Kitsap County, Washington",251809,240056,116636,29132,7456,21676,72987,5234,67753,14517,2580,11937,123420,27470,5111,22359,77937,8941,68996,18013,3150,14863,53,035,2010
"Lewis County, Washington",75487,74883,37839,9450,4254,5196,22346,2240,20106,6043,375,5668,37044,8145,4418,3727,22081,4291,17790,6818,1137,5681,53,041,2010
"Pierce County, Washington",795628,769110,373676,100414,34693,65721,235875,16731,219144,37387,3705,33682,395434,96832,30791,66041,251839,27406,224433,46763,7881,38882,53,053,2010
"Skagit County, Washington",117102,116184,57690,13969,6641,7328,35178,2700,32478,8543,617,7926,58494,13631,6491,7140,34964,3814,31150,9899,705,9194,53,057,2010
"Snohomish County, Washington",715470,704771,349149,89078,26877,62201,228958,11885,217073,31113,3862,27251,355622,85119,26378,58741,229956,20204,209752,40547,7226,33321,53,061,2010
"Spokane County, Washington",472147,461799,223261,54768,22196,32572,142071,12249,129822,26422,3229,23193,238538,54182,21834,32348,150857,21530,129327,33499,4923,28576,53,063,2010
"Thurston County, Washington",253087,247552,119336,30303,8950,21353,74516,4397,70119,14517,758,13759,128216,27919,6709,21210,82493,7957,74536,17804,1832,15972,53,067,2010
"Whatcom County, Washington",201628,200267,99334,21865,8429,13436,65526,3970,61556,11943,976,10967,100933,20384,6279,14105,66414,7862,58552,14135,2318,11817,53,073,2010
"Yakima County, Washington",244485,242291,120106,37550,21666,15884,70222,5848,64374,12334,2315,10019,122185,36965,19321,17644,70145,10390,59755,15075,3183,11892,53,077,2010
"Berkeley County, West Virginia",104641,103289,49820,12627,4234,8393,31827,1878,29949,5366,607,4759,53469,13834,5174,8660,33315,3241,30074,6320,1298,5022,54,003,2010
"Cabell County, West Virginia",96378,95132,46763,9826,5512,4314,30607,4125,26482,6330,354,5976,48369,8927,5237,3690,31027,5398,25629,8415,1131,7284,54,011,2010
"Harrison County, West Virginia",69233,68216,33650,7519,2694,4825,21465,2939,18526,4666,550,4116,34566,7086,3603,3483,20978,3222,17756,6502,617,5885,54,033,2010
"Kanawha County, West Virginia",192976,190760,89808,19633,7235,12398,57023,4446,52577,13152,1741,11411,100952,20132,6763,13369,61914,8125,53789,18906,2219,16687,54,039,2010
"Monongalia County, West Virginia",96791,95643,49096,8059,2169,5890,36975,1566,35409,4062,220,3842,46547,7090,2078,5012,33885,2368,31517,5572,576,4996,54,061,2010
"Raleigh County, West Virginia",78904,75332,35447,7955,2838,5117,22157,2348,19809,5335,554,4781,39885,8424,3017,5407,24203,3934,20269,7258,818,6440,54,081,2010
"Wood County, West Virginia",86990,86285,41723,9738,4627,5111,25833,2817,23016,6152,491,5661,44562,9212,4057,5155,27260,3726,23534,8090,568,7522,54,107,2010
"Brown County, Wisconsin",248506,245650,121846,32560,11892,20668,77607,6036,71571,11679,999,10680,123804,29297,10099,19198,78785,10094,68691,15722,983,14739,55,009,2010
"Dane County, Wisconsin",489309,485132,240368,54732,11595,43137,164355,10656,153699,21281,1523,19758,244764,51470,11451,40019,165565,16660,148905,27729,2455,25274,55,025,2010
"Dodge County, Wisconsin",88748,80126,40798,9950,3061,6889,26071,3285,22786,4777,317,4460,39328,9631,2798,6833,24694,3141,21553,5003,604,4399,55,027,2010
"Eau Claire County, Wisconsin",98928,98122,48554,11098,4408,6690,32188,3540,28648,5268,825,4443,49568,9997,3335,6662,32957,5360,27597,6614,867,5747,55,035,2010
"Fond du Lac County, Wisconsin",101665,100986,49468,11722,4220,7502,31523,2735,28788,6223,403,5820,51518,11399,3830,7569,31295,4865,26430,8824,1336,7488,55,039,2010
"Jefferson County, Wisconsin",83693,83341,41481,10311,3519,6792,26461,2131,24330,4709,429,4280,41860,9484,2978,6506,26343,4254,22089,6033,885,5148,55,055,2010
"Kenosha County, Wisconsin",166671,164411,81294,21869,6061,15808,51658,3387,48271,7767,1530,6237,83117,20469,6662,13807,52349,9850,42499,10299,1506,8793,55,059,2010
"La Crosse County, Wisconsin",114874,113070,55764,12807,2309,10498,36393,2644,33749,6564,869,5695,57306,11327,2389,8938,38062,4223,33839,7917,1054,6863,55,063,2010
"Manitowoc County, Wisconsin",81349,79930,39770,9676,3056,6620,24645,2022,22623,5449,869,4580,40160,8505,2455,6050,23954,3231,20723,7701,1200,6501,55,071,2010
"Marathon County, Wisconsin",134104,133011,66565,16678,5499,11179,41419,4291,37128,8468,966,7502,66446,16118,4691,11427,40224,5695,34529,10104,1046,9058,55,073,2010
"Milwaukee County, Wisconsin",948944,940063,453177,119540,54712,64828,291047,38097,252950,42590,6340,36250,486886,116394,57483,58911,307009,70847,236162,63483,12297,51186,55,079,2010
"Outagamie County, Wisconsin",176912,175985,88041,23224,3720,19504,55903,3644,52259,8914,1150,7764,87944,21183,3960,17223,55188,5504,49684,11573,1472,10101,55,087,2010
"Ozaukee County, Wisconsin",86365,86303,42352,10310,1354,8956,26089,1183,24906,5953,279,5674,43951,9761,1110,8651,26821,1924,24897,7369,981,6388,55,089,2010
"Portage County, Wisconsin",70053,69616,34144,6886,2479,4407,23341,2303,21038,3917,150,3767,35472,7599,2711,4888,22827,2984,19843,5046,863,4183,55,097,2010
"Racine County, Wisconsin",195510,190732,93678,24757,9256,15501,57890,7069,50821,11031,803,10228,97054,23195,8114,15081,58863,12009,46854,14996,1779,13217,55,101,2010
"Rock County, Wisconsin",160310,159293,77771,19791,7221,12570,48733,5480,43253,9247,994,8253,81522,19971,9036,10935,49719,10051,39668,11832,1192,10640,55,105,2010
"St. Croix County, Wisconsin",84442,83813,42083,11552,3465,8087,26966,1904,25062,3565,255,3310,41730,11345,2210,9135,26073,3834,22239,4312,356,3956,55,109,2010
"Sheboygan County, Wisconsin",115472,112884,56388,14371,3995,10376,35270,2542,32728,6747,762,5985,56496,13033,3146,9887,34188,4168,30020,9275,1143,8132,55,117,2010
"Walworth County, Wisconsin",102205,101346,50836,12331,4733,7598,32633,3127,29506,5872,627,5245,50510,11728,3649,8079,31502,4526,26976,7280,856,6424,55,127,2010
"Washington County, Wisconsin",131971,131649,64931,16233,2887,13346,40922,2014,38908,7776,829,6947,66718,16491,2972,13519,40416,4250,36166,9811,899,8912,55,131,2010
"Waukesha County, Wisconsin",389964,386997,189497,47039,6116,40923,118897,5834,113063,23561,1577,21984,197500,46418,5682,40736,121333,7832,113501,29749,3007,26742,55,133,2010
"Winnebago County, Wisconsin",167059,160919,79972,17745,5758,11987,53160,5138,48022,9067,685,8382,80947,16959,5017,11942,52336,7834,44502,11652,1056,10596,55,139,2010
"Wood County, Wisconsin",74793,74204,36666,8766,3169,5597,22227,2857,19370,5673,430,5243,37538,8180,2269,5911,22345,4359,17986,7013,897,6116,55,141,2010
"Laramie County, Wyoming",92127,89561,43793,11077,4553,6524,27418,1508,25910,5298,144,5154,45768,11297,5266,6031,28188,2332,25856,6283,753,5530,56,021,2010
"Natrona County, Wyoming",75507,74529,37606,9398,3136,6262,24150,1301,22849,4058,193,3865,36923,8435,3403,5032,23296,1906,21390,5192,624,4568,56,025,2010
"Arecibo Municipio, Puerto Rico",96374,95205,45180,11329,5454,5875,26901,8866,18035,6950,1775,5175,50025,10708,5351,5357,30430,12512,17918,8887,2774,6113,72,013,2010
"Bayamón Municipio, Puerto Rico",207960,203864,94654,24166,13362,10804,56152,15098,41054,14336,3415,10921,109210,22533,10162,12371,66449,23555,42894,20228,4629,15599,72,021,2010
"Caguas Municipio, Puerto Rico",142749,142530,66837,17526,7911,9615,40432,12477,27955,8879,2447,6432,75693,16798,8425,8373,46326,15891,30435,12569,3909,8660,72,025,2010
"Carolina Municipio, Puerto Rico",176633,176633,81773,20729,7789,12940,49145,9889,39256,11899,2552,9347,94860,19721,8067,11654,58236,13786,44450,16903,4151,12752,72,031,2010
"Guaynabo Municipio, Puerto Rico",97864,97443,46076,10725,3920,6805,28750,5750,23000,6601,1558,5043,51367,10210,4393,5817,31836,6377,25459,9321,1371,7950,72,061,2010
"Mayagüez Municipio, Puerto Rico",89028,88414,42093,9139,4871,4268,26363,9699,16664,6591,2035,4556,46321,8711,5384,3327,28331,11615,16716,9279,3608,5671,72,097,2010
"Ponce Municipio, Puerto Rico",166164,161923,75616,20555,14270,6285,44285,19851,24434,10776,3518,7258,86307,19727,14143,5584,52008,27921,24087,14572,6072,8500,72,113,2010
"San Juan Municipio, Puerto Rico",395074,387384,178055,43212,20837,22375,109117,22711,86406,25726,4780,20946,209329,41931,20926,21005,129714,34420,95294,37684,8658,29026,72,127,2010
"Toa Alta Municipio, Puerto Rico",73954,73806,35669,10252,3603,6649,22188,6686,15502,3229,777,2452,38137,9945,4059,5886,24355,6431,17924,3837,1528,2309,72,135,2010
"Toa Baja Municipio, Puerto Rico",89513,88913,41926,11032,5009,6023,25647,6147,19500,5247,1162,4085,46987,10660,4937,5723,29585,10313,19272,6742,980,5762,72,137,2010
"Trujillo Alto Municipio, Puerto Rico",74754,74124,35152,9729,4624,5105,21260,5325,15935,4163,838,3325,38972,8968,4112,4856,24442,7098,17344,5562,1761,3801,72,139,2010
"Baldwin County, Alabama",186717,184756,88502,20450,6508,13942,53743,3053,50690,14309,925,13384,96254,21741,7520,14221,57358,3491,53867,17155,1208,15947,01,003,2011
"Calhoun County, Alabama",117797,116239,55814,13876,6876,7000,35007,2783,32224,6931,1062,5869,60425,12926,7442,5484,37298,4234,33064,10201,1866,8335,01,015,2011
"Cullman County, Alabama",80536,79860,39655,9505,3449,6056,24497,1863,22634,5653,954,4699,40205,9042,4587,4455,23712,2283,21429,7451,1545,5906,01,043,2011
"DeKalb County, Alabama",71375,70735,34762,8779,3276,5503,21816,1505,20311,4167,696,3471,35973,8493,3474,5019,22332,3089,19243,5148,837,4311,01,049,2011
"Elmore County, Alabama",80162,74403,34043,9153,2641,6512,20884,712,20172,4006,255,3751,40360,9311,2922,6389,25916,2688,23228,5133,643,4490,01,051,2011
"Etowah County, Alabama",104303,102674,49888,12837,5677,7160,30229,4487,25742,6822,881,5941,52786,10778,4109,6669,32540,4994,27546,9468,1792,7676,01,055,2011
"Houston County, Alabama",102369,101547,48309,12580,4954,7626,29284,2111,27173,6445,743,5702,53238,12244,5149,7095,32349,3905,28444,8645,1546,7099,01,069,2011
"Jefferson County, Alabama",658931,651402,305937,77570,28267,49303,194179,15582,178597,34188,4816,29372,345465,76791,29841,46950,218823,25139,193684,49851,9364,40487,01,073,2011
"Lauderdale County, Alabama",92781,92104,44212,10316,4587,5729,27224,1737,25487,6672,908,5764,47892,9597,3010,6587,29439,2726,26713,8856,2043,6813,01,077,2011
"Lee County, Alabama",143468,141163,69493,16438,4855,11583,47216,2351,44865,5839,755,5084,71670,14838,5171,9667,49535,2434,47101,7297,999,6298,01,081,2011
"Limestone County, Alabama",85369,78743,37080,10353,3823,6530,22211,884,21327,4516,654,3862,41663,9640,3451,6189,26511,1844,24667,5512,785,4727,01,083,2011
"Madison County, Alabama",340111,336485,163336,40028,12616,27412,106054,4954,101100,17254,1966,15288,173149,39254,12753,26501,109960,5976,103984,23935,3950,19985,01,089,2011
"Marshall County, Alabama",94166,93255,46155,11362,4431,6931,28918,2486,26432,5875,599,5276,47100,11551,5469,6082,27664,3570,24094,7885,1622,6263,01,095,2011
"Mobile County, Alabama",412577,405879,192490,52341,25827,26514,118174,9646,108528,21975,2725,19250,213389,49783,23439,26344,132267,18061,114206,31339,6112,25227,01,097,2011
"Montgomery County, Alabama",232032,225337,104683,28928,13062,15866,64818,4069,60749,10937,1699,9238,120654,28355,14559,13796,75724,9312,66412,16575,2624,13951,01,101,2011
"Morgan County, Alabama",119953,118536,57832,13992,6167,7825,36195,3068,33127,7645,596,7049,60704,14697,5746,8951,36513,2936,33577,9494,1014,8480,01,103,2011
"St. Clair County, Alabama",84398,82609,40422,9499,4678,4821,25802,1475,24327,5121,823,4298,42187,9640,3169,6471,26378,2424,23954,6169,676,5493,01,115,2011
"Shelby County, Alabama",197936,196370,95949,25417,4780,20637,60581,1670,58911,9951,636,9315,100421,24281,4327,19954,64436,3196,61240,11704,1897,9807,01,117,2011
"Talladega County, Alabama",81664,79095,37595,9074,5392,3682,23636,2375,21261,4885,668,4217,41500,9330,5234,4096,25632,4732,20900,6538,1336,5202,01,121,2011
"Tuscaloosa County, Alabama",197211,195790,94276,20684,7467,13217,64896,4843,60053,8696,1536,7160,101514,20741,7543,13198,68647,9383,59264,12126,2023,10103,01,125,2011
"Walker County, Alabama",66661,65901,31621,7365,2877,4488,19684,2175,17509,4572,702,3870,34280,7570,4008,3562,20554,2663,17891,6156,1133,5023,01,127,2011
"Anchorage Municipality, Alaska",295570,283900,138589,37501,11552,25949,90814,6371,84443,10274,1778,8496,145311,38146,13538,24608,95609,10326,85283,11556,1734,9822,02,020,2011
"Fairbanks North Star Borough, Alaska",99192,93168,48121,13477,3954,9523,31242,1391,29851,3402,376,3026,45047,11510,2818,8692,30373,1785,28588,3164,492,2672,02,090,2011
"Matanuska-Susitna Borough, Alaska",91946,90763,45592,13257,4358,8899,28624,1725,26899,3711,896,2815,45171,12614,4583,8031,28014,3118,24896,4543,713,3830,02,170,2011
"Apache County, Arizona",72401,71833,36431,12291,7665,4626,20247,7726,12521,3893,1213,2680,35402,10479,6125,4354,20346,8746,11600,4577,1804,2773,04,001,2011
"Cochise County, Arizona",133289,121975,56098,14344,6093,8251,30508,4713,25795,11246,1266,9980,65877,16123,5903,10220,37524,7517,30007,12230,1685,10545,04,003,2011
"Coconino County, Arizona",134511,133937,65924,15275,7134,8141,44680,7011,37669,5969,747,5222,68013,15263,6954,8309,45855,9090,36765,6895,1001,5894,04,005,2011
"Maricopa County, Arizona",3880244,3850052,1900293,513777,175941,337836,1172250,124125,1048125,214266,24202,190064,1949759,492504,162309,330195,1194422,171805,1022617,262833,35486,227347,04,013,2011
"Mohave County, Arizona",202351,197471,97304,20998,11200,9798,52206,10825,41381,24100,2737,21363,100167,20335,9873,10462,55693,15143,40550,24139,2893,21246,04,015,2011
"Navajo County, Arizona",107398,105310,52309,16090,9116,6974,29237,8360,20877,6982,996,5986,53001,15169,9873,5296,29991,11393,18598,7841,2173,5668,04,017,2011
"Pima County, Arizona",989569,973601,475191,114963,45986,68977,290747,48794,241953,69481,7143,62338,498410,108430,42303,66127,305170,60223,244947,84810,9923,74887,04,019,2011
"Pinal County, Arizona",382992,359089,179272,52595,19433,33162,99910,12032,87878,26767,3750,23017,179817,47184,16339,30845,104073,20759,83314,28560,3384,25176,04,021,2011
"Yavapai County, Arizona",211888,210573,104456,20245,9983,10262,58888,11535,47353,25323,1297,24026,106117,18501,7807,10694,59444,11139,48305,28172,1992,26180,04,025,2011
"Yuma County, Arizona",200870,191673,94301,28738,12787,15951,49868,8030,41838,15695,2261,13434,97372,26768,11813,14955,54435,14630,39805,16169,2216,13953,04,027,2011
"Benton County, Arkansas",227556,225506,111582,32519,11256,21263,67021,2878,64143,12042,1259,10783,113924,30158,10865,19293,69333,6825,62508,14433,1494,12939,05,007,2011
"Craighead County, Arkansas",98315,97312,48281,12315,6711,5604,31157,2233,28924,4809,733,4076,49031,12188,6763,5425,30321,3273,27048,6522,729,5793,05,031,2011
"Faulkner County, Arkansas",116342,115591,57357,14650,5242,9408,37841,2368,35473,4866,537,4329,58234,13743,4773,8970,37961,2780,35181,6530,857,5673,05,045,2011
"Garland County, Arkansas",97124,95675,46398,10408,6124,4284,27181,2681,24500,8809,554,8255,49277,9601,5952,3649,28768,3441,25327,10908,1473,9435,05,051,2011
"Jefferson County, Arkansas",76246,71822,33438,9388,6153,3235,19874,1466,18408,4176,578,3598,38384,8689,5119,3570,23991,4431,19560,5704,1906,3798,05,069,2011
"Lonoke County, Arkansas",69341,67607,33112,9846,4656,5190,19996,1546,18450,3270,174,3096,34495,8964,3224,5740,21428,2176,19252,4103,495,3608,05,085,2011
"Pulaski County, Arkansas",386299,380322,181748,47114,20776,26338,116056,8609,107447,18578,2826,15752,198574,45099,18792,26307,126645,14219,112426,26830,4796,22034,05,119,2011
"Saline County, Arkansas",109526,107979,52682,13515,4367,9148,31409,1633,29776,7758,1111,6647,55297,12325,3269,9056,33809,2846,30963,9163,1421,7742,05,125,2011
"Sebastian County, Arkansas",127127,125806,62298,16936,8697,8239,38487,2966,35521,6875,554,6321,63508,14873,6470,8403,39363,4642,34721,9272,1199,8073,05,131,2011
"Washington County, Arkansas",207521,205710,103750,27551,12359,15192,67834,4023,63811,8365,1298,7067,101960,24927,11058,13869,66062,4869,61193,10971,1907,9064,05,143,2011
"White County, Arkansas",78167,77527,38443,10103,3965,6138,23749,1777,21972,4591,501,4090,39084,8429,2772,5657,24310,2661,21649,6345,1314,5031,05,145,2011
"Alameda County, California",1529875,1518111,744055,174153,54286,119867,495992,41866,454126,73910,12547,61363,774056,166534,56622,109912,510864,68326,442538,96658,19868,76790,06,001,2011
"Butte County, California",220266,217689,106549,22647,9861,12786,69345,14674,54671,14557,2033,12524,111140,22829,9711,13118,69540,15621,53919,18771,4619,14152,06,007,2011
"Contra Costa County, California",1066096,1060240,517803,133340,36865,96475,326187,25541,300646,58276,7166,51110,542437,126415,27664,98751,340853,41696,299157,75169,12787,62382,06,013,2011
"El Dorado County, California",180938,179859,89266,20451,4527,15924,55655,4473,51182,13160,1250,11910,90593,19596,5127,14469,56850,5995,50855,14147,1086,13061,06,017,2011
"Fresno County, California",942904,931345,461760,141328,78731,62597,278845,41838,237007,41587,9621,31966,469585,136237,77106,59131,280580,69081,211499,52768,13306,39462,06,019,2011
"Humboldt County, California",134761,133575,66954,13411,6696,6715,45615,6488,39127,7928,472,7456,66621,12856,5325,7531,43933,7151,36782,9832,1149,8683,06,023,2011
"Imperial County, California",177057,165906,80059,25925,11087,14838,45664,9439,36225,8470,4562,3908,85847,25024,10434,14590,50470,12689,37781,10353,5659,4694,06,025,2011
"Kern County, California",851710,820610,409939,128749,64673,64076,246476,38183,208293,34714,6962,27752,410671,125742,67790,57952,243512,56831,186681,41417,8824,32593,06,029,2011
"Kings County, California",153765,130364,64667,21728,7452,14276,38344,4585,33759,4595,1048,3547,65697,20484,8210,12274,38748,6322,32426,6465,1284,5181,06,031,2011
"Lake County, California",64323,63615,32821,7810,3613,4197,19442,3369,16073,5569,465,5104,30794,5378,2817,2561,19532,4752,14780,5884,549,5335,06,033,2011
"Los Angeles County, California",9889056,9819067,4833991,1212141,530837,681304,3161083,309805,2851278,460767,109926,350841,4985076,1162379,522634,639745,3211301,475492,2735809,611396,180205,431191,06,037,2011
"Madera County, California",152925,141807,72239,20918,12222,8696,43290,9144,34146,8031,1456,6575,69568,21246,10646,10600,39624,10399,29225,8698,1512,7186,06,039,2011
"Marin County, California",255031,248265,119569,26419,6026,20393,73750,5322,68428,19400,1336,18064,128696,25682,5870,19812,78922,7745,71177,24092,1831,22261,06,041,2011
"Mendocino County, California",87553,86045,43976,10937,6095,4842,26426,5642,20784,6613,734,5879,42069,8378,5507,2871,26312,5215,21097,7379,1129,6250,06,045,2011
"Merced County, California",259898,257022,129243,42330,24347,17983,75749,14416,61333,11164,3388,7776,127779,38915,21954,16961,75135,19156,55979,13729,4552,9177,06,047,2011
"Monterey County, California",421898,398398,195637,57580,27524,30056,118747,10611,108136,19310,2933,16377,202761,55247,27359,27888,122773,16248,106525,24741,3955,20786,06,053,2011
"Napa County, California",138088,136208,67823,15876,4326,11550,42715,2642,40073,9232,825,8407,68385,15623,3607,12016,41650,3557,38093,11112,1262,9850,06,055,2011
"Nevada County, California",98612,97576,47770,9238,2382,6856,29524,2680,26844,9008,350,8658,49806,8869,2700,6169,30252,2876,27376,10685,652,10033,06,057,2011
"Orange County, California",3055745,3038551,1503006,377546,124318,253228,967674,61761,905913,157786,22840,134946,1535545,359117,116676,242441,975715,86497,889218,200713,37622,163091,06,059,2011
"Placer County, California",357138,354134,173619,43979,7672,36307,104454,5786,98668,25186,879,24307,180515,41649,5935,35714,108610,8205,100405,30256,2659,27597,06,061,2011
"Riverside County, California",2239620,2215559,1095213,317288,131954,185334,658050,66571,591479,119875,18680,101195,1120346,304761,126003,178758,670076,93507,576569,145509,27758,117751,06,065,2011
"Sacramento County, California",1436105,1418688,690168,185682,78469,107213,435540,53105,382435,68946,12701,56245,728520,175872,71524,104348,460482,82884,377598,92166,19095,73071,06,067,2011
"San Bernardino County, California",2065377,2026574,995193,303243,127969,175274,611104,60972,550132,80846,15101,65745,1031381,289262,124821,164441,638264,102057,536207,103855,23734,80121,06,071,2011
"San Diego County, California",3140069,3040979,1493385,370788,119701,251087,966867,63183,903684,155730,20965,134765,1547594,354267,103587,250680,993287,90807,902480,200040,40309,159731,06,073,2011
"San Francisco County, California",812826,807662,409334,55361,17408,37953,305520,33866,271654,48453,13086,35367,398328,53804,15872,37932,282659,39192,243467,61865,18691,43174,06,075,2011
"San Joaquin County, California",696214,686661,339532,102512,45707,56805,205479,26640,178839,31541,4537,27004,347129,97989,45841,52148,208879,43081,165798,40261,8546,31715,06,077,2011
"San Luis Obispo County, California",271969,264041,131095,25248,7428,17820,87029,8018,79011,18818,1696,17122,132946,24279,9982,14297,85685,10329,75356,22982,2938,20044,06,079,2011
"San Mateo County, California",727209,723445,355615,81432,18140,63292,232485,13414,219071,41698,4780,36918,367830,78728,18559,60169,233582,18693,214889,55520,7556,47964,06,081,2011
"Santa Barbara County, California",426878,420843,208918,49700,20971,28729,135351,10077,125274,23867,2356,21511,211925,46941,21466,25475,134102,13848,120254,30882,3401,27481,06,083,2011
"Santa Clara County, California",1809378,1799627,902398,220961,56939,164022,592860,41777,551083,88577,17660,70917,897229,210939,59001,151938,574154,57431,516723,112136,26273,85863,06,085,2011
"Santa Cruz County, California",264298,263095,131076,28446,11541,16905,89646,7198,82448,12984,1865,11119,132019,26459,10674,15785,88455,9462,78993,17105,2989,14116,06,087,2011
"Shasta County, California",177774,176470,86188,20325,11192,9133,52547,8487,44060,13316,1028,12288,90282,18746,8970,9776,54865,11862,43003,16671,2598,14073,06,089,2011
"Solano County, California",416471,403033,195893,51202,16187,35015,124111,12420,111691,20580,1798,18782,207140,48901,19115,29786,131115,16869,114246,27124,4840,22284,06,095,2011
"Sonoma County, California",488116,484087,237834,53694,17157,36537,154755,13608,141147,29385,2951,26434,246253,51370,16070,35300,156015,14497,141518,38868,5121,33747,06,097,2011
"Stanislaus County, California",518522,515390,256220,75992,37238,38754,156333,21069,135264,23895,3919,19976,259170,69972,31588,38384,158927,31984,126943,30271,7119,23152,06,099,2011
"Sutter County, California",94919,93430,46382,13199,6952,6247,27882,4101,23781,5301,1449,3852,47048,12675,5728,6947,27721,5756,21965,6652,1079,5573,06,101,2011
"Tulare County, California",449253,444899,222612,74349,41312,33037,129337,24411,104926,18926,3784,15142,222287,70549,38977,31572,128642,31849,96793,23096,5366,17730,06,107,2011
"Ventura County, California",831771,824377,407394,107157,32613,74544,256894,17357,239537,43343,6438,36905,416983,103110,34265,68845,258814,27264,231550,55059,9169,45890,06,111,2011
"Yolo County, California",202054,200555,97828,23057,8127,14930,65839,6151,59688,8932,1329,7603,102727,21532,9322,12210,70136,9160,60976,11059,2766,8293,06,113,2011
"Yuba County, California",72578,70206,34282,11079,5211,5868,19883,4327,15556,3320,857,2463,35924,9846,4544,5302,22375,5483,16892,3703,846,2857,06,115,2011
"Adams County, Colorado",451443,447727,224563,65819,24805,41014,142210,10330,131880,16534,2905,13629,223164,62538,22466,40072,139125,18666,120459,21501,5302,16199,08,001,2011
"Arapahoe County, Colorado",584948,579745,284115,75219,20925,54294,183291,9911,173380,25605,2632,22973,295630,72330,18530,53800,190112,17623,172489,33188,4408,28780,08,005,2011
"Boulder County, Colorado",299378,297202,148540,31085,6256,24829,103916,3884,100032,13539,1066,12473,148662,30706,5021,25685,101285,4185,97100,16671,1994,14677,08,013,2011
"Denver County, Colorado",619968,613504,307121,68308,29492,38816,212074,21181,190893,26739,4626,22113,306383,65950,28388,37562,204797,29263,175534,35636,7376,28260,08,031,2011
"Douglas County, Colorado",292167,291243,144869,45841,3128,42713,88538,1099,87439,10490,781,9709,146374,41131,3380,37751,93030,2428,90602,12213,983,11230,08,035,2011
"El Paso County, Colorado",636963,608361,294738,83586,24078,59508,183774,13273,170501,27378,3451,23927,313623,79994,20168,59826,197862,21142,176720,35767,4674,31093,08,041,2011
"Jefferson County, Colorado",539884,533781,263593,60252,11679,48573,173169,7458,165711,30172,2606,27566,270188,57284,12675,44609,174331,11775,162556,38573,4619,33954,08,059,2011
"Larimer County, Colorado",305525,303263,151730,34357,8566,25791,101020,6523,94497,16353,1458,14895,151533,29196,8107,21089,102728,8603,94125,19609,1772,17837,08,069,2011
"Mesa County, Colorado",147083,145826,72896,17679,4841,12838,45305,4165,41140,9912,671,9241,72930,16502,5505,10997,44623,6094,38529,11805,1198,10607,08,077,2011
"Pueblo County, Colorado",160545,155706,75590,19447,9076,10371,45530,6374,39156,10613,1251,9362,80116,18698,7599,11099,48207,9621,38586,13211,1682,11529,08,101,2011
"Weld County, Colorado",258638,255453,126969,35967,11079,24888,79528,5831,73697,11474,1195,10279,128484,34846,13384,21462,79959,7259,72700,13679,2069,11610,08,123,2011
"Fairfield County, Connecticut",925899,917028,447323,115396,28821,86575,279403,20895,258508,52524,5496,47028,469705,110371,29338,81033,289429,28447,260982,69905,8507,61398,09,001,2011
"Hartford County, Connecticut",894705,877018,420007,101873,34660,67213,265549,30685,234864,52585,5961,46624,457011,98458,32867,65591,285270,47437,237833,73283,11621,61662,09,003,2011
"Litchfield County, Connecticut",188789,187190,92246,20308,4901,15407,58760,5320,53440,13178,1526,11652,94944,19228,4385,14843,59704,6572,53132,16012,2384,13628,09,005,2011
"Middlesex County, Connecticut",166043,164213,80496,18139,4130,14009,50941,3440,47501,11416,1230,10186,83717,16223,3344,12879,53668,5241,48427,13826,1220,12606,09,007,2011
"New Haven County, Connecticut",861113,850712,409501,96426,36543,59883,262502,28576,233926,50573,6041,44532,441211,92256,32046,60210,280038,51377,228661,68917,10429,58488,09,009,2011
"New London County, Connecticut",273502,261161,126127,29023,7835,21188,80407,7752,72655,16697,2434,14263,135034,28913,7989,20924,84452,11063,73389,21669,3564,18105,09,011,2011
"Tolland County, Connecticut",152507,148980,73910,15885,2265,13620,49495,2161,47334,8530,724,7806,75070,14290,2603,11687,51316,5081,46235,9464,1294,8170,09,013,2011
"Windham County, Connecticut",118151,116407,57805,13483,4517,8966,37934,5143,32791,6388,1057,5331,58602,12078,5742,6336,38430,7865,30565,8094,2169,5925,09,015,2011
"Kent County, Delaware",164834,160907,76461,20668,8172,12496,45768,5743,40025,10025,630,9395,84446,19639,7951,11688,52125,12276,39849,12682,1926,10756,10,001,2011
"New Castle County, Delaware",541971,533758,256614,62956,20205,42751,165895,16796,149099,27763,2972,24791,277144,60587,20934,39653,179316,25535,153781,37241,3808,33433,10,003,2011
"Sussex County, Delaware",200330,197467,95817,20670,10789,9881,55430,8627,46803,19717,1777,17940,101650,19775,9177,10598,59243,11640,47603,22632,3445,19187,10,005,2011
"District of Columbia, District of Columbia",617996,608165,285171,53456,26543,26913,204647,36124,168523,27068,5460,21608,322994,51856,25977,25879,230511,50411,180100,40627,10866,29761,11,001,2011
"Alachua County, Florida",249365,246633,119415,22620,7398,15222,84947,6630,78317,11848,1698,10150,127218,20893,7177,13716,91115,7036,84079,15210,2774,12436,12,001,2011
"Bay County, Florida",169856,164975,79658,18504,7214,11290,50919,3775,47144,10235,793,9442,85317,18334,4988,13346,53445,5269,48176,13538,1510,12028,12,005,2011
"Brevard County, Florida",543566,537861,263786,54661,20752,33909,158386,13346,145040,50739,4662,46077,274075,49979,18541,31438,163946,19007,144939,60150,6777,53373,12,009,2011
"Broward County, Florida",1780172,1769640,858702,200470,68139,132331,551214,39462,511752,107018,13988,93030,910938,190793,69201,121592,575854,47251,528603,144291,26470,117821,12,011,2011
"Charlotte County, Florida",160511,157648,74560,10177,4013,6164,38061,4328,33733,26322,2437,23885,83088,11981,4514,7467,42236,3488,38748,28871,4388,24483,12,015,2011
"Citrus County, Florida",140031,137934,67705,12100,6793,5307,33879,3916,29963,21726,2134,19592,70229,9390,4076,5314,38066,5198,32868,22773,2862,19911,12,017,2011
"Clay County, Florida",192370,189154,90112,23496,5140,18356,56056,4615,51441,10560,619,9941,99042,25814,7332,18482,60116,5038,55078,13112,1316,11796,12,019,2011
"Collier County, Florida",328134,326395,161352,33000,13742,19258,85795,3168,82627,42557,3603,38954,165043,29740,13263,16477,89337,8438,80899,45966,3177,42789,12,021,2011
"Columbia County, Florida",67485,63106,31753,7853,3076,4777,19159,2879,16280,4741,670,4071,31353,7416,3639,3777,17974,3533,14441,5963,782,5181,12,023,2011
"Duval County, Florida",870709,854593,410673,102999,40097,62902,267018,21948,245070,40656,5500,35156,443920,99283,37302,61981,289073,36563,252510,55564,9058,46506,12,031,2011
"Escambia County, Florida",299114,284603,136178,33071,13261,19810,84587,7466,77121,18520,1819,16701,148425,30782,11572,19210,93861,12470,81391,23782,3083,20699,12,033,2011
"Flagler County, Florida",97376,96960,46140,9731,4236,5495,25063,1685,23378,11346,2625,8721,50820,9156,3861,5295,29050,2156,26894,12614,871,11743,12,035,2011
"Hernando County, Florida",173094,171636,83526,17807,8036,9771,44831,5041,39790,20888,1438,19450,88110,15435,5120,10315,48470,6923,41547,24205,2724,21481,12,053,2011
"Highlands County, Florida",98630,97673,47589,9105,3565,5540,24042,5159,18883,14442,2534,11908,50084,8559,5359,3200,24974,4311,20663,16551,3084,13467,12,055,2011
"Hillsborough County, Florida",1267775,1256321,612526,151048,57540,93508,397451,35764,361687,64027,8018,56009,643795,144008,51698,92310,415666,51563,364103,84121,13952,70169,12,057,2011
"Indian River County, Florida",138894,137457,65425,13547,4942,8605,34692,1990,32702,17186,1541,15645,72032,12418,4870,7548,38600,4001,34599,21014,2106,18908,12,061,2011
"Lake County, Florida",301019,297586,142897,31935,13166,18769,77942,5450,72492,33020,1427,31593,154689,29634,12284,17350,86002,9647,76355,39053,3683,35370,12,069,2011
"Lee County, Florida",631330,626651,308253,62986,27403,35583,172628,14358,158270,72639,7621,65018,318398,59213,24881,34332,180177,15989,164188,79008,9545,69463,12,071,2011
"Leon County, Florida",277971,274666,129797,26091,7492,18599,92514,6357,86157,11192,1364,9828,144869,26075,9286,16789,103475,7865,95610,15319,2520,12799,12,073,2011
"Manatee County, Florida",327142,324648,156739,33991,14631,19360,87872,6403,81469,34876,3488,31388,167909,32618,13812,18806,94071,7889,86182,41220,3725,37495,12,081,2011
"Marion County, Florida",332529,324765,157783,33075,14274,18801,84472,9946,74526,40236,3690,36546,166982,28963,15705,13258,92141,14405,77736,45878,4414,41464,12,083,2011
"Martin County, Florida",147495,144678,70605,12816,4106,8710,39162,1345,37817,18627,949,17678,74073,12968,3614,9354,39456,3165,36291,21649,666,20983,12,085,2011
"Miami-Dade County, Florida",2554766,2529470,1221868,279761,127122,152639,792978,58488,734490,149129,47635,101494,1307602,266896,126402,140494,831607,84102,747505,209099,83347,125752,12,086,2011
"Monroe County, Florida",73873,72330,37084,5153,1922,3231,24360,2081,22279,7571,1425,6146,35246,5985,2787,3198,22835,1138,21697,6426,1189,5237,12,087,2011
"Nassau County, Florida",74195,73524,36388,7770,2030,5740,22301,847,21454,6317,54,6263,37136,7725,1776,5949,23026,2209,20817,6385,1006,5379,12,089,2011
"Okaloosa County, Florida",183482,174597,83259,19314,6259,13055,52326,3844,48482,11619,523,11096,91338,21230,7088,14142,55980,4254,51726,14128,1265,12863,12,091,2011
"Orange County, Florida",1169107,1156116,567347,139868,49908,89960,378600,22598,356002,48879,6991,41888,588769,133241,48944,84297,391891,37640,354251,63637,9534,54103,12,095,2011
"Osceola County, Florida",276163,273893,134485,36601,17434,19167,84584,5554,79030,13300,2103,11197,139408,34861,15275,19586,88152,8389,79763,16395,1921,14474,12,097,2011
"Palm Beach County, Florida",1335187,1320933,635240,138138,49969,88169,372814,23933,348881,124288,12126,112162,685693,132138,44898,87240,391906,35279,356627,161649,18638,143011,12,099,2011
"Pasco County, Florida",466457,460720,223406,50224,17859,32365,127975,12689,115286,45207,4508,40699,237314,47407,16834,30573,137555,12460,125095,52352,5773,46579,12,101,2011
"Pinellas County, Florida",917398,905272,434195,82904,28955,53949,268610,23773,244837,82681,8406,74275,471077,78258,28852,49406,285073,29309,255764,107746,16214,91532,12,103,2011
"Polk County, Florida",609492,598638,289096,71526,29843,41683,167056,17478,149578,50514,6249,44265,309542,69542,30709,38833,180433,27771,152662,59567,7703,51864,12,105,2011
"Putnam County, Florida",74041,72790,35620,8488,4704,3784,20669,2031,18638,6463,1166,5297,37170,8115,3378,4737,21709,4397,17312,7346,2212,5134,12,107,2011
"St. Johns County, Florida",195823,193642,94647,22863,3185,19678,57026,2043,54983,14758,913,13845,98995,21447,3228,18219,61236,5016,56220,16312,1659,14653,12,109,2011
"St. Lucie County, Florida",280379,278455,136545,32046,17881,14165,78650,8547,70103,25849,2642,23207,141910,29730,11605,18125,81154,7788,73366,31026,4120,26906,12,111,2011
"Robeson County, North Carolina",135517,132570,63427,18264,12150,6114,38651,4673,33978,6512,1225,5287,69143,18001,11420,6581,42448,9012,33436,8694,2181,6513,37,155,2011
"Rockingham County, North Carolina",93329,92342,44834,10774,5145,5629,27597,2644,24953,6463,930,5533,47508,9481,4224,5257,29446,3866,25580,8581,1468,7113,37,157,2011
"Rowan County, North Carolina",138019,135578,66312,16964,8162,8802,41525,3170,38355,7823,895,6928,69266,15253,7396,7857,42545,6028,36517,11468,1185,10283,37,159,2011
"Rutherford County, North Carolina",67538,66544,31747,7420,4443,2977,19380,2269,17111,4947,995,3952,34797,7436,4770,2666,20675,3026,17649,6686,1004,5682,37,161,2011
"Surry County, North Carolina",73714,73054,36188,8884,5058,3826,22239,2878,19361,5065,824,4241,36866,8073,3825,4248,22125,2968,19157,6668,1683,4985,37,171,2011
"Union County, North Carolina",205463,204554,99866,30690,7059,23631,60546,2845,57701,8630,148,8482,104688,30569,7048,23521,63362,3641,59721,10757,1177,9580,37,179,2011
"Wake County, North Carolina",929780,921744,446160,121449,29668,91781,290929,11169,279760,33782,3276,30506,475584,118362,31297,87065,310089,18652,291437,47133,7777,39356,37,183,2011
"Wayne County, North Carolina",123697,118197,56631,16015,8998,7017,34166,3573,30593,6450,779,5671,61566,14479,7218,7261,37804,6190,31614,9283,2986,6297,37,191,2011
"Wilkes County, North Carolina",68984,68056,33257,7649,3881,3768,20517,2122,18395,5091,923,4168,34799,7513,4390,3123,20813,3467,17346,6473,1488,4985,37,193,2011
"Wilson County, North Carolina",81452,80259,37389,9163,5337,3826,23391,2346,21045,4835,891,3944,42870,10659,6140,4519,25933,4354,21579,6278,1241,5037,37,195,2011
"Burleigh County, North Dakota",83145,81246,39364,9532,1998,7534,25191,1103,24088,4641,415,4226,41882,9250,1783,7467,26513,1485,25028,6119,438,5681,38,015,2011
"Cass County, North Dakota",152368,151222,75712,16363,3755,12608,53064,2337,50727,6285,340,5945,75510,16291,3311,12980,51215,3152,48063,8004,646,7358,38,017,2011
"Grand Forks County, North Dakota",66598,65096,32202,6144,1474,4670,23158,1451,21707,2900,222,2678,32894,6890,1669,5221,22143,1770,20373,3861,475,3386,38,035,2011
"Allen County, Ohio",106094,103335,51550,13011,5984,7027,32008,3350,28658,6531,469,6062,51785,12172,5383,6789,31389,6215,25174,8224,1028,7196,39,003,2011
"Ashtabula County, Ohio",101345,98172,49041,12191,5091,7100,29744,3427,26317,7106,526,6580,49131,11217,4261,6956,29845,6077,23768,8069,1072,6997,39,007,2011
"Belmont County, Ohio",70151,66300,32040,6845,2753,4092,20500,2374,18126,4695,602,4093,34260,6828,3159,3669,20704,3217,17487,6728,619,6109,39,013,2011
"Butler County, Ohio",369999,366838,179840,47576,11257,36319,114038,6874,107164,18226,1423,16803,186998,44714,14399,30315,119119,12724,106395,23165,2334,20831,39,017,2011
"Clark County, Ohio",137691,135814,65691,16386,7662,8724,40212,5198,35014,9093,652,8441,70123,15807,7564,8243,42313,8656,33657,12003,997,11006,39,023,2011
"Clermont County, Ohio",199139,198059,98407,26224,6035,20189,61550,3851,57699,10633,621,10012,99652,24048,6663,17385,62574,5771,56803,13030,1300,11730,39,025,2011
"Columbiana County, Ohio",107570,104291,51103,11826,5259,6567,31642,3530,28112,7635,601,7034,53188,11420,5405,6015,31914,6118,25796,9854,1123,8731,39,029,2011
"Cuyahoga County, Ohio",1270294,1254059,594764,143102,57792,85310,374396,37079,337317,77266,9705,67561,659295,138902,56814,82088,407538,67863,339675,112855,16620,96235,39,035,2011
"Delaware County, Ohio",178341,177313,87318,26362,2049,24313,53200,1533,51667,7756,475,7281,89995,24138,2183,21955,56675,2646,54029,9182,758,8424,39,041,2011
"Erie County, Ohio",76751,75845,36990,8387,2473,5914,22787,1708,21079,5816,458,5358,38855,8401,1993,6408,23472,2876,20596,6982,803,6179,39,043,2011
"Fairfield County, Ohio",147066,144387,71970,19457,5897,13560,44852,3410,41442,7661,822,6839,72417,18038,4277,13761,44558,4913,39645,9821,1448,8373,39,045,2011
"Franklin County, Ohio",1178799,1170475,570105,142786,50073,92713,379799,27130,352669,47520,5721,41799,600370,137679,52245,85434,395085,52151,342934,67606,8363,59243,39,049,2011
"Geauga County, Ohio",93228,92653,45003,11692,2329,9363,26844,505,26339,6467,700,5767,47650,11476,1682,9794,28048,1873,26175,8126,877,7249,39,055,2011
"Greene County, Ohio",162846,158696,77093,17819,6588,11231,49540,3598,45942,9734,432,9302,81603,16877,5228,11649,52566,6414,46152,12160,620,11540,39,057,2011
"Hamilton County, Ohio",800362,791877,380815,95253,36699,58554,244083,16931,227152,41479,3207,38272,411062,92047,32202,59845,259245,34695,224550,59770,6562,53208,39,061,2011
"Hancock County, Ohio",75056,74257,36262,8726,1714,7012,22885,2488,20397,4651,323,4328,37995,8740,3388,5352,23583,2495,21088,5672,481,5191,39,063,2011
"Jefferson County, Ohio",68828,68108,32883,6993,2722,4271,20556,1741,18815,5334,346,4988,35225,6431,2389,4042,21599,2869,18730,7195,795,6400,39,081,2011
"Lake County, Ohio",229885,227986,112025,26195,5946,20249,70057,3214,66843,15773,675,15098,115961,23810,4532,19278,71267,6265,65002,20884,1438,19446,39,085,2011
"Licking County, Ohio",167248,166001,81095,21092,7835,13257,50192,3833,46359,9811,922,8889,84906,19748,6515,13233,52603,6115,46488,12555,1745,10810,39,089,2011
"Lorain County, Ohio",301614,294625,142685,35830,12585,23245,88296,7208,81088,18559,1072,17487,151940,34678,13661,21017,93053,11806,81247,24209,2141,22068,39,093,2011
"Lucas County, Ohio",440005,434864,209758,52938,26273,26665,133442,15421,118021,23378,2766,20612,225106,51288,24920,26368,140949,27053,113896,32869,5047,27822,39,095,2011
"Mahoning County, Ohio",237270,231367,111289,25662,12538,13124,69037,6968,62069,16590,1598,14992,120078,24391,12022,12369,72247,13359,58888,23440,2699,20741,39,099,2011
"Marion County, Ohio",66212,59965,29258,7382,3014,4368,17916,1374,16542,3960,586,3374,30707,6992,3121,3871,18661,2861,15800,5054,708,4346,39,101,2011
"Medina County, Ohio",173262,172072,85095,21983,4069,17914,52807,2395,50412,10305,638,9667,86977,20863,2874,17989,54155,3679,50476,11959,514,11445,39,103,2011
"Miami County, Ohio",102857,102111,50182,12335,3691,8644,31023,1658,29365,6824,258,6566,51929,12079,3607,8472,31348,3909,27439,8502,819,7683,39,109,2011
"Montgomery County, Ohio",537602,528387,251832,61363,24838,36525,156098,13767,142331,34371,2901,31470,276555,60302,24134,36168,169078,23105,145973,47175,5672,41503,39,113,2011
"Muskingum County, Ohio",86237,85406,40978,10232,6234,3998,25329,3522,21807,5417,370,5047,44428,10297,4496,5801,26736,5458,21278,7395,1296,6099,39,119,2011
"Portage County, Ohio",161624,160540,78900,16910,4231,12679,52360,2720,49640,9630,499,9131,81640,15841,4707,11134,55022,5411,49611,10777,1183,9594,39,133,2011
"Richland County, Ohio",123510,117282,57004,13787,5405,8382,34720,4204,30516,8497,528,7969,60278,13467,6094,7373,35724,7294,28430,11087,1600,9487,39,139,2011
"Ross County, Ohio",78249,72055,35373,8702,3819,4883,22191,2515,19676,4480,255,4225,36682,8666,3800,4866,22482,3678,18804,5534,676,4858,39,141,2011
"Scioto County, Ohio",79277,76467,36880,9074,5113,3961,22819,3974,18845,4987,873,4114,39587,8557,4678,3879,24070,5313,18757,6960,2126,4834,39,145,2011
"Stark County, Ohio",375087,370030,180412,43945,15952,27993,110715,9794,100921,25752,2369,23383,189618,40303,16436,23867,116148,16257,99891,33167,4305,28862,39,151,2011
"Summit County, Ohio",539832,534564,257413,60913,21678,39235,163987,11691,152296,32513,3028,29485,277151,60258,19559,40699,172132,22988,149144,44761,5628,39133,39,153,2011
"Trumbull County, Ohio",209264,205412,98569,22946,9447,13499,60222,4009,56213,15401,1238,14163,106843,22363,9466,12897,64146,9014,55132,20334,2268,18066,39,155,2011
"Tuscarawas County, Ohio",92508,91297,44498,10966,3036,7930,27243,1868,25375,6289,294,5995,46799,10614,3624,6990,28107,3293,24814,8078,968,7110,39,157,2011
"Warren County, Ohio",214910,209924,104267,30029,4390,25639,64038,2620,61418,10200,481,9719,105657,27865,3984,23881,65143,3820,61323,12649,631,12018,39,165,2011
"Wayne County, Ohio",114611,113529,56105,14672,3780,10892,33997,2647,31350,7436,1175,6261,57424,13944,3585,10359,34455,3595,30860,9025,793,8232,39,169,2011
"Wood County, Ohio",126355,125167,60878,13639,2794,10845,40757,2606,38151,6482,411,6071,64289,13174,3090,10084,42321,3614,38707,8794,535,8259,39,173,2011
"Canadian County, Oklahoma",119492,117518,57598,16650,3963,12687,35444,913,34531,5504,290,5214,59920,15209,4096,11113,37755,1616,36139,6956,516,6440,40,017,2011
"Cleveland County, Oklahoma",261281,256184,125573,29635,9392,20243,84259,3767,80492,11679,965,10714,130611,28865,7929,20936,86764,6084,80680,14982,1355,13627,40,027,2011
"Comanche County, Oklahoma",125815,111832,51903,15499,5402,10097,30896,2828,28068,5508,843,4665,59929,15978,6015,9963,37183,4090,33093,6768,989,5779,40,031,2011
"Creek County, Oklahoma",70467,69768,34875,8963,3707,5256,21141,1289,19852,4771,528,4243,34893,8050,2326,5724,21136,2107,19029,5707,658,5049,40,037,2011
"Muskogee County, Oklahoma",71003,68203,32859,8747,4559,4188,19610,2237,17373,4502,629,3873,35344,8819,4714,4105,20784,2581,18203,5741,927,4814,40,101,2011
"Oklahoma County, Oklahoma",732371,721749,351582,95560,40524,55036,219799,12561,207238,36223,3572,32651,370167,90517,41277,49240,230304,23260,207044,49346,5650,43696,40,109,2011
"Payne County, Oklahoma",77988,76732,38616,7126,3537,3589,28160,998,27162,3330,348,2982,38116,7284,2946,4338,26409,2591,23818,4423,590,3833,40,119,2011
"Pottawatomie County, Oklahoma",70280,68382,33602,8833,3637,5196,20250,1814,18436,4519,443,4076,34780,8454,3907,4547,21006,2375,18631,5320,537,4783,40,125,2011
"Rogers County, Oklahoma",87706,86830,42590,11114,2723,8391,26136,1161,24975,5340,491,4849,44240,11122,2352,8770,26853,2119,24734,6265,529,5736,40,131,2011
"Tulsa County, Oklahoma",610599,604918,294995,79511,29863,49648,185165,9100,176065,30319,2059,28260,309923,75684,28504,47180,192544,16417,176127,41695,4720,36975,40,143,2011
"Wagoner County, Oklahoma",74098,73790,36344,9753,2936,6817,22021,1123,20898,4570,816,3754,37446,9389,2364,7025,23070,1980,21090,4987,620,4367,40,145,2011
"Benton County, Oregon",85928,85713,43556,7935,3519,4416,30972,2398,28574,4649,279,4370,42157,6658,2302,4356,29721,3083,26638,5778,473,5305,41,003,2011
"Clackamas County, Oregon",380207,378460,187537,46994,13351,33643,116752,8138,108614,23791,1630,22161,190923,41012,12137,28875,120831,10258,110573,29080,3019,26061,41,005,2011
"Deschutes County, Oregon",160338,159309,78269,18474,6324,12150,48017,5531,42486,11778,747,11031,81040,17586,6140,11446,50616,5230,45386,12838,1511,11327,41,017,2011
"Douglas County, Oregon",107490,106797,52887,11248,4320,6928,31043,4120,26923,10596,1313,9283,53910,10301,4276,6025,31527,4620,26907,12082,1110,10972,41,019,2011
"Jackson County, Oregon",204822,203837,98378,21618,10632,10986,60386,6167,54219,16374,1152,15222,105459,22478,9143,13335,62869,8680,54189,20112,2570,17542,41,029,2011
"Josephine County, Oregon",82987,82259,39938,8616,3683,4933,22789,2220,20569,8533,1203,7330,42321,7635,2835,4800,24334,4526,19808,10352,813,9539,41,033,2011
"Klamath County, Oregon",65552,65037,31884,7245,3630,3615,18836,2634,16202,5803,740,5063,33153,7179,3532,3647,19647,2955,16692,6327,822,5505,41,035,2011
"Lane County, Oregon",353416,351950,172056,34710,14789,19921,113242,11359,101883,24104,2705,21399,179894,33571,13451,20120,116536,14233,102303,29787,4429,25358,41,039,2011
"Linn County, Oregon",118122,116967,57464,14409,5898,8511,34574,2803,31771,8481,577,7904,59503,13295,5148,8147,35985,5590,30395,10223,1139,9084,41,043,2011
"Marion County, Oregon",318872,313070,153332,43191,22696,20495,92910,11957,80953,17231,1470,15761,159738,40763,17304,23459,95960,14099,81861,23015,2944,20071,41,047,2011
"Multnomah County, Oregon",748031,742270,364974,77137,34160,42977,255258,22982,232276,32579,4918,27661,377296,75029,31693,43336,257401,29256,228145,44866,8013,36853,41,051,2011
"Polk County, Oregon",75993,75541,36025,8589,2726,5863,22120,1981,20139,5316,669,4647,39516,9358,2720,6638,23537,2758,20779,6621,1151,5470,41,053,2011
"Umatilla County, Oregon",76725,73811,37531,10907,4345,6562,22284,1095,21189,4340,417,3923,36280,9457,3491,5966,21788,2417,19371,5035,391,4644,41,059,2011
"Washington County, Oregon",540410,537329,264117,69737,15706,54031,171047,8300,162747,23333,2767,20566,273212,66979,18151,48828,174132,12371,161761,32101,4507,27594,41,067,2011
"Yamhill County, Oregon",100000,97731,48433,12800,5035,7765,29546,1791,27755,6087,455,5632,49298,11656,3844,7812,30219,3126,27093,7423,1204,6219,41,071,2011
"Adams County, Pennsylvania",101434,100077,49406,11401,2739,8662,30756,1966,28790,7249,728,6521,50671,10686,2587,8099,31657,2239,29418,8328,1056,7272,42,001,2011
"Allegheny County, Pennsylvania",1227066,1212949,580495,121969,43181,78788,378513,34457,344056,80013,11723,68290,632454,116817,40603,76214,399338,52110,347228,116299,19450,96849,42,003,2011
"Armstrong County, Pennsylvania",68568,68012,33776,7217,3551,3666,21209,2452,18757,5350,811,4539,34236,6600,2568,4032,20570,3357,17213,7066,825,6241,42,005,2011
"Beaver County, Pennsylvania",170414,169220,81603,17674,6336,11338,51181,5510,45671,12748,1316,11432,87617,16805,6749,10056,52795,7884,44911,18017,2492,15525,42,007,2011
"Berks County, Pennsylvania",412778,408070,200351,49567,16938,32629,124917,11904,113013,25867,2855,23012,207719,47219,15927,31292,128681,16948,111733,31819,3838,27981,42,011,2011
"Blair County, Pennsylvania",127099,125091,60308,13358,5852,7506,38634,4134,34500,8316,772,7544,64783,13123,5314,7809,39275,5825,33450,12385,1613,10772,42,013,2011
"Bucks County, Pennsylvania",626854,620287,303781,72113,12741,59372,191855,9670,182185,39813,3508,36305,316506,68706,13799,54907,197361,14406,182955,50439,4654,45785,42,017,2011
"Butler County, Pennsylvania",184848,182860,89718,20504,4462,16042,57315,3484,53831,11899,870,11029,93142,19698,4716,14982,57560,4576,52984,15884,1262,14622,42,019,2011
"Cambria County, Pennsylvania",143728,138995,68154,14564,6449,8115,42408,5956,36452,11182,1325,9857,70841,13184,4793,8391,42597,6705,35892,15060,2216,12844,42,021,2011
"Carbon County, Pennsylvania",65154,64296,31388,6779,2168,4611,19802,1842,17960,4807,550,4257,32908,6527,2380,4147,20063,3481,16582,6318,782,5536,42,025,2011
"Centre County, Pennsylvania",154722,151799,78158,12376,2869,9507,58124,2772,55352,7658,860,6798,73641,11237,2397,8840,53005,4557,48448,9399,936,8463,42,027,2011
"Chester County, Pennsylvania",503897,498647,243791,62532,10353,52179,153228,7149,146079,28031,3240,24791,254856,60193,10315,49878,159030,10482,148548,35633,2626,33007,42,029,2011
"Clearfield County, Pennsylvania",81445,76440,37640,8025,3575,4450,23756,3318,20438,5859,625,5234,38800,7573,3004,4569,23444,5125,18319,7783,1059,6724,42,033,2011
"Columbia County, Pennsylvania",67476,66748,31649,6499,2106,4393,20791,1817,18974,4359,320,4039,35099,5764,2562,3202,23295,4066,19229,6040,878,5162,42,037,2011
"Crawford County, Pennsylvania",88740,86875,42670,9839,4042,5797,26004,3956,22048,6827,828,5999,44205,9389,3794,5595,27024,4894,22130,7792,903,6889,42,039,2011
"Cumberland County, Pennsylvania",237892,231626,112334,25223,5617,19606,71721,3683,68038,15390,1557,13833,119292,22931,3541,19390,75366,5833,69533,20995,2862,18133,42,041,2011
"Dauphin County, Pennsylvania",268977,265917,128005,31399,10611,20788,81515,6852,74663,15091,801,14290,137912,30271,10558,19713,86842,11676,75166,20799,2196,18603,42,043,2011
"Delaware County, Pennsylvania",559494,552371,263349,65299,21430,43869,166505,13253,153252,31545,2861,28684,289022,62631,19481,43150,180697,20109,160588,45694,4713,40981,42,045,2011
"Erie County, Pennsylvania",280985,275913,134747,32324,16426,15898,85462,10323,75139,16961,2046,14915,141166,30428,13654,16774,88169,15535,72634,22569,3307,19262,42,049,2011
"Fayette County, Pennsylvania",136097,132803,63953,13500,4519,8981,40055,5771,34284,10398,1359,9039,68850,13786,5115,8671,41650,8364,33286,13414,2864,10550,42,051,2011
"Franklin County, Pennsylvania",150811,149712,73232,17968,5540,12428,44249,3405,40844,11015,734,10281,76480,17406,4358,13048,45217,5441,39776,13857,1854,12003,42,055,2011
"Indiana County, Pennsylvania",89298,87632,43111,8434,2753,5681,28832,2129,26703,5845,348,5497,44521,7932,2575,5357,28812,3609,25203,7777,1228,6549,42,063,2011
"Lackawanna County, Pennsylvania",214166,210682,101907,22243,6713,15530,64548,6439,58109,15116,1585,13531,108775,21383,7705,13678,67135,9172,57963,20257,3289,16968,42,069,2011
"Lancaster County, Pennsylvania",523594,516176,251943,65427,19396,46031,153338,12093,141245,33178,2475,30703,264233,62946,16638,46308,159207,18217,140990,42080,3780,38300,42,071,2011
"Lawrence County, Pennsylvania",90535,89358,43400,9749,4504,5245,26695,3545,23150,6956,557,6399,45958,9470,4824,4646,27174,4982,22192,9314,1137,8177,42,073,2011
"Lebanon County, Pennsylvania",134311,132702,64936,15478,5714,9764,40236,3467,36769,9222,623,8599,67766,15054,5275,9779,40807,5352,35455,11905,1441,10464,42,075,2011
"Lehigh County, Pennsylvania",352947,348301,169961,42570,18527,24043,106366,9422,96944,21025,2709,18316,178340,39554,15663,23891,110873,17634,93239,27913,4540,23373,42,077,2011
"Luzerne County, Pennsylvania",320651,313294,152385,32903,14377,18526,96832,9621,87211,22650,2864,19786,160909,30969,14340,16629,97825,14127,83698,32115,4746,27369,42,079,2011
"Lycoming County, Pennsylvania",116747,113681,56442,13009,4941,8068,35640,2786,32854,7793,1074,6719,57239,10719,4124,6595,35784,4800,30984,10736,1484,9252,42,081,2011
"Mercer County, Pennsylvania",116205,112374,54588,12280,4269,8011,33324,4688,28636,8984,763,8221,57786,11676,4933,6743,34428,5758,28670,11682,1716,9966,42,085,2011
"Monroe County, Pennsylvania",169882,168923,82820,19873,7539,12334,52163,5384,46779,10784,893,9891,86103,19345,5736,13609,54648,7644,47004,12110,1618,10492,42,089,2011
"Montgomery County, Pennsylvania",804210,792147,382639,92244,16034,76210,241023,12158,228865,49372,3218,46154,409508,88927,15091,73836,253088,14950,238138,67493,6546,60947,42,091,2011
"Northampton County, Pennsylvania",298476,295543,145626,33517,9264,24253,92263,5364,86899,19846,1518,18328,149917,30439,8138,22301,93338,8452,84886,26140,2985,23155,42,095,2011
"Northumberland County, Pennsylvania",94558,89235,43033,9522,3593,5929,26214,2627,23587,7297,954,6343,46202,9145,3872,5273,27538,3451,24087,9519,2132,7387,42,097,2011
"Philadelphia County, Pennsylvania",1536471,1522073,716555,175143,102692,72451,471808,82348,389460,69604,13893,55711,805518,170333,96139,74194,525541,136465,389076,109644,29959,79685,42,101,2011
"Schuylkill County, Pennsylvania",147513,140956,69759,15155,5749,9406,43651,4153,39498,10953,1107,9846,71197,13798,4147,9651,42828,5655,37173,14571,1651,12920,42,107,2011
"Somerset County, Pennsylvania",77405,72787,36105,7525,3437,4088,22493,2628,19865,6087,632,5455,36682,7247,3099,4148,21724,3419,18305,7711,954,6757,42,111,2011
"Washington County, Pennsylvania",208282,206501,99837,21259,5483,15776,63428,5564,57864,15150,1354,13796,106664,21142,5789,15353,65172,8030,57142,20350,2536,17814,42,125,2011
"Westmoreland County, Pennsylvania",364471,359513,174583,36308,14472,21836,109504,9902,99602,28771,3419,25352,184930,34537,12086,22451,112529,15950,96579,37864,5668,32196,42,129,2011
"York County, Pennsylvania",436770,431515,211728,51768,16939,34829,133403,8966,124437,26557,2657,23900,219787,49044,15444,33600,136817,15889,120928,33926,4823,29103,42,133,2011
"Kent County, Rhode Island",165535,163893,80005,17636,4986,12650,51857,4042,47815,10512,1801,8711,83888,15685,3304,12381,53484,5578,47906,14719,2882,11837,44,003,2011
"Newport County, Rhode Island",82695,80244,38346,7981,2664,5317,24362,1730,22632,6003,621,5382,41898,7438,2080,5358,26431,2288,24143,8029,1414,6615,44,005,2011
"Providence County, Rhode Island",626709,616911,297098,69061,27769,41292,194561,21261,173300,33476,6315,27161,319813,66428,28413,38015,206946,36794,170152,46439,10441,35998,44,007,2011
"Washington County, Rhode Island",126563,124968,60708,12253,2338,9915,39861,2444,37417,8594,626,7968,64260,12124,1452,10672,41761,3339,38422,10375,564,9811,44,009,2011
"Aiken County, South Carolina",160682,158946,76172,18041,7299,10742,47076,4682,42394,11055,727,10328,82774,17512,6066,11446,51678,6203,45475,13584,1703,11881,45,003,2011
"Anderson County, South Carolina",188488,187199,90916,22961,7315,15646,55534,3899,51635,12421,1457,10964,96283,21446,8366,13080,58935,6120,52815,15902,2521,13381,45,007,2011
"Beaufort County, South Carolina",164684,157901,74457,16432,5302,11130,41772,3902,37870,16253,607,15646,83444,18034,6783,11251,46918,2926,43992,18492,1208,17284,45,013,2011
"Berkeley County, South Carolina",183525,177114,84370,21882,5454,16428,54274,3441,50833,8214,1038,7176,92744,24145,8175,15970,58399,4237,54162,10200,2082,8118,45,015,2011
"Charleston County, South Carolina",357704,349553,167070,37254,11401,25853,110519,6329,104190,19297,3062,16235,182483,36539,12649,23890,119972,11451,108521,25972,4823,21149,45,019,2011
"Darlington County, South Carolina",68299,67602,32122,8565,4532,4033,19347,2038,17309,4210,469,3741,35480,7904,3825,4079,22130,3737,18393,5446,1248,4198,45,031,2011
"Dorchester County, South Carolina",140892,138141,65578,18775,6313,12462,40330,2023,38307,6473,744,5729,72563,18720,4604,14116,45703,4117,41586,8140,1049,7091,45,035,2011
"Florence County, South Carolina",137862,136163,63577,16671,8242,8429,39410,4415,34995,7496,1244,6252,72586,16969,8419,8550,45279,7621,37658,10338,1888,8450,45,041,2011
"Greenville County, South Carolina",461299,457187,221594,57170,21835,35335,139140,9148,129992,25284,1892,23392,235593,54358,21124,33234,147920,12812,135108,33315,4126,29189,45,045,2011
"Greenwood County, South Carolina",69835,68169,33332,9110,5399,3711,20375,1449,18926,3847,416,3431,34837,7281,4023,3258,21938,3898,18040,5618,1082,4536,45,047,2011
"Horry County, South Carolina",276340,275251,134508,27429,9045,18384,84449,5195,79254,22630,1676,20954,140743,27321,11511,15810,87886,10012,77874,25536,3096,22440,45,051,2011
"Lancaster County, South Carolina",77908,75984,37109,9198,4024,5174,22451,2002,20449,5460,509,4951,38875,8530,3387,5143,23328,2573,20755,7017,1047,5970,45,057,2011
"Laurens County, South Carolina",66528,65555,32740,8042,4098,3944,20546,2287,18259,4152,87,4065,32815,7065,3923,3142,20381,2993,17388,5369,920,4449,45,059,2011
"Lexington County, South Carolina",267129,263828,128661,33451,10474,22977,80929,3888,77041,14281,779,13502,135167,30996,7624,23372,86096,5363,80733,18075,1647,16428,45,063,2011
"Oconee County, South Carolina",74418,73879,36719,8500,4103,4397,21590,1879,19711,6629,556,6073,37160,7668,3084,4584,21925,2859,19066,7567,1072,6495,45,073,2011
"Orangeburg County, South Carolina",91910,91134,42996,10875,5024,5851,26345,2970,23375,5776,964,4812,48138,10057,5590,4467,30351,4875,25476,7730,1803,5927,45,075,2011
"Pickens County, South Carolina",119574,118738,58502,12811,5474,7337,38714,3075,35639,6977,683,6294,60236,11422,3525,7897,39736,3819,35917,9078,1563,7515,45,077,2011
"Richland County, South Carolina",389116,363920,169014,45119,17706,27413,108392,9025,99367,15503,3407,12096,194906,42651,15740,26911,129962,14648,115314,22293,4328,17965,45,079,2011
"Spartanburg County, South Carolina",286868,282762,135698,35181,12715,22466,84164,7533,76631,16353,1886,14467,147064,33841,13259,20582,91597,11620,79977,21626,2986,18640,45,083,2011
"Sumter County, South Carolina",107460,103255,48071,13455,5889,7566,28870,3257,25613,5746,1128,4618,55184,13723,6363,7360,33632,5244,28388,7829,1718,6111,45,085,2011
"York County, South Carolina",230528,229065,110299,29684,9773,19911,69083,3725,65358,11532,1128,10404,118766,28952,9827,19125,75443,8062,67381,14371,2367,12004,45,091,2011
"Minnehaha County, South Dakota",171752,169162,83393,21422,6249,15173,53989,2456,51533,7982,776,7206,85769,20996,5453,15543,54292,4102,50190,10481,1055,9426,46,099,2011
"Pennington County, South Dakota",102815,98887,47301,12467,5388,7079,28972,1580,27392,5862,422,5440,51586,12238,4343,7895,31405,4294,27111,7943,872,7071,46,103,2011
"Anderson County, Tennessee",75233,74474,35862,7544,2606,4938,22692,1766,20926,5626,473,5153,38612,7974,2299,5675,23551,2585,20966,7087,461,6626,47,001,2011
"Blount County, Tennessee",123901,122763,59532,13868,4200,9668,36600,3042,33558,9064,1099,7965,63231,13343,5952,7391,38872,5298,33574,11016,1530,9486,47,009,2011
"Santa Rosa County, Florida",154104,146353,69706,17466,5830,11636,43027,3247,39780,9213,579,8634,76647,18403,5228,13175,48022,5096,42926,10222,1110,9112,12,113,2011
"Sarasota County, Florida",382213,378270,180286,30291,9804,20487,95725,6811,88914,54270,4419,49851,197984,29213,10260,18953,103399,7620,95779,65372,5892,59480,12,115,2011
"Seminole County, Florida",425071,422342,203747,48002,12977,35025,133307,7288,126019,22438,2233,20205,218595,47501,13444,34057,141245,11624,129621,29849,2677,27172,12,117,2011
"Sumter County, Florida",97756,89415,43364,4046,2299,1747,17296,2057,15239,22022,932,21090,46051,4394,2678,1716,19508,2467,17041,22149,744,21405,12,119,2011
"Volusia County, Florida",494804,488844,239174,48080,17346,30734,144393,17070,127323,46701,3908,42793,249670,43824,17982,25842,148487,19220,129267,57359,7399,49960,12,127,2011
"Barrow County, Georgia",69912,69295,35591,11227,3957,7270,21331,1915,19416,3033,287,2746,33704,8314,3934,4380,22153,3127,19026,3237,364,2873,13,013,2011
"Bartow County, Georgia",100421,99464,48361,12506,5024,7482,31089,1758,29331,4766,243,4523,51103,13973,6951,7022,31393,4111,27282,5737,778,4959,13,015,2011
"Bibb County, Georgia",156433,152304,70252,20415,10433,9982,42222,3651,38571,7615,684,6931,82052,19609,9090,10519,50442,7525,42917,12001,1552,10449,13,021,2011
"Bulloch County, Georgia",72881,72078,34971,6633,2387,4246,25528,1104,24424,2810,66,2744,37107,7715,3291,4424,26126,1478,24648,3266,417,2849,13,031,2011
"Carroll County, Georgia",111159,109738,53356,14533,4605,9928,33656,2039,31617,5167,972,4195,56382,13382,5358,8024,36149,4810,31339,6851,1275,5576,13,045,2011
"Chatham County, Georgia",271544,264235,125067,30387,11825,18562,80738,5228,75510,13942,1157,12785,139168,30701,11519,19182,89889,5504,84385,18578,2799,15779,13,051,2011
"Cherokee County, Georgia",218286,217528,106165,29352,5138,24214,67488,1837,65651,9325,377,8948,111363,29417,5362,24055,70837,3543,67294,11109,990,10119,13,057,2011
"Clarke County, Georgia",117344,116407,55125,9682,4550,5132,41638,1414,40224,3805,385,3420,61282,10161,4309,5852,45137,4048,41089,5984,1173,4811,13,059,2011
"Clayton County, Georgia",261532,259103,125010,40524,18590,21934,76762,5806,70956,7724,1369,6355,134093,35250,18459,16791,88396,10495,77901,10447,1879,8568,13,063,2011
"Cobb County, Georgia",697553,692209,337050,90343,23512,66831,219860,6599,213261,26847,1836,25011,355159,85738,22761,62977,235441,9671,225770,33980,2926,31054,13,067,2011
"Columbia County, Georgia",128112,126320,61759,18348,3888,14460,37440,1349,36091,5971,497,5474,64561,15750,2167,13583,41496,2548,38948,7315,1323,5992,13,073,2011
"Coweta County, Georgia",129629,129198,63911,17984,7136,10848,39398,1731,37667,6529,465,6064,65287,16406,5925,10481,40528,4963,35565,8353,1451,6902,13,077,2011
"DeKalb County, Georgia",699893,689418,329695,85487,36161,49326,218419,13440,204979,25789,2974,22815,359723,81161,32897,48264,240389,19067,221322,38173,6886,31287,13,089,2011
"Dougherty County, Georgia",94788,93348,42306,11920,7090,4830,25900,3682,22218,4486,621,3865,51042,12069,6414,5655,32225,5346,26879,6748,1691,5057,13,095,2011
"Douglas County, Georgia",133355,131798,63124,19170,6524,12646,38934,2025,36909,5020,380,4640,68674,17839,4798,13041,44698,5843,38855,6137,796,5341,13,097,2011
"Fayette County, Georgia",107784,106937,51768,14208,3311,10897,30837,1151,29686,6723,412,6311,55169,12788,2137,10651,34401,1989,32412,7980,645,7335,13,113,2011
"Floyd County, Georgia",95989,93760,45104,11292,5685,5607,27913,2147,25766,5899,689,5210,48656,11440,5193,6247,29214,4026,25188,8002,1506,6496,13,115,2011
"Forsyth County, Georgia",181840,181311,92725,32454,2886,29568,52938,1245,51693,7333,369,6964,88586,23169,3018,20151,55614,2770,52844,9803,1347,8456,13,117,2011
"Fulton County, Georgia",949599,941626,458862,114076,44721,69355,310381,17730,292651,34405,6121,28284,482764,110581,42776,67805,322156,28288,293868,50027,9819,40208,13,121,2011
"Glynn County, Georgia",80386,79630,38121,10039,3657,6382,22656,1597,21059,5426,687,4739,41509,9167,3307,5860,25154,3297,21857,7188,1958,5230,13,127,2011
"Gwinnett County, Georgia",824941,820442,404044,121139,42945,78194,257380,9601,247779,25525,2604,22921,416398,115636,39709,75927,267798,12908,254890,32964,4252,28712,13,135,2011
"Hall County, Georgia",183052,181687,90314,26111,9452,16659,55133,2164,52969,9070,808,8262,91373,24629,8856,15773,54861,3903,50958,11883,1815,10068,13,139,2011
"Henry County, Georgia",207360,206098,97960,30403,9653,20750,60023,3205,56818,7534,434,7100,108138,28356,9134,19222,69814,3803,66011,9968,937,9031,13,151,2011
"Houston County, Georgia",143925,140831,67246,19163,6877,12286,41966,2777,39189,6117,509,5608,73585,18620,7734,10886,46615,3803,42812,8350,1189,7161,13,153,2011
"Liberty County, Georgia",65451,58533,26728,10946,2887,8059,13962,423,13539,1820,416,1404,31805,8526,1457,7069,21133,1216,19917,2146,246,1900,13,179,2011
"Lowndes County, Georgia",111885,107637,51580,14389,4983,9406,32969,2470,30499,4222,746,3476,56057,13166,5189,7977,36589,4250,32339,6302,1024,5278,13,185,2011
"Muscogee County, Georgia",194107,180781,81696,24906,11136,13770,48574,4358,44216,8216,1382,6834,99085,23776,9596,14180,62324,9694,52630,12985,2705,10280,13,215,2011
"Newton County, Georgia",100814,99955,47013,13899,4466,9433,28830,2216,26614,4284,1249,3035,52942,14477,5197,9280,32769,3581,29188,5696,636,5060,13,217,2011
"Paulding County, Georgia",143542,142852,71427,22545,6278,16267,43891,1835,42056,4991,315,4676,71425,19643,5413,14230,46091,1977,44114,5691,1058,4633,13,223,2011
"Richmond County, Georgia",201217,191562,89682,25161,11334,13827,55952,5827,50125,8569,1035,7534,101880,23992,11316,12676,64378,8622,55756,13510,2505,11005,13,245,2011
"Rockdale County, Georgia",85765,85101,41457,11690,4618,7072,25811,1965,23846,3956,308,3648,43644,10787,4680,6107,27555,4170,23385,5302,914,4388,13,247,2011
"Troup County, Georgia",67764,66373,31787,8939,4696,4243,19606,1122,18484,3242,650,2592,34586,8376,4117,4259,21303,2404,18899,4907,724,4183,13,285,2011
"Walker County, Georgia",68848,67562,32360,7581,2659,4922,20351,2243,18108,4428,1053,3375,35202,8270,3767,4503,21171,2027,19144,5761,422,5339,13,295,2011
"Walton County, Georgia",84580,83920,41999,12495,4628,7867,24931,1578,23353,4573,813,3760,41921,9680,3409,6271,26120,2678,23442,6121,1575,4546,13,297,2011
"Whitfield County, Georgia",103184,102469,51407,15025,6923,8102,31664,1428,30236,4718,295,4423,51062,14025,5170,8855,30646,3798,26848,6391,1042,5349,13,313,2011
"Hawaii County, Hawaii",186738,185233,92070,20914,9565,11349,57904,10593,47311,13252,1997,11255,93163,20978,8975,12003,57663,11304,46359,14522,2867,11655,15,001,2011
"Honolulu County, Hawaii",963607,918409,445035,108142,30133,78009,276101,25984,250117,60792,8292,52500,473374,103145,27651,75494,291414,33151,258263,78815,12492,66323,15,003,2011
"Kauai County, Hawaii",67701,66983,32954,7310,2117,5193,20934,1703,19231,4710,302,4408,34029,7869,3029,4840,20624,1998,18626,5536,354,5182,15,007,2011
"Maui County, Hawaii",156693,155371,78002,18471,5454,13017,50454,4290,46164,9077,608,8469,77369,17248,5402,11846,48551,6740,41811,11570,1234,10336,15,009,2011
"Ada County, Idaho",400842,395130,195556,53156,14404,38752,124006,8124,115882,18394,2199,16195,199574,51396,12383,39013,123755,10705,113050,24423,2379,22044,16,001,2011
"Bannock County, Idaho",83691,81839,41850,11874,4523,7351,25930,1922,24008,4046,308,3738,39989,10733,3644,7089,24304,2868,21436,4952,822,4130,16,005,2011
"Bonneville County, Idaho",105772,104915,51493,16684,4774,11910,29763,1821,27942,5046,242,4804,53422,16511,5767,10744,30497,2690,27807,6414,711,5703,16,019,2011
"Canyon County, Idaho",191694,190544,95258,30522,12086,18436,55111,4415,50696,9625,1151,8474,95286,28981,12028,16953,54514,7493,47021,11791,1389,10402,16,027,2011
"Kootenai County, Idaho",141132,140133,69366,17624,5169,12455,42019,2477,39542,9723,498,9225,70767,16390,6602,9788,43407,3968,39439,10970,1222,9748,16,055,2011
"Twin Falls County, Idaho",78005,77240,38334,11062,4747,6315,22486,1479,21007,4786,708,4078,38906,11304,4045,7259,21934,2851,19083,5668,975,4693,16,083,2011
"Adams County, Illinois",67159,65882,32210,7862,3830,4032,19820,2014,17806,4528,664,3864,33672,7266,3026,4240,20123,3851,16272,6283,1074,5209,17,001,2011
"Champaign County, Illinois",201685,200048,100401,20021,8542,11479,71863,4236,67627,8517,1168,7349,99647,18379,6375,12004,69678,6956,62722,11590,1628,9962,17,019,2011
"Cook County, Illinois",5217080,5175137,2504461,622242,300009,322233,1630103,128647,1501456,252116,35117,216999,2670676,601011,294659,306352,1708985,245861,1463124,360680,58191,302489,17,031,2011
"DeKalb County, Illinois",104743,104030,51849,11406,5067,6339,36038,1726,34312,4405,329,4076,52181,11515,5230,6285,35337,4981,30356,5329,748,4581,17,037,2011
"DuPage County, Illinois",923222,917113,449041,113928,28339,85589,289388,13905,275483,45725,3001,42724,468072,111245,27773,83472,296540,20326,276214,60287,5899,54388,17,043,2011
"Kane County, Illinois",520271,517239,257597,75826,30457,45369,159182,9330,149852,22589,2661,19928,259642,72859,28983,43876,158709,15207,143502,28074,4279,23795,17,089,2011
"Kankakee County, Illinois",113698,111410,53836,14379,6208,8171,33179,3377,29802,6278,916,5362,57574,13783,5950,7833,34951,5414,29537,8840,1013,7827,17,091,2011
"Kendall County, Illinois",116631,116456,56940,17592,3578,14014,35689,1860,33829,3659,72,3587,59516,18045,5304,12741,37031,3986,33045,4440,415,4025,17,093,2011
"Lake County, Illinois",706222,688765,339465,97065,32493,64572,209825,12375,197450,32575,3476,29099,349300,92252,30450,61802,216315,19061,197254,40733,4659,36074,17,097,2011
"LaSalle County, Illinois",113518,110759,54615,13074,4707,8367,33978,2580,31398,7563,694,6869,56144,12667,5013,7654,33513,5111,28402,9964,1175,8789,17,099,2011
"McHenry County, Illinois",308944,307470,153526,42449,10522,31927,96299,4327,91972,14778,1065,13713,153944,40026,10608,29418,96784,7979,88805,17134,1857,15277,17,111,2011
"McLean County, Illinois",170556,169431,82218,19441,6214,13227,55389,3705,51684,7388,672,6716,87213,18642,5922,12720,59213,8097,51116,9358,1098,8260,17,113,2011
"Macon County, Illinois",110730,108609,52977,12906,5758,7148,32396,3102,29294,7675,877,6798,55632,12031,4240,7791,34137,5680,28457,9464,1025,8439,17,115,2011
"Madison County, Illinois",268459,265420,129669,31207,10428,20779,82079,6419,75660,16383,999,15384,135751,29193,9717,19476,85259,11803,73456,21299,2709,18590,17,119,2011
"Peoria County, Illinois",186834,184355,89029,22573,11211,11362,55530,4383,51147,10926,550,10376,95326,22370,10713,11657,58921,11768,47153,14035,997,13038,17,143,2011
"Rock Island County, Illinois",147556,145527,71034,16886,7922,8964,43909,3701,40208,10239,1354,8885,74493,16078,7220,8858,45173,6806,38367,13242,1124,12118,17,161,2011
"St. Clair County, Illinois",270259,264623,125524,33993,15671,18322,78225,6607,71618,13306,1407,11899,139099,33992,17550,16442,85820,15569,70251,19287,2823,16464,17,163,2011
"Sangamon County, Illinois",198844,196217,94190,23685,9373,14312,59371,5739,53632,11134,823,10311,102027,22655,9518,13137,63895,9674,54221,15477,1912,13565,17,167,2011
"Tazewell County, Illinois",135661,133711,65385,15936,4300,11636,40604,2806,37798,8845,400,8445,68326,15384,5053,10331,41427,5202,36225,11515,1212,10303,17,179,2011
"Vermilion County, Illinois",81509,79524,38304,9487,4132,5355,23255,1924,21331,5562,622,4940,41220,10322,5054,5268,23795,5084,18711,7103,1109,5994,17,183,2011
"Will County, Illinois",681545,675408,333081,98116,23563,74553,206472,9203,197269,28493,2362,26131,342327,95338,23214,72124,211496,18255,193241,35493,3723,31770,17,197,2011
"Williamson County, Illinois",66622,64944,31325,7076,2950,4126,19553,2412,17141,4696,474,4222,33619,7309,2658,4651,20312,3342,16970,5998,537,5461,17,199,2011
"Winnebago County, Illinois",293993,290855,141840,36555,17740,18815,87876,9016,78860,17409,1881,15528,149015,35674,16013,19661,90275,15914,74361,23066,3605,19461,17,201,2011
"Allen County, Indiana",358327,354774,172933,48650,15867,32783,106971,5690,101281,17312,1166,16146,181841,46916,15229,31687,111263,10715,100548,23662,2100,21562,18,003,2011
"Bartholomew County, Indiana",77870,76626,37560,9366,1653,7713,23535,1300,22235,4659,169,4490,39066,9866,1682,8184,23313,1524,21789,5887,983,4904,18,005,2011
"Clark County, Indiana",111570,110085,52802,13701,4986,8715,33196,1571,31625,5905,609,5296,57283,13086,4008,9078,36517,3124,33393,7680,744,6936,18,019,2011
"Delaware County, Indiana",117660,115989,55926,11458,4680,6778,36993,3372,33621,7475,1132,6343,60063,11361,4212,7149,39513,4464,35049,9189,778,8411,18,035,2011
"Elkhart County, Indiana",198941,196343,95815,27681,11344,16337,58539,3589,54950,9595,779,8816,100528,28046,13650,14396,59420,7180,52240,13062,1120,11942,18,039,2011
"Floyd County, Indiana",74989,74010,36262,8912,2992,5920,23195,1138,22057,4155,216,3939,37748,8686,2622,6064,23849,2105,21744,5213,712,4501,18,043,2011
"Grant County, Indiana",69793,68680,33066,7984,3852,4132,20631,2432,18199,4451,553,3898,35614,6915,3072,3843,22524,2506,20018,6175,981,5194,18,053,2011
"Hamilton County, Indiana",282810,280778,137585,43515,4642,38873,83629,1563,82066,10441,795,9646,143193,39986,3408,36578,89881,2826,87055,13326,745,12581,18,057,2011
"Hancock County, Indiana",70529,69931,34958,9849,2226,7623,21221,1292,19929,3888,48,3840,34973,8469,2719,5750,21491,1366,20125,5013,101,4912,18,059,2011
"Hendricks County, Indiana",147979,143266,70723,21108,2561,18547,42755,936,41819,6860,379,6481,72543,18643,2620,16023,45195,1895,43300,8705,1167,7538,18,063,2011
"Howard County, Indiana",82800,81920,39380,9811,4145,5666,23971,2358,21613,5598,204,5394,42540,9436,3374,6062,25549,4067,21482,7555,154,7401,18,067,2011
"Johnson County, Indiana",141656,139721,67380,18193,3908,14285,41879,1618,40261,7308,463,6845,72341,18540,4797,13743,44249,2442,41807,9552,1385,8167,18,081,2011
"Kosciusko County, Indiana",77336,76539,37994,9436,1664,7772,23885,1025,22860,4673,481,4192,38545,9882,1944,7938,23181,1497,21684,5482,601,4881,18,085,2011
"Lake County, Indiana",495558,491984,237450,63348,26173,37175,146746,9740,137006,27356,2694,24662,254534,61630,27121,34509,155858,20172,135686,37046,6106,30940,18,089,2011
"LaPorte County, Indiana",111374,102910,49408,12592,5403,7189,30061,1745,28316,6755,482,6273,53502,12531,5217,7314,32122,3452,28670,8849,1519,7330,18,091,2011
"Madison County, Indiana",131235,126176,60852,14946,6071,8875,37337,3462,33875,8569,1014,7555,65324,14626,6693,7933,39607,6207,33400,11091,1643,9448,18,095,2011
"Marion County, Indiana",911296,902326,434658,115670,55510,60160,280644,26898,253746,38344,4514,33830,467668,112604,48898,63706,299939,53818,246121,55125,9992,45133,18,097,2011
"Monroe County, Indiana",139799,138897,69388,11369,3373,7996,51802,1838,49964,6217,363,5854,69509,11265,2867,8398,50391,3528,46863,7853,633,7220,18,105,2011
"Morgan County, Indiana",69464,68836,33711,8466,1426,7040,20999,1040,19959,4246,573,3673,35125,8577,2332,6245,21527,2113,19414,5021,552,4469,18,109,2011
"Porter County, Indiana",165537,164264,80851,20513,5582,14931,51420,3189,48231,8918,785,8133,83413,18808,4290,14518,53462,4113,49349,11143,623,10520,18,127,2011
"St. Joseph County, Indiana",266700,263980,128005,32846,11040,21806,80180,5543,74637,14979,1523,13456,135975,31948,11936,20012,84520,8286,76234,19507,1766,17741,18,141,2011
"Tippecanoe County, Indiana",174724,172991,88238,18240,6644,11596,63398,2189,61209,6600,423,6177,84753,17323,6146,11177,58407,4143,54264,9023,972,8051,18,157,2011
"Vanderburgh County, Indiana",180305,177897,86077,20184,6580,13604,55538,3456,52082,10355,904,9451,91820,19612,6691,12921,58161,7214,50947,14047,1529,12518,18,163,2011
"Vigo County, Indiana",108182,104063,50514,11724,4295,7429,33451,2316,31135,5339,696,4643,53549,10987,4740,6247,34283,4670,29613,8279,1157,7122,18,167,2011
"Wayne County, Indiana",68643,67662,33158,8604,3745,4859,19842,1395,18447,4712,208,4504,34504,7054,2834,4220,21307,2929,18378,6143,676,5467,18,177,2011
"Black Hawk County, Iowa",131549,130271,62960,14054,5535,8519,41600,4923,36677,7306,1171,6135,67311,13910,6268,7642,43426,4905,38521,9975,1600,8375,19,013,2011
"Dallas County, Iowa",69444,68975,33729,10114,1366,8748,20873,803,20070,2742,146,2596,35246,9929,1350,8579,21865,331,21534,3452,216,3236,19,049,2011
"Dubuque County, Iowa",94648,93404,46471,10629,3277,7352,29774,1896,27878,6068,774,5294,46933,10101,2634,7467,29043,3844,25199,7789,1217,6572,19,061,2011
"Johnson County, Iowa",133038,131235,64694,12884,4080,8804,46778,3031,43747,5032,229,4803,66541,12781,5069,7712,47438,4250,43188,6322,773,5549,19,103,2011
"Linn County, Iowa",213875,211892,105108,26748,7257,19491,66432,5538,60894,11928,1043,10885,106784,25196,6119,19077,66239,6415,59824,15349,1742,13607,19,113,2011
"Polk County, Iowa",437399,432399,212046,56388,18476,37912,136214,14528,121686,19444,2174,17270,220353,54609,17939,36670,139257,19521,119736,26487,4732,21755,19,153,2011
"Pottawattamie County, Iowa",93518,92432,45236,11331,3613,7718,28283,2823,25460,5622,359,5263,47196,11161,4279,6882,28403,3533,24870,7632,1061,6571,19,155,2011
"Scott County, Iowa",167095,165546,80028,19769,4581,15188,51293,3418,47875,8966,702,8264,85518,20761,5748,15013,52624,5525,47099,12133,1608,10525,19,163,2011
"Story County, Iowa",89663,88923,45074,7619,1481,6138,33672,990,32682,3783,125,3658,43849,7985,2137,5848,30906,1333,29573,4958,247,4711,19,169,2011
"Woodbury County, Iowa",102509,101633,48836,12819,5253,7566,30619,2278,28341,5398,686,4712,52797,14364,6521,7843,30966,4618,26348,7467,1354,6113,19,193,2011
"Butler County, Kansas",65817,64400,31000,8801,2741,6060,18959,880,18079,3240,296,2944,33400,8809,2145,6664,20131,1924,18207,4460,284,4176,20,015,2011
"Douglas County, Kansas",112211,111356,55799,10828,3390,7438,40719,1100,39619,4252,249,4003,55557,9633,1554,8079,40891,1993,38898,5033,742,4291,20,045,2011
"Johnson County, Kansas",552991,548283,267219,73455,12742,60713,167975,3131,164844,25789,1814,23975,281064,70149,10347,59802,176961,5222,171739,33954,3037,30917,20,091,2011
"Leavenworth County, Kansas",75527,68161,32695,9256,1557,7699,19685,578,19107,3754,194,3560,35466,9037,1928,7109,21679,1476,20203,4750,258,4492,20,103,2011
"Riley County, Kansas",72997,66655,33238,7595,484,7111,23550,343,23207,2093,362,1731,33417,5963,540,5423,24485,1173,23312,2969,173,2796,20,161,2011
"Sedgwick County, Kansas",501076,494093,241870,68248,21812,46436,148691,8539,140152,24931,2671,22260,252223,66652,21299,45353,153430,12689,140741,32141,5635,26506,20,173,2011
"Shawnee County, Kansas",178941,175715,85792,22552,7305,15247,52367,3935,48432,10873,1154,9719,89923,21295,6460,14835,54838,6201,48637,13790,2188,11602,20,177,2011
"Wyandotte County, Kansas",158224,157071,77548,22876,12454,10422,47591,3042,44549,7081,1182,5899,79523,21700,10802,10898,48447,5955,42492,9376,1668,7708,20,209,2011
"Boone County, Kentucky",121737,120748,59384,17346,4400,12946,36503,3027,33476,5535,857,4678,61364,17020,4694,12326,38043,2043,36000,6301,611,5690,21,015,2011
"Bullitt County, Kentucky",75109,74851,36631,9150,2166,6984,23242,956,22286,4239,555,3684,38220,9181,3126,6055,24271,2278,21993,4768,720,4048,21,029,2011
"Campbell County, Kentucky",90940,89829,44177,10816,2562,8254,28621,1541,27080,4740,256,4484,45652,9888,2259,7629,29390,2170,27220,6374,1133,5241,21,037,2011
"Christian County, Kentucky",73591,65812,30584,10447,3608,6839,17062,1776,15286,3075,202,2873,35228,10214,2613,7601,20397,2737,17660,4617,1201,3416,21,047,2011
"Daviess County, Kentucky",97234,95915,46989,12871,4643,8228,28137,2997,25140,5981,546,5435,48926,11529,4137,7392,29754,3309,26445,7643,1662,5981,21,059,2011
"Fayette County, Kentucky",301569,296024,144509,33171,11539,21632,98674,3988,94686,12664,908,11756,151515,30008,9985,20023,103176,7236,95940,18331,3062,15269,21,067,2011
"Hardin County, Kentucky",107456,100988,48356,14071,5144,8927,29513,3383,26130,4772,302,4470,52632,13268,5411,7857,32388,4510,27878,6976,1200,5776,21,093,2011
"Jefferson County, Kentucky",746906,738206,355226,87203,34870,52333,227486,14147,213339,40537,3876,36661,382980,84086,35357,48729,241424,27517,213907,57470,7520,49950,21,111,2011
"Kenton County, Kentucky",160406,158942,78830,20864,7101,13763,50660,4932,45728,7306,976,6330,80112,19208,5272,13936,50744,4879,45865,10160,1198,8962,21,117,2011
"McCracken County, Kentucky",65864,64709,31079,7654,2265,5389,18879,1390,17489,4546,385,4161,33630,7365,2952,4413,19931,1537,18394,6334,508,5826,21,145,2011
"Madison County, Kentucky",84188,83438,40221,8522,2869,5653,27626,1775,25851,4073,730,3343,43217,9372,3573,5799,28799,3594,25205,5046,737,4309,21,151,2011
"Pike County, Kentucky",64904,64075,31341,7169,3166,4003,20231,3654,16577,3941,634,3307,32734,6974,4029,2945,20908,4295,16613,4852,872,3980,21,195,2011
"Warren County, Kentucky",115517,114289,55904,13482,4328,9154,37103,1242,35861,5319,884,4435,58385,12420,4977,7443,39200,3588,35612,6765,952,5813,21,227,2011
"Ascension Parish, Louisiana",109985,109372,53172,15468,3867,11601,33506,2207,31299,4198,322,3876,56200,15815,6270,9545,34667,3502,31165,5718,1077,4641,22,005,2011
"Bossier Parish, Louisiana",119732,115260,55078,15255,5792,9463,33874,2915,30959,5949,335,5614,60182,15629,4611,11018,37097,4522,32575,7456,625,6831,22,015,2011
"Caddo Parish, Louisiana",257051,251361,117781,31949,18312,13637,71893,6026,65867,13939,2213,11726,133580,30698,16426,14272,83319,12094,71225,19563,2961,16602,22,017,2011
"Calcasieu Parish, Louisiana",194092,191899,92651,24200,10686,13514,58019,4504,53515,10432,1058,9374,99248,24998,12621,12377,60773,8784,51989,13477,2276,11201,22,019,2011
"East Baton Rouge Parish, Louisiana",441438,438359,209884,51040,23169,27871,138753,8911,129842,20091,2160,17931,228475,50266,24895,25371,150379,17202,133177,27830,4743,23087,22,033,2011
"Iberia Parish, Louisiana",73400,72559,35794,9717,4612,5105,22249,2508,19741,3828,434,3394,36765,9529,5294,4235,22394,4054,18340,4842,896,3946,22,045,2011
"Jefferson Parish, Louisiana",432640,429120,207812,49130,26377,22753,134101,8797,125304,24581,3420,21161,221308,47566,26017,21549,139424,17421,122003,34318,5339,28979,22,051,2011
"Lafayette Parish, Louisiana",224390,222305,108163,28083,10562,17521,70558,4109,66449,9522,750,8772,114142,26252,8303,17949,74881,7508,67373,13009,1672,11337,22,055,2011
"Lafourche Parish, Louisiana",96666,95644,45655,11423,6101,5322,29306,2502,26804,4926,339,4587,49989,11840,7018,4822,31322,3758,27564,6827,960,5867,22,057,2011
"Livingston Parish, Louisiana",130251,129525,63257,17926,8032,9894,39627,2216,37411,5704,697,5007,66268,17379,5544,11835,42010,4590,37420,6879,1406,5473,22,063,2011
"Orleans Parish, Louisiana",360740,355316,169643,39444,23281,16163,113996,13379,100617,16203,3370,12833,185673,37780,21659,16121,124754,23176,101578,23139,6263,16876,22,071,2011
"Ouachita Parish, Louisiana",154919,149093,68551,20117,9812,10305,40588,2946,37642,7846,1336,6510,80542,20136,10726,9410,49631,7716,41915,10775,1814,8961,22,073,2011
"Rapides Parish, Louisiana",132374,129643,61753,16999,10469,6530,37476,6883,30593,7278,1784,5494,67890,16958,10170,6788,41017,5940,35077,9915,3608,6307,22,079,2011
"St. Landry Parish, Louisiana",83552,82469,39455,11443,6680,4763,23179,2494,20685,4833,347,4486,43014,11302,5446,5856,25431,3886,21545,6281,1280,5001,22,097,2011
"St. Tammany Parish, Louisiana",236785,234489,113440,30498,10935,19563,69505,3910,65595,13437,1047,12390,121049,29082,10560,18522,74872,7487,67385,17095,1747,15348,22,103,2011
"Tangipahoa Parish, Louisiana",122571,121869,59163,15722,8742,6980,37395,4791,32604,6046,925,5121,62706,14927,9286,5641,39913,6610,33303,7866,1731,6135,22,105,2011
"Terrebonne Parish, Louisiana",111917,110937,55350,15767,6933,8834,34469,3005,31464,5114,544,4570,55587,13459,6095,7364,35267,4974,30293,6861,1862,4999,22,109,2011
"Androscoggin County, Maine",107398,106441,52796,12800,6124,6676,33619,5623,27996,6377,1914,4463,53645,11009,4814,6195,34269,8997,25272,8367,2016,6351,23,001,2011
"Aroostook County, Maine",71482,70677,35067,6978,3645,3333,21904,4757,17147,6185,1702,4483,35610,7023,3553,3470,21237,5927,15310,7350,2563,4787,23,003,2011
"Cumberland County, Maine",282401,279125,135088,30378,9866,20512,88057,9127,78930,16653,2349,14304,144037,27868,7669,20199,92708,11205,81503,23461,4629,18832,23,005,2011
"Kennebec County, Maine",121935,120553,58479,12251,4793,7458,37656,5481,32175,8572,1219,7353,62074,12383,5198,7185,39498,8272,31226,10193,1756,8437,23,011,2011
"Penobscot County, Maine",153786,151903,74342,15279,6518,8761,49404,9623,39781,9659,2632,7027,77561,14691,6495,8196,50660,12191,38469,12210,3240,8970,23,019,2011
"York County, Maine",198199,196682,95422,21111,6199,14912,60635,7191,53444,13676,2672,11004,101260,20638,6589,14049,63700,9426,54274,16922,3226,13696,23,031,2011
"Allegany County, Maryland",74692,69298,33911,6604,3672,2932,21985,4462,17523,5322,701,4621,35387,6597,3836,2761,21551,4205,17346,7239,1294,5945,24,001,2011
"Anne Arundel County, Maryland",544403,526006,254687,63589,11423,52166,162985,8452,154533,28113,3098,25015,271319,61395,12146,49249,174076,14061,160015,35848,3929,31919,24,003,2011
"Baltimore County, Maryland",809941,801309,378568,88736,24848,63888,242373,17049,225324,47459,5675,41784,422741,87138,26473,60665,269324,30875,238449,66279,8984,57295,24,005,2011
"Calvert County, Maryland",89256,87690,43421,12143,2684,9459,26848,2402,24446,4430,341,4089,44269,10347,1822,8525,28272,2695,25577,5650,723,4927,24,009,2011
"Carroll County, Maryland",167288,165218,81136,19943,3313,16630,51791,2422,49369,9402,813,8589,84082,19592,3235,16357,52043,3487,48556,12447,1200,11247,24,013,2011
"Cecil County, Maryland",101694,100717,50022,12502,3151,9351,31943,3303,28640,5577,342,5235,50695,12307,3812,8495,32167,4440,27727,6221,713,5508,24,015,2011
"Charles County, Maryland",149130,147026,71120,19697,4057,15640,44763,3336,41427,6660,595,6065,75906,18394,3083,15311,49328,4550,44778,8184,793,7391,24,017,2011
"Frederick County, Maryland",236745,234768,116467,30775,6687,24088,74312,3652,70660,11380,242,11138,118301,27652,5995,21657,75197,5003,70194,15452,1358,14094,24,021,2011
"Harford County, Maryland",246489,244043,119000,30254,6759,23495,75167,3468,71699,13579,1018,12561,125043,28809,5740,23069,78662,7492,71170,17572,1222,16350,24,025,2011
"Howard County, Maryland",293142,291086,141031,37175,4629,32546,90025,3505,86520,13831,1121,12710,150055,37163,5453,31710,95814,6023,89791,17078,1728,15350,24,027,2011
"Montgomery County, Maryland",989794,980369,470433,119427,31425,88002,299366,10878,288488,51640,3784,47856,509936,115443,24810,90633,325507,18877,306630,68986,8520,60466,24,031,2011
"Prince George's County, Maryland",871233,864366,414008,104956,33630,71326,273882,15615,258267,35170,3598,31572,450358,99641,37089,62552,302141,26923,275218,48576,6292,42284,24,033,2011
"St. Mary's County, Maryland",107484,104547,50650,14120,2981,11139,31209,1549,29660,5321,889,4432,53897,13494,2531,10963,34444,4437,30007,5959,543,5416,24,037,2011
"Washington County, Maryland",148203,140205,68580,16915,5488,11427,42566,4304,38262,9099,1157,7942,71625,16204,6568,9636,44541,6702,37839,10880,1197,9683,24,043,2011
"Wicomico County, Maryland",99190,97939,47512,11449,5451,5998,30612,3121,27491,5451,722,4729,50427,9985,4566,5419,32824,6373,26451,7618,936,6682,24,045,2011
"Baltimore city, Maryland",619493,610804,285485,67740,42878,24862,190320,36229,154091,27425,6583,20842,325319,65833,39425,26408,217040,54661,162379,42446,9788,32658,24,510,2011
"Barnstable County, Massachusetts",215769,212896,100376,17532,5120,12412,59342,10493,48849,23502,1910,21592,112520,18441,6806,11635,63793,13150,50643,30286,3895,26391,25,001,2011
"Berkshire County, Massachusetts",130458,128241,61696,12307,5400,6907,39143,9263,29880,10246,1411,8835,66545,12433,5224,7209,40661,9594,31067,13451,2429,11022,25,003,2011
"Bristol County, Massachusetts",548922,541202,262244,61623,22019,39604,168877,30568,138309,31744,5389,26355,278958,58619,21540,37079,177175,42760,134415,43164,8235,34929,25,005,2011
"Essex County, Massachusetts",748930,741347,355435,86748,26643,60105,224934,40025,184909,43753,7198,36555,385912,83075,30308,52767,242572,51129,191443,60265,13692,46573,25,009,2011
"Franklin County, Massachusetts",71599,70925,34331,7038,2710,4328,22497,4022,18475,4796,585,4211,36594,6828,2327,4501,23830,6181,17649,5936,758,5178,25,011,2011
"Hampden County, Massachusetts",463783,457643,220092,55465,27265,28200,138733,36406,102327,25894,4760,21134,237551,52853,27618,25235,148377,43147,105230,36321,8024,28297,25,013,2011
"Hampshire County, Massachusetts",157822,156495,73321,13151,5422,7729,51711,7511,44200,8459,903,7556,83174,12348,3187,9161,59393,9521,49872,11433,1898,9535,25,015,2011
"Middlesex County, Massachusetts",1518171,1502439,730466,162218,32819,129399,486157,55586,430571,82091,11630,70461,771973,156350,32866,123484,504138,71673,432465,111485,18613,92872,25,017,2011
"Norfolk County, Massachusetts",675436,666381,317179,76263,12210,64053,201054,21116,179938,39862,4629,35233,349202,73747,12439,61308,219838,27383,192455,55617,8567,47050,25,021,2011
"Plymouth County, Massachusetts",497579,490281,238213,60964,16970,43994,147626,24448,123178,29623,3481,26142,252068,55998,15094,40904,158106,29738,128368,37964,6094,31870,25,023,2011
"Suffolk County, Massachusetts",730932,723818,348003,64791,37034,27757,252535,51940,200595,30677,8583,22094,375815,63661,35179,28482,268905,73205,195700,43249,15389,27860,25,025,2011
"Worcester County, Massachusetts",801227,789178,386983,94622,27110,67512,250178,38893,211285,42183,6696,35487,402195,89503,30557,58946,256084,54311,201773,56608,10934,45674,25,027,2011
"Allegan County, Michigan",111234,110491,54533,14472,4100,10372,33433,2634,30799,6628,688,5940,55958,14361,4955,9406,33559,3459,30100,8038,498,7540,26,005,2011
"Bay County, Michigan",107110,106178,51786,11507,4492,7015,32865,4016,28849,7414,904,6510,54392,11812,4815,6997,33274,4586,28688,9306,969,8337,26,017,2011
"Berrien County, Michigan",156941,155598,75704,18294,7834,10460,46046,5441,40605,11364,1288,10076,79894,17954,8276,9678,47745,7440,40305,14195,2414,11781,26,021,2011
"Calhoun County, Michigan",135490,133957,65607,16427,7606,8821,40600,6274,34326,8580,1040,7540,68350,15512,6728,8784,41498,8515,32983,11340,2408,8932,26,025,2011
"Clinton County, Michigan",75469,74879,37504,9335,2814,6521,23758,2349,21409,4411,244,4167,37375,8612,2656,5956,23624,2314,21310,5139,259,4880,26,037,2011
"Eaton County, Michigan",108056,107327,52917,12548,4986,7562,33493,4144,29349,6876,810,6066,54410,11789,3752,8037,33862,4255,29607,8759,1143,7616,26,045,2011
"Genesee County, Michigan",422080,419355,202131,52598,25940,26658,124441,24270,100171,25092,3795,21297,217224,50862,22029,28833,133518,33673,99845,32844,5396,27448,26,049,2011
"Grand Traverse County, Michigan",88349,84991,40905,9450,4483,4967,26042,2340,23702,5413,438,4975,44086,9012,3431,5581,27678,3710,23968,7396,701,6695,26,055,2011
"Ingham County, Michigan",281613,279948,135718,28946,11436,17510,94238,12278,81960,12534,1182,11352,144230,27805,11339,16466,99588,16591,82997,16837,3074,13763,26,065,2011
"Isabella County, Michigan",70622,70099,34318,6642,2502,4140,24689,2696,21993,2987,326,2661,35781,5711,2046,3665,26141,4330,21811,3929,767,3162,26,073,2011
"Jackson County, Michigan",159748,152127,74827,18914,8257,10657,46391,5942,40449,9522,968,8554,77300,17358,6640,10718,47785,9033,38752,12157,1337,10820,26,075,2011
"Kalamazoo County, Michigan",252074,250350,123077,28965,9880,19085,81426,7899,73527,12686,1383,11303,127273,26822,9079,17743,82938,12611,70327,17513,2313,15200,26,077,2011
"Kent County, Michigan",608453,604901,295977,80594,27359,53235,187320,16472,170848,28063,2707,25356,308924,76850,26538,50312,194238,25986,168252,37836,5112,32724,26,081,2011
"Lapeer County, Michigan",88082,86426,42720,10444,4320,6124,26643,1858,24785,5633,374,5259,43706,10286,4125,6161,27118,4130,22988,6302,680,5622,26,087,2011
"Lenawee County, Michigan",99440,95971,47327,11438,4103,7335,29588,2685,26903,6301,1064,5237,48644,10346,3380,6966,30059,4100,25959,8239,758,7481,26,091,2011
"Livingston County, Michigan",181722,180873,90453,22583,6136,16447,57482,3128,54354,10388,1080,9308,90420,21799,5138,16661,56430,4749,51681,12191,957,11234,26,093,2011
"Macomb County, Michigan",842145,835541,404756,97218,34725,62493,257457,22326,235131,50081,6051,44030,430785,93323,32828,60495,267457,33035,234422,70005,8540,61465,26,099,2011
"Marquette County, Michigan",67694,65445,32462,6970,2921,4049,21119,2042,19077,4373,1005,3368,32983,5835,2032,3803,21895,2444,19451,5253,811,4442,26,103,2011
"Midland County, Michigan",84063,83308,41164,9756,2578,7178,25918,2364,23554,5490,152,5338,42144,9618,2402,7216,25801,3428,22373,6725,619,6106,26,111,2011
"Monroe County, Michigan",151560,150659,74580,18208,6399,11809,47750,5421,42329,8622,951,7671,76079,17334,6283,11051,47442,6910,40532,11303,1179,10124,26,115,2011
"Muskegon County, Michigan",171302,166022,80381,21309,10214,11095,49132,7278,41854,9940,1667,8273,85641,20521,9880,10641,52222,11410,40812,12898,2753,10145,26,121,2011
"Oakland County, Michigan",1210145,1204015,583346,142105,35458,106647,371979,27911,344068,69262,7663,61599,620669,135955,35003,100952,392584,36224,356360,92130,13322,78808,26,125,2011
"Ottawa County, Michigan",266300,265102,131296,35908,10616,25292,81333,4336,76997,14055,1093,12962,133806,32274,8575,23699,84653,7238,77415,16879,1460,15419,26,139,2011
"Saginaw County, Michigan",199088,195787,94268,23444,11604,11840,57877,8930,48947,12947,1411,11536,101519,22222,9718,12504,62545,11611,50934,16752,3083,13669,26,145,2011
"St. Clair County, Michigan",161642,160413,79837,19576,7600,11976,49485,5837,43648,10776,751,10025,80576,17897,8077,9820,49614,7646,41968,13065,1031,12034,26,147,2011
"Shiawassee County, Michigan",69841,69373,33920,8482,2846,5636,20862,2127,18735,4576,364,4212,35453,8103,3660,4443,21788,3367,18421,5562,668,4894,26,155,2011
"Van Buren County, Michigan",76131,75616,37382,9857,4799,5058,22822,3944,18878,4703,307,4396,38234,9325,4880,4445,22950,4121,18829,5959,780,5179,26,159,2011
"Washtenaw County, Michigan",347962,345006,169494,35954,7713,28241,117656,9244,108412,15884,2225,13659,175512,34030,9535,24495,121280,11221,110059,20202,2463,17739,26,161,2011
"Wayne County, Michigan",1802096,1789673,859491,228642,118041,110601,538018,95075,442943,92831,15623,77208,930182,219316,113440,105876,578510,136293,442217,132356,26883,105473,26,163,2011
"Anoka County, Minnesota",333140,330283,164327,43656,10140,33516,105572,9075,96497,15099,1083,14016,165956,41124,8199,32925,106438,13263,93175,18394,1955,16439,27,003,2011
"Carver County, Minnesota",92638,92379,46057,14863,2399,12464,27824,1146,26678,3370,217,3153,46322,12991,1334,11657,28677,2227,26450,4654,510,4144,27,019,2011
"Dakota County, Minnesota",402006,400177,196323,52412,9352,43060,126599,6495,120104,17312,1127,16185,203854,51352,9802,41550,130330,11421,118909,22172,2046,20126,27,037,2011
"Hennepin County, Minnesota",1168431,1158780,569619,133680,36510,97170,381089,37086,344003,54850,6783,48067,589161,129548,36927,92621,385922,48404,337518,73691,9870,63821,27,053,2011
"Olmsted County, Minnesota",145769,143778,70256,18672,3489,15183,43815,2668,41147,7769,599,7170,73522,17800,2812,14988,45963,4393,41570,9759,899,8860,27,109,2011
"Ramsey County, Minnesota",514696,510676,248244,61178,21540,39638,161457,18013,143444,25609,2483,23126,262432,58155,19621,38534,169360,26240,143120,34917,4467,30450,27,123,2011
"St. Louis County, Minnesota",200255,196852,98315,19811,5971,13840,64989,7731,57258,13515,1051,12464,98537,18889,6036,12853,62791,10892,51899,16857,2356,14501,27,137,2011
"Scott County, Minnesota",132556,131248,65588,20089,2344,17745,40861,1198,39663,4638,645,3993,65660,19271,2597,16674,40850,3204,37646,5539,679,4860,27,139,2011
"Sherburne County, Minnesota",89319,87632,44461,12375,2249,10126,28750,1943,26807,3336,148,3188,43171,12691,3100,9591,26717,4901,21816,3763,397,3366,27,141,2011
"Stearns County, Minnesota",151343,150156,75809,17960,3740,14220,49799,3997,45802,8050,691,7359,74347,16386,4128,12258,47983,6258,41725,9978,537,9441,27,145,2011
"Washington County, Minnesota",241280,238618,117700,32288,4255,28033,73826,3904,69922,11586,1046,10540,120918,30358,4395,25963,76616,5970,70646,13944,720,13224,27,163,2011
"Wright County, Minnesota",126437,125686,63019,18901,2906,15995,38595,2018,36577,5523,482,5041,62667,18615,2663,15952,37583,3320,34263,6469,890,5579,27,171,2011
"DeSoto County, Mississippi",164053,163328,79423,23829,6940,16889,48593,3855,44738,7001,767,6234,83905,21851,6868,14983,52573,4463,48110,9481,1692,7789,28,033,2011
"Forrest County, Mississippi",75842,75025,36177,9433,4130,5303,23344,1871,21473,3400,348,3052,38848,8349,4239,4110,25348,3470,21878,5151,872,4279,28,035,2011
"Harrison County, Mississippi",191040,183010,89979,24432,11203,13229,55520,3391,52129,10027,1085,8942,93031,22227,12187,10040,58818,4790,54028,11986,2040,9946,28,047,2011
"Hinds County, Mississippi",248184,245633,115611,32086,16776,15310,72882,8492,64390,10643,1835,8808,130022,31501,16222,15279,83023,13434,69589,15498,4487,11011,28,049,2011
"Jackson County, Mississippi",139901,138545,68364,17904,6065,11839,42454,2927,39527,8006,514,7492,70181,17217,6387,10830,43753,5242,38511,9211,958,8253,28,059,2011
"Jones County, Mississippi",68075,67250,31982,7558,3957,3601,20056,1553,18503,4368,1101,3267,35268,8184,3975,4209,20788,2936,17852,6296,1168,5128,28,067,2011
"Lauderdale County, Mississippi",80475,75933,35207,9881,5148,4733,20848,2069,18779,4478,1023,3455,40726,9656,4737,4919,24628,3653,20975,6442,1716,4726,28,075,2011
"Lee County, Mississippi",84156,82590,38010,10641,4978,5663,23013,2315,20698,4356,475,3881,44580,12094,5111,6983,26572,4220,22352,5914,1556,4358,28,081,2011
"Madison County, Mississippi",96941,95720,45681,13071,4220,8851,28262,2477,25785,4348,628,3720,50039,12470,3241,9229,31993,2898,29095,5576,1624,3952,28,089,2011
"Rankin County, Mississippi",143702,138538,64754,17757,6809,10948,40279,1870,38409,6718,696,6022,73784,18459,4090,14369,46196,2735,43461,9129,973,8156,28,121,2011
"Boone County, Missouri",165627,164359,80079,18111,4236,13875,55372,2823,52549,6596,308,6288,84280,16162,5105,11057,59656,4239,55417,8462,1327,7135,29,019,2011
"Buchanan County, Missouri",89666,87318,43220,10178,4348,5830,28055,2236,25819,4987,649,4338,44098,10087,3542,6545,27351,4335,23016,6660,798,5862,29,021,2011
"Cape Girardeau County, Missouri",76632,75602,36452,8609,2395,6214,23359,2324,21035,4484,401,4083,39150,7894,1815,6079,25634,2716,22918,5622,742,4880,29,031,2011
"Cass County, Missouri",100052,99047,47196,12740,2364,10376,28697,849,27848,5759,533,5226,51851,13227,2351,10876,31137,2539,28598,7487,953,6534,29,037,2011
"Christian County, Missouri",78570,78157,37624,10218,3469,6749,22722,820,21902,4684,192,4492,40533,10533,4727,5806,24794,1706,23088,5206,406,4800,29,043,2011
"Clay County, Missouri",225161,223560,110138,30056,7253,22803,69168,2531,66637,10914,326,10588,113422,27295,5628,21667,71816,3986,67830,14311,881,13430,29,047,2011
"Cole County, Missouri",76448,72623,35734,9666,2282,7384,22047,939,21108,4021,49,3972,36889,8563,2843,5720,23501,2117,21384,4825,416,4409,29,051,2011
"Franklin County, Missouri",101938,101066,49747,12617,3539,9078,30980,2177,28803,6150,254,5896,51319,11714,2969,8745,31836,3315,28521,7769,518,7251,29,071,2011
"Greene County, Missouri",277214,273618,132076,29224,8501,20723,87194,4023,83171,15658,1407,14251,141542,28634,8839,19795,90596,8168,82428,22312,2660,19652,29,077,2011
"Jackson County, Missouri",676360,669991,323390,83525,30548,52977,205487,11141,194346,34378,3247,31131,346601,81277,30388,50889,217744,24458,193286,47580,5234,42346,29,095,2011
"Jasper County, Missouri",118435,117314,57951,15426,6263,9163,35662,3721,31941,6863,755,6108,59363,13958,4886,9072,36218,4286,31932,9187,2035,7152,29,097,2011
"Jefferson County, Missouri",219480,217904,108213,27738,9121,18617,69318,2794,66524,11157,831,10326,109691,26505,6984,19521,69739,5747,63992,13447,988,12459,29,099,2011
"Platte County, Missouri",90903,90022,44216,11483,3175,8308,28147,865,27282,4586,335,4251,45806,10378,1428,8950,29766,2174,27592,5662,101,5561,29,165,2011
"St. Charles County, Missouri",365151,363601,178678,46550,4298,42252,113356,4176,109180,18772,570,18202,184923,45479,4761,40718,116371,4333,112038,23073,1703,21370,29,183,2011
"St. Francois County, Missouri",65578,54944,25943,6830,3234,3596,15672,1997,13675,3441,877,2564,29001,6437,2493,3944,17629,2784,14845,4935,1207,3728,29,187,2011
"St. Louis County, Missouri",998692,986854,466645,116438,29188,87250,290748,12142,278606,59459,4273,55186,520209,112486,27815,84671,323343,23342,300001,84380,8963,75417,29,189,2011
"St. Louis city, Missouri",318069,313387,151000,34543,17595,16948,103322,11378,91944,13135,2854,10281,162387,32743,17523,15220,109463,16855,92608,20181,5322,14859,29,510,2011
"Cascade County, Montana",81837,78015,37071,9415,3690,5725,21930,1870,20060,5726,455,5271,40944,9849,3090,6759,24475,1837,22638,6620,822,5798,30,013,2011
"Flathead County, Montana",91301,90623,44909,10550,4388,6162,27840,799,27041,6519,436,6083,45714,10377,3268,7109,28514,1846,26668,6823,607,6216,30,029,2011
"Gallatin County, Montana",91377,91079,46375,9038,1828,7210,32855,800,32055,4482,90,4392,44704,9181,1872,7309,30449,1066,29383,5074,379,4695,30,031,2011
"Missoula County, Montana",110138,109628,54803,11311,4540,6771,37689,2247,35442,5803,172,5631,54825,9817,3116,6701,38347,2588,35759,6661,587,6074,30,063,2011
"Yellowstone County, Montana",150069,148029,72589,18070,5758,12312,45841,3731,42110,8678,424,8254,75440,17020,4300,12720,46769,4492,42277,11651,1299,10352,30,111,2011
"Douglas County, Nebraska",524861,518843,253916,69034,21330,47704,161954,9626,152328,22928,2605,20323,264927,66971,24755,42216,167029,16925,150104,30927,3845,27082,31,055,2011
"Lancaster County, Nebraska",289800,284933,141651,34059,10365,23694,94145,4167,89978,13447,638,12809,143282,32088,8874,23214,93680,8036,85644,17514,1779,15735,31,109,2011
"Sarpy County, Nebraska",162561,158858,78091,24009,4625,19384,47834,1068,46766,6248,353,5895,80767,22130,4125,18005,50780,2138,48642,7857,767,7090,31,153,2011
"Clark County, Nevada",1969975,1945817,972075,249862,62605,187257,614639,34870,579769,107574,11256,96318,973742,238923,60351,178572,613503,46400,567103,121316,16371,104945,32,003,2011
"Washoe County, Nevada",425710,421955,211552,50326,10719,39607,136319,4904,131415,24907,2981,21926,210403,48641,11543,37098,133462,10243,123219,28300,5104,23196,32,031,2011
"Cheshire County, New Hampshire",76918,76264,36987,7421,1878,5543,24590,1332,23258,4976,617,4359,39277,7266,2197,5069,25705,1687,24018,6306,499,5807,33,005,2011
"Grafton County, New Hampshire",88923,88102,43098,8158,3045,5113,28697,1199,27498,6243,807,5436,45004,7902,2491,5411,29662,1372,28290,7440,1072,6368,33,009,2011
"Hillsborough County, New Hampshire",401696,398216,197316,46648,13276,33372,129594,6221,123373,21074,2207,18867,200900,45108,11676,33432,129285,9479,119806,26507,2811,23696,33,011,2011
"Merrimack County, New Hampshire",146579,143130,70249,16198,4842,11356,45395,1605,43790,8656,897,7759,72881,14912,2781,12131,47418,3296,44122,10551,972,9579,33,013,2011
"Rockingham County, New Hampshire",296207,294300,145142,32988,5930,27058,95262,3522,91740,16892,1397,15495,149158,32460,6108,26352,95735,4912,90823,20963,1654,19309,33,015,2011
"Strafford County, New Hampshire",123857,122365,59303,13080,4820,8260,39909,2390,37519,6314,1241,5073,63062,11592,3962,7630,43213,3283,39930,8257,1389,6868,33,017,2011
"Atlantic County, New Jersey",274338,271012,131012,32465,12171,20294,81644,8039,73605,16903,2428,14475,140000,30561,11038,19523,87782,12328,75454,21657,4996,16661,34,001,2011
"Bergen County, New Jersey",911004,905681,437519,103347,19036,84311,276687,13497,263190,57485,5277,52208,468162,98732,16841,81891,291950,18727,273223,77480,9777,67703,34,003,2011
"Burlington County, New Jersey",449576,434647,208155,50675,10049,40626,131313,7175,124138,26167,3075,23092,226492,50450,8492,41958,140931,11185,129746,35111,4851,30260,34,005,2011
"Camden County, New Jersey",513241,507565,244751,62726,20639,42087,154707,16365,138342,27318,4306,23012,262814,60112,19391,40721,165685,23530,142155,37017,6650,30367,34,007,2011
"Cape May County, New Jersey",96601,94556,45544,8706,2007,6699,27788,4075,23713,9050,359,8691,49012,9124,3612,5512,27989,3898,24091,11899,1418,10481,34,009,2011
"Cumberland County, New Jersey",157095,145739,69596,18462,9309,9153,43322,4724,38598,7812,635,7177,76143,18789,8310,10479,46101,7266,38835,11253,2114,9139,34,011,2011
"Essex County, New Jersey",785137,773316,368716,98195,38806,59389,234617,22250,212367,35904,4991,30913,404600,95029,34590,60439,257209,40203,217006,52362,11327,41035,34,013,2011
"Gloucester County, New Jersey",289104,287662,139127,35298,7924,27374,88883,6115,82768,14946,1881,13065,148535,33999,7555,26444,94507,8126,86381,20029,2579,17450,34,015,2011
"Hudson County, New Jersey",641224,637698,316642,67698,32112,35586,222016,15490,206526,26928,5196,21732,321056,64289,30117,34172,218610,32168,186442,38157,9114,29043,34,017,2011
"Hunterdon County, New Jersey",128038,123826,60814,14616,1570,13046,38567,1277,37290,7631,392,7239,63012,14180,1965,12215,39437,2150,37287,9395,1008,8387,34,019,2011
"Mercer County, New Jersey",367063,359796,174397,41937,13324,28613,113052,9154,103898,19408,2573,16835,185399,40000,10508,29492,119394,11232,108162,26005,2684,23321,34,021,2011
"Middlesex County, New Jersey",814217,804993,393711,93935,20858,73077,258581,12329,246252,41195,4589,36606,411282,89769,20084,69685,264407,18235,246172,57106,10396,46710,34,023,2011
"Monmouth County, New Jersey",631020,626668,305399,75082,13781,61301,193223,8033,185190,37094,3220,33874,321269,71878,13869,58009,199923,11971,187952,49468,5186,44282,34,025,2011
"Morris County, New Jersey",494976,490495,239584,58740,4634,54106,151235,4041,147194,29609,2847,26762,250911,56613,5773,50840,155618,5516,150102,38680,3600,35080,34,027,2011
"Ocean County, New Jersey",579369,573936,275361,68948,24810,44138,156270,14619,141651,50143,4493,45650,298575,66241,23610,42631,163915,20099,143816,68419,6349,62070,34,029,2011
"Passaic County, New Jersey",502007,498734,242586,63163,30768,32395,154879,15733,139146,24544,5038,19506,256148,60283,26643,33640,161147,28862,132285,34718,7739,26979,34,031,2011
"Salem County, New Jersey",65902,64610,31364,7935,2820,5115,19395,1950,17445,4034,371,3663,33246,7316,2836,4480,20480,3229,17251,5450,428,5022,34,033,2011
"Somerset County, New Jersey",324893,322373,157704,40802,4943,35859,99991,2081,97910,16911,1671,15240,164669,38546,4386,34160,103664,4131,99533,22459,2167,20292,34,035,2011
"Sussex County, New Jersey",148517,147071,73735,18166,1851,16315,47281,1984,45297,8288,412,7876,73336,16129,2877,13252,48052,2847,45205,9155,673,8482,34,037,2011
"Union County, New Jersey",539494,535382,259904,67209,20502,46707,165824,11804,154020,26871,4195,22676,275478,63279,19466,43813,172859,18318,154541,39340,6103,33237,34,039,2011
"Warren County, New Jersey",108339,107222,51707,12881,2849,10032,32983,2402,30581,5843,451,5392,55515,11862,2408,9454,35020,3337,31683,8633,1455,7178,34,041,2011
"Bernalillo County, New Mexico",670968,663417,324074,82112,40163,41949,206152,23305,182847,35810,3094,32716,339343,77448,39233,38215,215244,33648,181596,46651,7121,39530,35,001,2011
"Chaves County, New Mexico",65890,64896,32227,9137,5951,3186,18515,1809,16706,4575,1127,3448,32669,7761,4892,2869,20358,2509,17849,4550,725,3825,35,005,2011
"Do?a Ana County, New Mexico",213598,209807,101742,28667,17786,10881,60821,8344,52477,12254,2527,9727,108065,27622,17154,10468,66068,12285,53783,14375,2968,11407,35,013,2011
"Lea County, New Mexico",65423,63723,31547,8910,4821,4089,19465,2281,17184,3172,535,2637,32176,9742,5272,4470,18591,2328,16263,3843,685,3158,35,025,2011
"McKinley County, New Mexico",73664,73323,35606,12038,7340,4698,20901,4766,16135,2667,751,1916,37717,11528,7425,4103,21801,5792,16009,4388,1502,2886,35,031,2011
"Otero County, New Mexico",65703,61258,30574,8208,5681,2527,17700,1768,15932,4666,942,3724,30684,7825,3436,4389,17902,3099,14803,4957,852,4105,35,035,2011
"Sandoval County, New Mexico",134259,133121,65135,18375,7520,10855,39084,3196,35888,7676,509,7167,67986,16509,6780,9729,42405,4992,37413,9072,804,8268,35,043,2011
"San Juan County, New Mexico",128200,127042,63986,19102,8598,10504,38600,4475,34125,6284,863,5421,63056,17017,8219,8798,38304,4949,33355,7735,1246,6489,35,045,2011
"Santa Fe County, New Mexico",145648,143395,70034,15768,7348,8420,43879,2982,40897,10387,864,9523,73361,13882,5284,8598,46878,4912,41966,12601,643,11958,35,049,2011
"Valencia County, New Mexico",77070,75420,37485,10338,5291,5047,22297,2912,19385,4850,988,3862,37935,9508,5371,4137,22871,4228,18643,5556,1353,4203,35,061,2011
"Albany County, New York",303565,300082,145391,30113,8538,21575,98104,9567,88537,17174,1532,15642,154691,28730,8556,20174,102677,15485,87192,23284,3649,19635,36,001,2011
"Bronx County, New York",1392002,1369134,641514,187535,119207,68328,401002,115484,285518,52977,18930,34047,727620,179440,116773,62667,462535,187071,275464,85645,38298,47347,36,005,2011
"Broome County, New York",199031,196095,97369,21212,8093,13119,63041,8531,54510,13116,956,12160,98726,18020,7138,10882,62684,11196,51488,18022,1835,16187,36,007,2011
"Cattaraugus County, New York",79832,79069,38696,9148,3135,6013,24102,4216,19886,5446,587,4859,40373,9214,3685,5529,24424,4979,19445,6735,945,5790,36,009,2011
"Cayuga County, New York",79738,76688,38156,8642,2353,6289,24323,2655,21668,5191,311,4880,38532,8134,3409,4725,23567,3796,19771,6831,791,6040,36,011,2011
"Chautauqua County, New York",134368,131698,65009,14917,5526,9391,40642,7045,33597,9450,1254,8196,66689,13478,4985,8493,41342,8315,33027,11869,1365,10504,36,013,2011
"Chemung County, New York",88840,81852,39331,9113,3639,5474,24889,4024,20865,5329,491,4838,42521,8785,3288,5497,26678,5197,21481,7058,1058,6000,36,015,2011
"Clinton County, New York",81945,77452,38561,7962,2582,5380,25816,3022,22794,4783,232,4551,38891,7403,2484,4919,25630,5035,20595,5858,672,5186,36,019,2011
"Dutchess County, New York",297999,290068,141237,32259,7007,25252,92139,7239,84900,16839,1641,15198,148831,31835,7964,23871,94428,11419,83009,22568,2720,19848,36,027,2011
"Erie County, New York",918028,906634,436264,99236,34352,64884,279650,38163,241487,57378,7215,50163,470370,95418,32550,62868,292751,52877,239874,82201,12402,69799,36,029,2011
"Jefferson County, New York",117910,105541,49092,14740,6399,8341,28693,4447,24246,5659,748,4911,56449,15008,6429,8579,34602,7501,27101,6839,992,5847,36,045,2011
"Kings County, New York",2532645,2522040,1192202,304894,173865,131029,773730,184099,589631,113578,37687,75891,1329838,292422,171516,120906,864749,254277,610472,172667,70383,102284,36,047,2011
"Livingston County, New York",65070,62600,30177,6341,1847,4494,19903,1649,18254,3933,668,3265,32423,6234,2118,4116,21170,3165,18005,5019,802,4217,36,051,2011
"Madison County, New York",73365,72627,35914,7572,1864,5708,23686,2742,20944,4656,520,4136,36713,7517,2421,5096,23301,3407,19894,5895,831,5064,36,053,2011
"Monroe County, New York",745625,737880,356492,84209,29800,54409,229915,27826,202089,42368,4437,37931,381388,80699,27983,52716,242405,40364,202041,58284,6518,51766,36,055,2011
"Nassau County, New York",1344436,1333304,645061,156859,27544,129315,403280,27396,375884,84922,6334,78588,688243,149638,26773,122865,422391,35918,386473,116214,13372,102842,36,059,2011
"New York County, New York",1601948,1590568,748688,120611,47860,72751,542313,79036,463277,85764,17679,68085,841880,116305,44273,72032,598632,107362,491270,126943,39692,87251,36,061,2011
"Niagara County, New York",216011,213823,104859,24021,7855,16166,66521,9463,57058,14317,2416,11901,108964,21484,6559,14925,68354,12252,56102,19126,4061,15065,36,063,2011
"Oneida County, New York",234287,225890,111153,26064,12281,13783,69129,12952,56177,15960,2303,13657,114737,24095,11501,12594,69995,14787,55208,20647,3160,17487,36,065,2011
"Onondaga County, New York",466960,461455,222408,54135,19931,34204,141686,15228,126458,26587,2533,24054,239047,50947,17507,33440,151387,24769,126618,36713,5343,31370,36,067,2011
"Ontario County, New York",108525,107205,52430,12260,4489,7771,33127,3940,29187,7043,563,6480,54775,11422,3993,7429,33985,4063,29922,9368,1149,8219,36,069,2011
"Orange County, New York",374872,364510,179581,51428,19989,31439,110770,12069,98701,17383,1485,15898,184929,48578,18288,30290,113362,15866,97496,22989,3135,19854,36,071,2011
"Oswego County, New York",122228,121242,60310,14270,6809,7461,39263,6564,32699,6777,648,6129,60932,13391,6057,7334,39273,10023,29250,8268,820,7448,36,075,2011
"Putnam County, New York",99933,99297,50097,11950,1976,9974,32418,2510,29908,5729,637,5092,49200,10937,1668,9269,31268,2101,29167,6995,636,6359,36,079,2011
"Queens County, New York",2247848,2232296,1082709,236693,112214,124479,730979,123225,607754,115037,25414,89623,1149587,226643,109709,116934,757242,166184,591058,165702,44434,121268,36,081,2011
"Rensselaer County, New York",159395,157515,77229,16950,6288,10662,51221,5501,45720,9058,966,8092,80286,16441,4532,11909,52378,7592,44786,11467,1362,10105,36,083,2011
"Richmond County, New York",470467,466537,225833,55348,18039,37309,145474,19125,126349,25011,2553,22458,240704,52512,14699,37813,154010,25651,128359,34182,6550,27632,36,085,2011
"Rockland County, New York",315158,312337,152866,44662,15429,29233,90296,10632,79664,17908,2045,15863,159471,42840,16995,25845,92699,13035,79664,23932,2937,20995,36,087,2011
"St. Lawrence County, New York",111690,108046,53622,11779,4503,7276,35209,5771,29438,6634,516,6118,54424,11180,3992,7188,35049,7366,27683,8195,1225,6970,36,089,2011
"Saratoga County, New York",220882,216942,105898,25289,4985,20304,67368,4785,62583,13241,987,12254,111044,23327,4301,19026,71105,6486,64619,16612,1957,14655,36,091,2011
"Schenectady County, New York",155058,153191,75063,18566,7462,11104,47320,6248,41072,9177,651,8526,78128,16013,5829,10184,48711,6288,42423,13404,1694,11710,36,093,2011
"Steuben County, New York",99033,97918,48263,11513,4346,7167,30124,5421,24703,6626,1080,5546,49655,11019,4715,6304,29955,5582,24373,8681,927,7754,36,101,2011
"Suffolk County, New York",1498816,1484313,730060,180040,33570,146470,464138,32464,431674,85882,6906,78976,754253,171360,34802,136558,470029,41599,428430,112864,12567,100297,36,103,2011
"Sullivan County, New York",76900,74874,37111,8794,3655,5139,23051,3824,19227,5266,610,4656,37763,8163,3121,5042,24029,4929,19100,5571,1190,4381,36,105,2011
"Tompkins County, New York",101723,100922,49753,8130,2232,5898,36750,3279,33471,4873,700,4173,51169,7485,2274,5211,37635,3457,34178,6049,703,5346,36,109,2011
"Ulster County, New York",182448,178143,86384,17663,5384,12279,56950,7541,49409,11771,1382,10389,91759,18089,5874,12215,58778,9311,49467,14892,2208,12684,36,111,2011
"Warren County, New York",65831,65138,31891,6767,1749,5018,20152,2675,17477,4972,422,4550,33247,6332,2154,4178,20495,2823,17672,6420,535,5885,36,113,2011
"Wayne County, New York",93436,92311,45472,10526,3352,7174,28681,2502,26179,6265,583,5682,46839,11112,2724,8388,28423,3125,25298,7304,1324,5980,36,117,2011
"Westchester County, New York",955899,940777,451457,114562,31507,83055,281198,20314,260884,55697,5095,50602,489320,109591,29479,80112,299786,31799,267987,79943,10443,69500,36,119,2011
"Alamance County, North Carolina",153291,152265,71665,18042,8100,9942,44523,2491,42032,9100,651,8449,80600,17519,9873,7646,49934,5681,44253,13147,2315,10832,37,001,2011
"Brunswick County, North Carolina",110097,109286,52581,10051,5393,4658,30491,3261,27230,12039,329,11710,56705,10014,4618,5396,34219,5694,28525,12472,1058,11414,37,019,2011
"Buncombe County, North Carolina",241419,237732,113350,24066,11572,12494,73408,5068,68340,15876,1640,14236,124382,24437,11168,13269,78469,9287,69182,21476,3818,17658,37,021,2011
"Burke County, North Carolina",90904,88315,43400,10206,4247,5959,26782,3360,23422,6412,1057,5355,44915,9311,5062,4249,27647,4418,23229,7957,1298,6659,37,023,2011
"Cabarrus County, North Carolina",181468,180134,87180,25743,12084,13659,53109,2042,51067,8328,1371,6957,92954,24151,9424,14727,57452,4585,52867,11351,711,10640,37,025,2011
"Caldwell County, North Carolina",82395,81484,39946,9219,4419,4800,25218,1776,23442,5509,471,5038,41538,8531,4105,4426,25764,3264,22500,7243,1140,6103,37,027,2011
"Carteret County, North Carolina",67373,65911,30449,6099,2734,3365,18555,1921,16634,5795,369,5426,35462,7551,3446,4105,21112,2435,18677,6799,821,5978,37,031,2011
"Catawba County, North Carolina",154181,152731,74672,18689,6524,12165,46441,3285,43156,9542,1047,8495,78059,17436,7246,10190,48408,4871,43537,12215,2041,10174,37,035,2011
"Cleveland County, North Carolina",97489,96941,45192,10101,3818,6283,28829,2136,26693,6262,730,5532,51749,12349,4116,8233,30890,5042,25848,8510,1460,7050,37,045,2011
"Craven County, North Carolina",104786,97381,45121,11821,4761,7060,26340,2103,24237,6960,617,6343,52260,12087,5400,6687,31342,3423,27919,8831,830,8001,37,049,2011
"Cumberland County, North Carolina",324885,296587,132647,43585,13739,29846,76730,7069,69661,12332,1965,10367,163940,42285,13667,28618,103757,14355,89402,17898,2994,14904,37,051,2011
"Davidson County, North Carolina",162697,161198,79383,19998,9132,10866,49223,3221,46002,10162,943,9219,81815,18030,8144,9886,50832,5098,45734,12953,1358,11595,37,057,2011
"Durham County, North Carolina",273392,268350,126430,31873,12371,19502,84154,6158,77996,10403,1969,8434,141920,29963,11894,18069,96862,10307,86555,15095,2544,12551,37,063,2011
"Forsyth County, North Carolina",354952,351883,166965,43912,15578,28334,103556,6154,97402,19497,2147,17350,184918,42000,16744,25256,116647,11062,105585,26271,3654,22617,37,067,2011
"Gaston County, North Carolina",207031,205043,98734,24728,11299,13429,62655,5005,57650,11351,969,10382,106309,24164,8550,15614,66923,9068,57855,15222,2635,12587,37,071,2011
"Guilford County, North Carolina",495279,491628,233035,58056,22248,35808,149838,8979,140859,25141,2105,23036,258593,56712,19190,37522,166721,19329,147392,35160,4885,30275,37,081,2011
"Harnett County, North Carolina",119256,114511,54518,16448,5739,10709,32959,2603,30356,5111,483,4628,59993,16145,6658,9487,36968,3669,33299,6880,825,6055,37,085,2011
"Henderson County, North Carolina",107927,106966,51817,11818,5732,6086,29445,1262,28183,10554,1011,9543,55149,10761,3471,7290,31114,2785,28329,13274,1280,11994,37,089,2011
"Iredell County, North Carolina",161202,160159,78969,21346,5906,15440,48616,1951,46665,9007,410,8597,81190,20001,7186,12815,49947,4995,44952,11242,652,10590,37,097,2011
"Johnston County, North Carolina",172595,170963,82794,23335,10971,12364,51802,4919,46883,7657,681,6976,88169,24312,10476,13836,54007,7253,46754,9850,1400,8450,37,101,2011
"Lincoln County, North Carolina",78932,78393,37860,8779,2567,6212,24373,1292,23081,4708,262,4446,40533,9547,3364,6183,25031,2680,22351,5955,963,4992,37,109,2011
"Mecklenburg County, North Carolina",944373,938615,453986,121491,45969,75522,297730,15072,282658,34765,3366,31399,484629,117472,37990,79482,319552,28080,291472,47605,8192,39413,37,119,2011
"Moore County, North Carolina",89352,87346,41461,9637,3063,6574,22834,1748,21086,8990,1301,7689,45885,9577,3246,6331,25495,2628,22867,10813,1645,9168,37,125,2011
"Nash County, North Carolina",96116,94430,44387,10964,5084,5880,27802,3359,24443,5621,815,4806,50043,11887,4447,7440,30492,3535,26957,7664,1567,6097,37,127,2011
"New Hanover County, North Carolina",206189,203755,99042,21126,7122,14004,65570,4261,61309,12346,906,11440,104713,19610,5688,13922,68977,6434,62543,16126,2276,13850,37,129,2011
"Onslow County, North Carolina",179719,148406,66381,22257,3883,18374,38194,1859,36335,5930,698,5232,82025,22912,5056,17856,51371,4594,46777,7742,1494,6248,37,133,2011
"Orange County, North Carolina",135755,134941,63397,13751,2990,10761,43938,1395,42543,5708,330,5378,71544,14023,3163,10860,49912,3075,46837,7609,444,7165,37,135,2011
"Pitt County, North Carolina",171134,169914,79144,19048,8025,11023,53077,4767,48310,7019,1377,5642,90770,19016,8259,10757,62154,7241,54913,9600,1972,7628,37,147,2011
"Randolph County, North Carolina",142358,141247,69864,18089,7868,10221,42702,2362,40340,9073,717,8356,71383,16629,5269,11360,43640,3928,39712,11114,1555,9559,37,151,2011
"Bradley County, Tennessee",100055,99286,49202,12723,7051,5672,30247,3128,27119,6232,1135,5097,50084,10014,4389,5625,32222,4457,27765,7848,1033,6815,47,011,2011
"Davidson County, Tennessee",635475,626163,301117,70450,32618,37832,204710,15372,189338,25957,2466,23491,325046,67685,28995,38690,219258,27213,192045,38103,5411,32692,47,037,2011
"Greene County, Tennessee",69339,68133,32952,7712,3470,4242,19747,2757,16990,5493,699,4794,35181,6855,3811,3044,21292,3803,17489,7034,1628,5406,47,059,2011
"Hamilton County, Tennessee",340855,337408,161963,37225,14589,22636,104499,10932,93567,20239,1799,18440,175445,35760,14553,21207,110562,16858,93704,29123,4792,24331,47,065,2011
"Knox County, Tennessee",436929,433076,210714,48460,17147,31313,138764,9813,128951,23490,1724,21766,222362,45527,15401,30126,144271,14180,130091,32564,4330,28234,47,093,2011
"Madison County, Tennessee",98255,97123,45937,12199,5890,6309,28287,2919,25368,5451,389,5062,51186,11366,4759,6607,32650,5997,26653,7170,1153,6017,47,113,2011
"Maury County, Tennessee",81509,80401,39936,10766,5552,5214,24803,2041,22762,4367,432,3935,40465,9023,4199,4824,25740,4708,21032,5702,1121,4581,47,119,2011
"Montgomery County, Tennessee",176619,164151,74589,24665,9154,15511,44122,3642,40480,5802,488,5314,89562,24211,7481,16730,57144,5795,51349,8207,520,7687,47,125,2011
"Putnam County, Tennessee",72958,72211,34930,7747,3232,4515,22783,2353,20430,4400,370,4030,37281,7689,2911,4778,23533,4086,19447,6059,1002,5057,47,141,2011
"Robertson County, Tennessee",67106,66525,31523,7549,2624,4925,20681,1370,19311,3293,169,3124,35002,9622,4230,5392,21138,3050,18088,4242,843,3399,47,147,2011
"Rutherford County, Tennessee",268921,266350,131727,35762,10105,25657,85773,4022,81751,10192,901,9291,134623,33493,8489,25004,88979,7788,81191,12151,1675,10476,47,149,2011
"Sevier County, Tennessee",91466,90618,44037,10423,4253,6170,27124,1671,25453,6490,525,5965,46581,10997,6131,4866,28030,4008,24022,7554,1056,6498,47,155,2011
"Shelby County, Tennessee",935088,923516,438332,122975,54438,68537,276751,27142,249609,38606,7221,31385,485184,119616,52180,67436,309037,52605,256432,56531,11508,45023,47,157,2011
"Sullivan County, Tennessee",157419,155614,74796,15951,6442,9509,45752,5029,40723,13093,1653,11440,80818,15570,6058,9512,48826,6543,42283,16422,2292,14130,47,163,2011
"Sumner County, Tennessee",163686,162312,78177,20558,5601,14957,48653,2161,46492,8966,1186,7780,84135,20213,6207,14006,52023,5792,46231,11899,1753,10146,47,165,2011
"Washington County, Tennessee",124353,122614,60439,12618,4273,8345,39435,3313,36122,8386,397,7989,62175,11934,3973,7961,40051,4561,35490,10190,1759,8431,47,179,2011
"Williamson County, Tennessee",188560,187956,93002,28496,2327,26169,55820,2029,53791,8686,334,8352,94954,25676,2748,22928,59083,1822,57261,10195,948,9247,47,187,2011
"Wilson County, Tennessee",116617,115731,56566,14732,4351,10381,35315,1737,33578,6519,789,5730,59165,13889,3803,10086,37381,4453,32928,7895,994,6901,47,189,2011
"Angelina County, Texas",87669,85676,41969,12449,6264,6185,24508,1960,22548,5012,678,4334,43707,10678,6587,4091,26485,3180,23305,6544,1213,5331,48,005,2011
"Bastrop County, Texas",75115,72966,37395,10178,5431,4747,23180,1287,21893,4037,195,3842,35571,7950,3323,4627,23132,2274,20858,4489,292,4197,48,021,2011
"Bell County, Texas",315196,293874,136946,45694,10435,35259,79701,5231,74470,11551,1534,10017,156928,43352,11866,31486,98260,8988,89272,15316,2895,12421,48,027,2011
"Bexar County, Texas",1756153,1718720,834319,239743,100822,138921,518259,39394,478865,76317,11705,64612,884401,232092,86839,145253,551090,57151,493939,101219,22186,79033,48,029,2011
"Bowie County, Texas",92793,87418,42103,11290,4733,6557,25331,2112,23219,5482,504,4978,45315,11136,5463,5673,26851,3163,23688,7328,983,6345,48,037,2011
"Brazoria County, Texas",319973,310092,153642,44334,12790,31544,95164,3956,91208,14144,2055,12089,156450,43014,8423,34591,96687,5154,91533,16749,1969,14780,48,039,2011
"Brazos County, Texas",197632,193223,97391,20576,7114,13462,70484,1619,68865,6331,869,5462,95832,19145,8217,10928,69586,4657,64929,7101,670,6431,48,041,2011
"Cameron County, Texas",414123,411386,197772,68989,41340,27649,108639,7783,100856,20144,4529,15615,213614,66247,41059,25188,122101,13508,108593,25266,9410,15856,48,061,2011
"Collin County, Texas",812226,808799,397408,117555,19179,98376,251372,5289,246083,28481,2648,25833,411391,112328,15235,97093,263052,8727,254325,36011,4889,31122,48,085,2011
"Comal County, Texas",111963,110981,55009,14036,3371,10665,32838,836,32002,8135,369,7766,55972,12102,2879,9223,34465,1252,33213,9405,1008,8397,48,091,2011
"Coryell County, Texas",76508,59978,26006,10379,1599,8780,12947,901,12046,2680,516,2164,33972,10677,1817,8860,20013,2153,17860,3282,776,2506,48,099,2011
"Dallas County, Texas",2416014,2396490,1184325,340590,160499,180091,755188,42457,712731,88547,12703,75844,1212165,325933,154620,171313,765180,65617,699563,121052,24375,96677,48,113,2011
"Denton County, Texas",686406,682374,335827,95907,18681,77226,217342,4251,213091,22578,1411,21167,346547,90888,15646,75242,228565,9353,219212,27094,2671,24423,48,121,2011
"Ector County, Texas",140111,138756,68477,21209,8206,13003,41431,2641,38790,5837,1051,4786,70279,19809,6836,12973,42642,3462,39180,7828,1656,6172,48,135,2011
"Ellis County, Texas",152753,151651,74622,22173,7891,14282,45644,1736,43908,6805,675,6130,77029,21223,6514,14709,47361,4339,43022,8445,802,7643,48,139,2011
"El Paso County, Texas",820790,795282,376549,124349,61876,62473,217842,18669,199173,34358,6712,27646,418733,119373,56449,62924,249793,31352,218441,49567,17083,32484,48,141,2011
"Fort Bend County, Texas",606953,601762,294832,90360,15865,74495,183239,4584,178655,21233,2575,18658,306930,85734,17966,67768,195884,8422,187462,25312,3759,21553,48,157,2011
"Galveston County, Texas",295747,290890,143661,38923,9590,29333,89709,4621,85088,15029,1379,13650,147229,35957,11314,24643,93023,7479,85544,18249,2141,16108,48,167,2011
"Grayson County, Texas",121419,120184,57897,14545,6157,8388,34988,2938,32050,8364,545,7819,62287,14400,5974,8426,38054,4208,33846,9833,1512,8321,48,181,2011
"Gregg County, Texas",123081,121231,58937,16732,6590,10142,35898,2173,33725,6307,764,5543,62294,14859,6533,8326,37946,4510,33436,9489,1258,8231,48,183,2011
"Guadalupe County, Texas",135757,132697,64831,18727,5309,13418,38871,873,37998,7233,369,6864,67866,18112,4252,13860,41545,2692,38853,8209,871,7338,48,187,2011
"Harris County, Texas",4180894,4159712,2067932,594548,252649,341899,1322908,90081,1232827,150476,26327,124149,2091780,570263,242401,327862,1328228,144563,1183665,193289,35767,157522,48,201,2011
"Harrison County, Texas",66296,65601,32178,9027,1841,7186,19357,1135,18222,3794,275,3519,33423,8090,2871,5219,20758,1814,18944,4575,500,4075,48,203,2011
"Hays County, Texas",164050,162418,81515,20556,5170,15386,54922,1028,53894,6037,360,5677,80903,19341,6321,13020,54657,2001,52656,6905,978,5927,48,209,2011
"Henderson County, Texas",78826,77985,38162,9192,3393,5799,22334,1235,21099,6636,538,6098,39823,8538,2784,5754,22970,1667,21303,8315,1137,7178,48,213,2011
"Hidalgo County, Texas",797810,792685,385741,139809,88175,51634,212903,20654,192249,33029,12522,20507,406944,134717,85519,49198,231263,30546,200717,40964,17511,23453,48,215,2011
"Hunt County, Texas",86531,85672,41973,11402,4733,6669,25674,1488,24186,4897,340,4557,43699,10254,3652,6602,27368,1640,25728,6077,1050,5027,48,231,2011
"Jefferson County, Texas",252802,238305,115913,30878,13646,17232,72192,4623,67569,12843,2240,10603,122392,29617,14166,15451,74955,10374,64581,17820,3226,14594,48,245,2011
"Johnson County, Texas",152734,150423,73753,20734,8060,12674,44759,2184,42575,8260,517,7743,76670,20289,6260,14029,47042,2575,44467,9339,1200,8139,48,251,2011
"Kaufman County, Texas",105358,104164,51766,16100,5554,10546,30802,1685,29117,4864,598,4266,52398,13681,3221,10460,32797,3128,29669,5920,361,5559,48,257,2011
"Liberty County, Texas",76206,71037,34426,9513,4282,5231,21223,1614,19609,3690,243,3447,36611,9916,4502,5414,21589,1670,19919,5106,243,4863,48,291,2011
"Lubbock County, Texas",283910,279573,136950,34616,14554,20062,89325,5305,84020,13009,1824,11185,142623,33800,15185,18615,91504,7987,83517,17319,3436,13883,48,303,2011
"McLennan County, Texas",238564,234207,113139,30481,12336,18145,70506,4205,66301,12152,1267,10885,121068,29186,12706,16480,75859,7379,68480,16023,2741,13282,48,309,2011
"Midland County, Texas",140308,139462,68579,19640,4365,15275,42399,1533,40866,6540,410,6130,70883,18213,4232,13981,44331,2491,41840,8339,947,7392,48,329,2011
"Montgomery County, Texas",471734,469349,231305,64907,19328,45579,143625,6090,137535,22773,2433,20340,238044,64320,19457,44863,146074,9338,136736,27650,3312,24338,48,339,2011
"Nacogdoches County, Texas",65466,64411,30316,8015,3448,4567,19463,1635,17828,2838,49,2789,34095,7239,3024,4215,22149,1654,20495,4707,772,3935,48,347,2011
"Nueces County, Texas",343281,337669,164325,44502,24509,19993,101988,8310,93678,17835,2737,15098,173344,43600,20286,23314,106641,13306,93335,23103,5438,17665,48,355,2011
"Orange County, Texas",82487,81844,40992,10699,4272,6427,25165,2368,22797,5128,869,4259,40852,9720,3144,6576,24901,1988,22913,6231,945,5286,48,361,2011
"Parker County, Texas",118376,115147,56888,14875,3265,11610,35293,1164,34129,6720,763,5957,58259,14548,3636,10912,36042,2098,33944,7669,686,6983,48,367,2011
"Potter County, Texas",122285,116280,57353,17492,7573,9919,34480,2320,32160,5381,1232,4149,58927,16688,6977,9711,35067,3726,31341,7172,1513,5659,48,375,2011
"Randall County, Texas",123351,122357,59328,15588,4269,11319,37130,1103,36027,6610,524,6086,63029,14352,3735,10617,40045,2427,37618,8632,819,7813,48,381,2011
"Rockwall County, Texas",81290,80556,39618,12290,919,11371,23726,709,23017,3602,214,3388,40938,11381,2557,8824,25471,595,24876,4086,500,3586,48,397,2011
"San Patricio County, Texas",64726,63750,31633,9454,4282,5172,18440,1458,16982,3739,520,3219,32117,8546,3746,4800,19018,2262,16756,4553,958,3595,48,409,2011
"Smith County, Texas",213381,211253,102133,27834,11255,16579,61323,3197,58126,12976,1478,11498,109120,26436,11749,14687,66220,6511,59709,16464,2793,13671,48,423,2011
"Tarrant County, Texas",1849815,1835290,899104,262858,96173,166685,566219,27328,538891,70027,5937,64090,936186,251978,88742,163236,590933,47163,543770,93275,12156,81119,48,439,2011
"Taylor County, Texas",132755,129072,61976,15760,6172,9588,39141,3378,35763,7075,686,6389,67096,16458,5440,11018,41054,4117,36937,9584,1598,7986,48,441,2011
"Tom Green County, Texas",111823,106649,51234,13787,5689,8098,30900,1989,28911,6547,617,5930,55415,12401,4709,7692,34757,3310,31447,8257,1437,6820,48,451,2011
"Travis County, Texas",1063130,1055430,531314,129639,47357,82282,367490,20107,347383,34185,3990,30195,524116,123982,49139,74843,356838,35924,320914,43296,5948,37348,48,453,2011
"Victoria County, Texas",87545,86486,42383,12132,4794,7338,25315,1395,23920,4936,619,4317,44103,10863,5862,5001,26997,1372,25625,6243,689,5554,48,469,2011
"Walker County, Texas",68087,51212,23332,3686,1146,2540,16260,1371,14889,3386,42,3344,27880,5727,1284,4443,18674,1436,17238,3479,419,3060,48,471,2011
"Webb County, Texas",256496,253646,123262,46111,29455,16656,68814,4547,64267,8337,2583,5754,130384,43201,25253,17948,75575,6808,68767,11608,3729,7879,48,479,2011
"Wichita County, Texas",130698,117768,55378,15176,7063,8113,33213,2130,31083,6989,550,6439,62390,14867,6248,8619,38027,3502,34525,9496,1456,8040,48,485,2011
"Williamson County, Texas",442782,438394,214752,64511,13896,50615,132121,4877,127244,18120,1189,16931,223642,60829,12294,48535,140826,4874,135952,21987,2627,19360,48,491,2011
"Cache County, Utah",114699,113907,56658,18281,4883,13398,34396,1190,33206,3981,275,3706,57249,17352,5003,12349,35080,2060,33020,4817,493,4324,49,005,2011
"Davis County, Utah",311811,308512,154394,54186,8538,45648,88254,4229,84025,11954,1339,10615,154118,51095,7569,43526,88957,6114,82843,14066,1151,12915,49,011,2011
"Salt Lake County, Utah",1048985,1040404,521861,155012,31239,123773,326359,17044,309315,40490,3282,37208,518543,148218,32504,115714,320015,25142,294873,50310,6353,43957,49,035,2011
"Utah County, Utah",530499,526900,263336,94257,18170,76087,153613,8860,144753,15466,1550,13916,263564,89378,17970,71408,155127,12188,142939,19059,2293,16766,49,049,2011
"Washington County, Utah",141666,140418,69910,22348,7394,14954,35229,2151,33078,12333,967,11366,70508,19916,6609,13307,37667,4882,32785,12925,1361,11564,49,053,2011
"Weber County, Utah",234420,231656,115655,35750,5488,30262,69831,4158,65673,10074,1212,8862,116001,33975,6438,27537,69491,5686,63805,12535,1436,11099,49,057,2011
"Chittenden County, Vermont",157491,156411,75963,15412,4382,11030,53055,7324,45731,7496,675,6821,80448,15152,5178,9974,55189,7947,47242,10107,1561,8546,50,007,2011
"Albemarle County, Virginia",100553,99355,47666,11359,2013,9346,30549,1065,29484,5758,287,5471,51689,10062,1685,8377,33737,1667,32070,7890,589,7301,51,003,2011
"Arlington County, Virginia",216004,212598,104710,16670,1306,15364,79511,1782,77729,8529,1117,7412,107888,17674,2105,15569,79765,1663,78102,10449,912,9537,51,013,2011
"Augusta County, Virginia",74897,70422,34432,7860,2400,5460,20861,342,20519,5711,277,5434,35990,7720,1974,5746,22015,1609,20406,6255,829,5426,51,015,2011
"Bedford County, Virginia",69246,69024,34098,8243,1938,6305,20251,576,19675,5604,296,5308,34926,8118,2183,5935,21231,1191,20040,5577,186,5391,51,019,2011
"Chesterfield County, Virginia",320277,317189,151112,40956,6710,34246,95056,2341,92715,15100,1011,14089,166077,40207,8216,31991,106493,5702,100791,19377,1877,17500,51,041,2011
"Fairfax County, Virginia",1100692,1086560,533317,135969,22965,113004,346663,7337,339326,50685,4270,46415,553243,129249,21005,108244,364056,9570,354486,59938,7198,52740,51,059,2011
"Fauquier County, Virginia",66320,65906,32849,8576,982,7594,19800,268,19532,4473,241,4232,33057,6971,487,6484,21157,1055,20102,4929,344,4585,51,061,2011
"Frederick County, Virginia",79666,78454,39981,10540,1643,8897,24420,1177,23243,5021,910,4111,38473,8723,1279,7444,24147,1735,22412,5603,1197,4406,51,069,2011
"Hanover County, Virginia",100342,99687,48351,12128,1476,10652,30651,934,29717,5572,296,5276,51336,12009,1398,10611,31781,1337,30444,7546,585,6961,51,085,2011
"Henrico County, Virginia",310445,308469,144686,37276,9043,28233,92231,1991,90240,15179,1259,13920,163783,36524,8574,27950,103772,6749,97023,23487,2600,20887,51,087,2011
"James City County, Virginia",68200,66718,31278,7175,871,6304,17601,43,17558,6502,134,6368,35440,7337,835,6502,20507,1454,19053,7596,510,7086,51,095,2011
"Loudoun County, Virginia",325405,323716,159627,49787,4277,45510,100440,1335,99105,9400,611,8789,164089,48307,5364,42943,103170,2649,100521,12612,1364,11248,51,107,2011
"Montgomery County, Virginia",94342,93838,49394,7971,2034,5937,37453,997,36456,3970,195,3775,44444,6978,1655,5323,32493,1100,31393,4973,667,4306,51,121,2011
"Prince William County, Virginia",419006,410766,201990,61221,12994,48227,127865,2640,125225,12904,318,12586,208776,57972,12686,45286,134329,6910,127419,16475,729,15746,51,153,2011
"Roanoke County, Virginia",92740,91264,43656,10131,2614,7517,26749,1298,25451,6776,451,6325,47608,9595,2932,6663,28970,1541,27429,9043,558,8485,51,161,2011
"Rockingham County, Virginia",76589,76194,36523,8580,1463,7117,22695,762,21933,5248,507,4741,39671,9314,2740,6574,23516,1046,22470,6841,763,6078,51,165,2011
"Spotsylvania County, Virginia",124327,123124,59832,17036,4068,12968,37609,231,37378,5187,268,4919,63292,16275,2853,13422,40246,1798,38448,6771,653,6118,51,177,2011
"Stafford County, Virginia",132133,126129,60857,18463,2224,16239,37755,517,37238,4639,713,3926,65272,18709,2074,16635,41278,984,40294,5285,945,4340,51,179,2011
"York County, Virginia",66134,63389,30832,9803,864,8939,17634,370,17264,3395,123,3272,32557,7805,569,7236,20369,652,19717,4383,244,4139,51,199,2011
"Alexandria city, Virginia",144301,140307,67040,12973,4149,8824,48550,1329,47221,5517,482,5035,73267,12199,3238,8961,54128,1519,52609,6940,725,6215,51,510,2011
"Chesapeake city, Virginia",225050,215970,102216,29091,5977,23114,63078,3860,59218,10047,1321,8726,113754,27885,6803,21082,72334,4886,67448,13535,1716,11819,51,550,2011
"Hampton city, Virginia",136401,131259,61976,16216,6548,9668,38980,1905,37075,6780,789,5991,69283,14764,5177,9587,44868,5116,39752,9651,466,9185,51,650,2011
"Lynchburg city, Virginia",76503,74773,34984,7273,2132,5141,23811,1287,22524,3900,303,3597,39789,5842,2433,3409,26860,2312,24548,7087,828,6259,51,680,2011
"Newport News city, Virginia",179611,171423,79079,21492,7075,14417,49665,2368,47297,7922,795,7127,92344,21922,5851,16071,59202,5333,53869,11220,1747,9473,51,700,2011
"Norfolk city, Virginia",242628,219058,106956,25369,9396,15973,72820,4337,68483,8767,940,7827,112102,25371,8974,16397,73507,8276,65231,13224,2426,10798,51,710,2011
"Portsmouth city, Virginia",95684,91559,42820,11731,4578,7153,26016,1776,24240,5073,672,4401,48739,10946,4877,6069,30716,3389,27327,7077,1644,5433,51,740,2011
"Richmond city, Virginia",205533,203375,97659,20136,10696,9440,68688,6285,62403,8835,1664,7171,105716,18782,9157,9625,73842,11407,62435,13092,3494,9598,51,760,2011
"Roanoke city, Virginia",96714,95713,46041,10784,5899,4885,29720,2757,26963,5537,310,5227,49672,10150,4255,5895,31719,4343,27376,7803,1070,6733,51,770,2011
"Suffolk city, Virginia",84930,82313,38520,10937,4363,6574,23418,1658,21760,4165,291,3874,43793,10447,3358,7089,27905,2529,25376,5441,964,4477,51,800,2011
"Virginia Beach city, Virginia",442707,418717,198087,53561,8728,44833,124751,4473,120278,19775,2413,17362,220630,50889,7825,43064,142870,7113,135757,26871,3791,23080,51,810,2011
"Benton County, Washington",180678,179250,89848,25436,11551,13885,54832,4776,50056,9580,986,8594,89402,22597,10769,11828,55426,6684,48742,11379,1614,9765,53,005,2011
"Chelan County, Washington",73477,73038,37345,9942,5177,4765,22167,1620,20547,5236,479,4757,35693,8451,3057,5394,21457,1605,19852,5785,1032,4753,53,007,2011
"Clallam County, Washington",71838,70820,34407,6390,2972,3418,19825,2239,17586,8192,445,7747,36413,6455,2172,4283,20559,2874,17685,9399,1029,8370,53,009,2011
"Clark County, Washington",433418,431261,212201,57552,21622,35930,131561,6993,124568,23088,2622,20466,219060,55204,19692,35512,135733,16303,119430,28123,3981,24142,53,011,2011
"Cowlitz County, Washington",102478,101527,50092,12741,8370,4371,29933,3219,26714,7418,806,6612,51435,11854,7051,4803,30840,6965,23875,8741,1853,6888,53,015,2011
"Franklin County, Washington",83455,81241,39967,14329,5996,8333,23344,1519,21825,2294,379,1915,41274,14118,7211,6907,24211,2300,21911,2945,371,2574,53,021,2011
"Grant County, Washington",91265,90847,46252,14024,8309,5715,26596,2738,23858,5632,1390,4242,44595,13777,8186,5591,24803,3430,21373,6015,1004,5011,53,025,2011
"Grays Harbor County, Washington",72546,69857,34539,7708,4222,3486,21247,2910,18337,5584,319,5265,35318,7647,3758,3889,21453,4134,17319,6218,618,5600,53,027,2011
"Island County, Washington",78971,73520,34211,7808,1993,5815,19542,1146,18396,6861,351,6510,39309,7578,2137,5441,24000,1515,22485,7731,372,7359,53,029,2011
"King County, Washington",1969722,1956209,974799,213361,57605,155756,667458,35010,632448,93980,13204,80776,981410,203001,56807,146194,657141,46639,610502,121268,18872,102396,53,033,2011
"Kitsap County, Washington",254633,238057,114854,28215,9613,18602,71867,6282,65585,14772,1456,13316,123203,27187,8432,18755,77816,8630,69186,18200,2595,15605,53,035,2011
"Lewis County, Washington",75901,75104,37555,8890,5275,3615,22674,3410,19264,5991,381,5610,37549,8288,4279,4009,22362,4204,18158,6899,995,5904,53,041,2011
"Pierce County, Washington",807904,784605,385498,100373,36041,64332,245663,21065,224598,39462,4066,35396,399107,96146,32219,63927,253192,32039,221153,49769,8232,41537,53,053,2011
"Skagit County, Washington",118109,116602,57540,14429,6397,8032,34250,2841,31409,8861,780,8081,59062,13220,5511,7709,35158,4632,30526,10684,2025,8659,53,057,2011
"Snohomish County, Washington",722400,710299,351466,88204,27913,60291,230900,14129,216771,32362,4318,28044,358833,84719,27016,57703,231869,20944,210925,42245,8173,34072,53,061,2011
"Spokane County, Washington",473761,464890,226994,55062,22070,32992,145248,15681,129567,26684,2771,23913,237896,53187,22977,30210,150222,20063,130159,34487,5999,28488,53,063,2011
"Thurston County, Washington",256591,249679,118598,28949,5775,23174,74870,5723,69147,14779,1668,13111,131081,28875,6512,22363,84136,8501,75635,18070,1895,16175,53,067,2011
"Whatcom County, Washington",203663,201940,101054,22457,8384,14073,66060,3934,62126,12537,1026,11511,100886,19179,6780,12399,67475,5860,61615,14232,2159,12073,53,073,2011
"Yakima County, Washington",247141,244800,123252,38688,17612,21076,71956,6586,65370,12608,2781,9827,121548,36082,16563,19519,69953,9530,60423,15513,3521,11992,53,077,2011
"Berkeley County, West Virginia",105750,104563,50756,12617,4291,8326,32649,3195,29454,5490,324,5166,53807,13006,3954,9052,34074,3528,30546,6727,1054,5673,54,003,2011
"Cabell County, West Virginia",96653,95297,45977,9477,3485,5992,30208,3647,26561,6292,822,5470,49320,9798,3379,6419,30727,5748,24979,8795,1412,7383,54,011,2011
"Harrison County, West Virginia",69436,68864,33710,7806,3092,4714,21054,2370,18684,4850,446,4404,35154,7143,3871,3272,21273,2686,18587,6738,851,5887,54,033,2011
"Kanawha County, West Virginia",192315,190699,91479,19995,9495,10500,58477,7076,51401,13007,1116,11891,99220,19008,7135,11873,61741,9066,52675,18471,2272,16199,54,039,2011
"Monongalia County, West Virginia",98528,96893,49469,8431,2523,5908,36617,1970,34647,4421,176,4245,47424,7345,1813,5532,34715,2167,32548,5364,494,4870,54,061,2011
"Raleigh County, West Virginia",79127,76019,37001,8245,3044,5201,23417,2980,20437,5339,410,4929,39018,8013,3189,4824,23752,3861,19891,7253,930,6323,54,081,2011
"Wood County, West Virginia",87120,86644,42304,9898,4952,4946,26167,3334,22833,6239,478,5761,44340,9033,4685,4348,27026,5267,21759,8281,1161,7120,54,107,2011
"Brown County, Wisconsin",251412,247532,121211,31744,11766,19978,77383,7252,70131,12084,1302,10782,126321,30260,9776,20484,79997,11849,68148,16064,2087,13977,55,009,2011
"Dane County, Wisconsin",495959,491317,241811,53967,15317,38650,166491,10800,155691,21353,2097,19256,249506,51835,13058,38777,168938,18018,150920,28733,3090,25643,55,025,2011
"Dodge County, Wisconsin",88661,84289,42659,9962,2953,7009,27020,1804,25216,5677,803,4874,41630,10039,2815,7224,24907,3539,21368,6684,1294,5390,55,027,2011
"Eau Claire County, Wisconsin",99879,98954,48074,9847,2580,7267,32823,3511,29312,5404,348,5056,50880,10074,3534,6540,33807,3413,30394,6999,798,6201,55,035,2011
"Fond du Lac County, Wisconsin",102079,100378,49623,12052,4437,7615,31185,2490,28695,6386,914,5472,50755,10882,3693,7189,31386,4308,27078,8487,1444,7043,55,039,2011
"Jefferson County, Wisconsin",83943,83339,41468,10188,3439,6749,26551,2179,24372,4729,683,4046,41871,9510,3325,6185,26405,3744,22661,5956,802,5154,55,055,2011
"Kenosha County, Wisconsin",167293,165599,82367,22710,8708,14002,51798,5471,46327,7859,732,7127,83232,20037,7337,12700,52941,9001,43940,10254,772,9482,55,059,2011
"La Crosse County, Wisconsin",115572,114403,55663,12550,3868,8682,36916,3074,33842,6197,686,5511,58740,11690,4206,7484,38627,5553,33074,8423,1023,7400,55,063,2011
"Manitowoc County, Wisconsin",80976,80331,39619,8647,2195,6452,25085,2304,22781,5887,702,5185,40712,9227,3184,6043,24071,3604,20467,7414,983,6431,55,071,2011
"Marathon County, Wisconsin",134400,133031,67462,16724,5098,11626,42106,3883,38223,8632,1585,7047,65569,15402,4527,10875,40255,5259,34996,9912,1556,8356,55,073,2011
"Milwaukee County, Wisconsin",952532,943192,454614,120548,61692,58856,291945,45873,246072,42121,8130,33991,488578,116438,58623,57815,309337,72937,236400,62803,13211,49592,55,079,2011
"Outagamie County, Wisconsin",177913,176222,88086,23189,6101,17088,56116,4207,51909,8781,831,7950,88136,20869,4004,16865,55137,6928,48209,12130,1662,10468,55,087,2011
"Ozaukee County, Wisconsin",86568,85928,41623,10265,1447,8818,25610,1280,24330,5748,596,5152,44305,9583,1011,8572,27356,2521,24835,7366,671,6695,55,089,2011
"Portage County, Wisconsin",70084,69715,34987,7694,2242,5452,23391,2498,20893,3902,278,3624,34728,6594,2060,4534,23294,3119,20175,4840,575,4265,55,097,2011
"Racine County, Wisconsin",195388,191015,93806,24854,9993,14861,57587,5993,51594,11365,1330,10035,97209,22736,7914,14822,60683,10036,50647,13790,1983,11807,55,101,2011
"Rock County, Wisconsin",160092,158721,78447,19968,7582,12386,49158,5991,43167,9321,1294,8027,80274,19304,9192,10112,49121,9711,39410,11849,1453,10396,55,105,2011
"St. Croix County, Wisconsin",84922,84321,41867,11435,2093,9342,26532,1672,24860,3900,596,3304,42454,11417,2040,9377,26492,3317,23175,4545,900,3645,55,109,2011
"Sheboygan County, Wisconsin",115149,112683,56674,14480,5454,9026,34847,3705,31142,7347,786,6561,56009,12516,3779,8737,34104,5669,28435,9389,1286,8103,55,117,2011
"Walworth County, Wisconsin",102931,101951,50790,11978,3828,8150,32629,2609,30020,6183,763,5420,51161,11596,3344,8252,32426,4853,27573,7139,911,6228,55,127,2011
"Washington County, Wisconsin",132386,131308,64886,16180,3082,13098,40975,2948,38027,7731,885,6846,66422,16015,3878,12137,40647,4006,36641,9760,1420,8340,55,131,2011
"Waukesha County, Wisconsin",390730,387684,188898,45979,8411,37568,118522,6436,112086,24397,2251,22146,198786,45618,8358,37260,121062,9744,111318,32106,3705,28401,55,133,2011
"Winnebago County, Wisconsin",167699,162193,78591,17296,6729,10567,52075,4254,47821,9220,832,8388,83602,18548,5381,13167,52768,7530,45238,12286,901,11385,55,139,2011
"Wood County, Wisconsin",74785,74098,36568,8235,3404,4831,22685,4531,18154,5648,729,4919,37530,8205,3645,4560,22480,4561,17919,6845,1204,5641,55,141,2011
"Laramie County, Wyoming",92680,89610,44279,10757,1990,8767,28280,2086,26194,5242,545,4697,45331,10960,3046,7914,27880,1710,26170,6491,634,5857,56,021,2011
"Natrona County, Wyoming",76366,75387,37514,8508,3376,5132,25025,1226,23799,3981,486,3495,37873,8956,3064,5892,23794,2027,21767,5123,915,4208,56,025,2011
"Arecibo Municipio, Puerto Rico",95816,94274,44631,11005,6666,4339,26487,11600,14887,7139,2682,4457,49643,10395,5733,4662,30066,14400,15666,9182,3352,5830,72,013,2011
"Bayamón Municipio, Puerto Rico",205693,200742,93143,23232,11274,11958,55598,16097,39501,14313,3072,11241,107599,21847,10849,10998,65231,20544,44687,20521,5818,14703,72,021,2011
"Caguas Municipio, Puerto Rico",142678,142227,66749,17194,9469,7725,40535,14348,26187,9020,2965,6055,75478,16463,8080,8383,46157,18136,28021,12858,4876,7982,72,025,2011
"Carolina Municipio, Puerto Rico",175129,174551,80622,20099,11052,9047,48533,11014,37519,11990,3648,8342,93929,19251,8459,10792,57386,18582,38804,17292,5241,12051,72,031,2011
"Guaynabo Municipio, Puerto Rico",97280,97021,45979,10407,3115,7292,28901,5037,23864,6671,786,5885,51042,9838,3604,6234,31675,6207,25468,9529,2050,7479,72,061,2011
"Mayagüez Municipio, Puerto Rico",87712,86886,41336,9148,5579,3569,25536,11175,14361,6652,1387,5265,45550,8591,5860,2731,27511,12892,14619,9448,3013,6435,72,097,2011
"Ponce Municipio, Puerto Rico",163727,161315,76448,20066,14292,5774,45605,21441,24164,10777,3161,7616,84867,19136,13077,6059,50897,27595,23302,14834,5061,9773,72,113,2011
"San Juan Municipio, Puerto Rico",389714,386412,176725,41963,22192,19771,109033,23430,85603,25729,5374,20355,209687,40962,20511,20451,128157,38529,89628,40568,10022,30546,72,127,2011
"Toa Alta Municipio, Puerto Rico",75105,75040,36267,10152,5971,4181,22716,7243,15473,3399,1051,2348,38773,9828,3856,5972,24874,8200,16674,4071,1179,2892,72,135,2011
"Toa Baja Municipio, Puerto Rico",88799,88584,41879,10787,6953,3834,25620,8501,17119,5472,1055,4417,46705,10416,6026,4390,29266,11471,17795,7023,1675,5348,72,137,2011
"Trujillo Alto Municipio, Puerto Rico",74490,74180,35056,9480,3934,5546,21354,5977,15377,4222,916,3306,39124,8752,4125,4627,24568,6643,17925,5804,1371,4433,72,139,2011
"Baldwin County, Alabama",190790,188192,91624,21745,8129,13616,54192,3206,50986,15687,1057,14630,96568,20683,7767,12916,58339,5586,52753,17546,2392,15154,01,003,2012
"Calhoun County, Alabama",117296,115995,55337,13442,6666,6776,34677,3891,30786,7218,976,6242,60658,12712,7102,5610,38135,6174,31961,9811,1782,8029,01,015,2012
"Cullman County, Alabama",80440,79660,39783,9465,5021,4444,24281,2175,22106,6037,505,5532,39877,8444,3629,4815,23987,2501,21486,7446,1452,5994,01,043,2012
"DeKalb County, Alabama",71080,70415,34680,9087,5035,4052,21068,2206,18862,4525,1024,3501,35735,8940,4678,4262,21174,3342,17832,5621,2117,3504,01,049,2012
"Elmore County, Alabama",80629,76238,35665,9371,2996,6375,21745,1153,20592,4549,743,3806,40573,9204,2758,6446,25754,1782,23972,5615,1018,4597,01,051,2012
"Etowah County, Alabama",104392,103327,49456,12001,4066,7935,30403,3055,27348,7052,1335,5717,53871,11339,5303,6036,32508,3662,28846,10024,2644,7380,01,055,2012
"Houston County, Alabama",103402,102227,48363,12620,6194,6426,28893,2150,26743,6850,606,6244,53864,12395,5442,6953,32561,4316,28245,8908,1687,7221,01,069,2012
"Jefferson County, Alabama",660009,652580,306860,78089,30387,47702,193737,16014,177723,35034,4472,30562,345720,76477,31096,45381,217309,27314,189995,51934,9416,42518,01,073,2012
"Lauderdale County, Alabama",92542,91722,43784,10033,3744,6289,27034,2165,24869,6717,760,5957,47938,9848,4650,5198,29238,2677,26561,8852,1209,7643,01,077,2012
"Lee County, Alabama",147257,145031,70140,16392,4240,12152,47900,1755,46145,5848,834,5014,74891,15728,6243,9485,51364,3716,47648,7799,1287,6512,01,081,2012
"Limestone County, Alabama",87654,84467,40828,10892,5356,5536,25183,2344,22839,4753,330,4423,43639,10244,3828,6416,26998,2189,24809,6397,1231,5166,01,083,2012
"Madison County, Alabama",343080,339228,165821,40795,12751,28044,105811,5585,100226,19215,1504,17711,173407,38278,14485,23793,110809,8029,102780,24320,2291,22029,01,089,2012
"Marshall County, Alabama",94776,93741,45621,11693,4844,6849,27659,3546,24113,6269,505,5764,48120,12164,5540,6624,28021,2917,25104,7935,807,7128,01,095,2012
"Mobile County, Alabama",413936,404844,191334,51656,25277,26379,115961,9414,106547,23717,3381,20336,213510,49975,25509,24466,131383,16601,114782,32152,6354,25798,01,097,2012
"Montgomery County, Alabama",230149,224633,104564,28451,14458,13993,65050,6851,58199,11063,1293,9770,120069,27852,14563,13289,76047,10681,65366,16170,3636,12534,01,101,2012
"Morgan County, Alabama",120395,118843,57916,14064,6351,7713,36235,2820,33415,7617,392,7225,60927,14296,6627,7669,37224,4776,32448,9407,1729,7678,01,103,2012
"St. Clair County, Alabama",85237,83240,41246,10753,4210,6543,25053,1733,23320,5440,472,4968,41994,9382,3869,5513,25938,2598,23340,6674,772,5902,01,115,2012
"Shelby County, Alabama",200941,199405,97222,25637,5407,20230,61058,3569,57489,10527,559,9968,102183,24458,5428,19030,65080,3589,61491,12645,1240,11405,01,117,2012
"Talladega County, Alabama",81762,79046,37698,9482,5724,3758,23099,2766,20333,5117,467,4650,41348,8967,5844,3123,25573,4267,21306,6808,1047,5761,01,121,2012
"Tuscaloosa County, Alabama",198596,197114,94990,21881,9855,12026,63985,4797,59188,9124,1669,7455,102124,20417,6936,13481,69025,8454,60571,12682,2226,10456,01,125,2012
"Walker County, Alabama",66221,65552,31504,7332,3133,4199,19463,2586,16877,4709,509,4200,34048,7386,3255,4131,20196,2962,17234,6466,1250,5216,01,127,2012
"Anchorage Municipality, Alaska",298610,289085,144390,38013,11301,26712,95775,6187,89588,10602,1547,9055,144695,36791,10739,26052,95268,8988,86280,12636,2469,10167,02,020,2012
"Fairbanks North Star Borough, Alaska",100272,93350,46925,13033,3139,9894,30548,1867,28681,3344,272,3072,46425,11711,3202,8509,30856,2093,28763,3858,411,3447,02,090,2012
"Matanuska-Susitna Borough, Alaska",93925,92422,47157,13634,3895,9739,29490,2412,27078,4033,455,3578,45265,12546,3626,8920,28787,3412,25375,3932,787,3145,02,170,2012
"Apache County, Arizona",73195,72407,35611,11097,5442,5655,20360,6140,14220,4154,1244,2910,36796,11425,5767,5658,20441,6157,14284,4930,1627,3303,04,001,2012
"Cochise County, Arizona",132088,118870,56083,15408,6228,9180,29149,5209,23940,11526,1450,10076,62787,14065,5516,8549,35817,6093,29724,12905,2282,10623,04,003,2012
"Coconino County, Arizona",136011,135388,66764,15619,4733,10886,44997,4857,40140,6148,741,5407,68624,14904,4680,10224,46939,5989,40950,6781,1114,5667,04,005,2012
"Maricopa County, Arizona",3942169,3914855,1932709,516492,180672,335820,1189346,107100,1082246,226871,23055,203816,1982146,494187,171757,322430,1208543,164882,1043661,279416,37113,242303,04,013,2012
"Mohave County, Arizona",203334,189636,88740,19543,9911,9632,44725,8515,36210,24472,2449,22023,100896,19992,9378,10614,55304,12700,42604,25600,3806,21794,04,015,2012
"Navajo County, Arizona",107094,105038,52121,16140,8963,7177,28802,8503,20299,7179,1016,6163,52917,14598,8547,6051,30179,10854,19325,8140,1400,6740,04,017,2012
"Pima County, Arizona",992394,973168,473362,113570,47672,65898,286627,39879,246748,73165,9345,63820,499806,108042,47068,60974,303265,57590,245675,88499,10994,77505,04,019,2012
"Pinal County, Arizona",387365,370200,186715,50194,18645,31549,107217,12535,94682,29304,2167,27137,183485,48140,15526,32614,104533,18308,86225,30812,3765,27047,04,021,2012
"Yavapai County, Arizona",212637,211174,103278,19337,8300,11037,58037,8760,49277,25904,1216,24688,107896,18713,7983,10730,60383,9244,51139,28800,2067,26733,04,025,2012
"Yuma County, Arizona",200022,190807,92692,27520,11010,16510,49605,6867,42738,15567,2170,13397,98115,26901,11552,15349,54359,10983,43376,16855,2676,14179,04,027,2012
"Benton County, Arkansas",232268,230751,113915,32522,10570,21952,68471,3062,65409,12922,1294,11628,116836,31309,9635,21674,70600,3963,66637,14927,2321,12606,05,007,2012
"Craighead County, Arkansas",99735,98747,48283,12789,6211,6578,30469,2460,28009,5025,903,4122,50464,11709,5523,6186,32284,4045,28239,6471,623,5848,05,031,2012
"Faulkner County, Arkansas",118704,117195,58085,14899,5683,9216,37724,2514,35210,5462,793,4669,59110,13106,4678,8428,39569,2585,36984,6435,1104,5331,05,045,2012
"Garland County, Arkansas",96903,95507,45839,10013,6518,3495,26842,2725,24117,8984,742,8242,49668,9676,4706,4970,28958,3682,25276,11034,2148,8886,05,051,2012
"Jefferson County, Arkansas",74723,70179,32842,8935,5084,3851,19547,3589,15958,4360,760,3600,37337,8797,4582,4215,22733,3670,19063,5807,877,4930,05,069,2012
"Lonoke County, Arkansas",69839,68322,33401,9984,3456,6528,19835,1086,18749,3582,312,3270,34921,8915,3587,5328,21582,1866,19716,4424,1199,3225,05,085,2012
"Pulaski County, Arkansas",388953,384187,183315,47531,21452,26079,116385,12695,103690,19399,2703,16696,200872,44972,20859,24113,127537,15968,111569,28363,5351,23012,05,119,2012
"Saline County, Arkansas",111845,110472,54326,14018,5588,8430,32125,2482,29643,8183,703,7480,56146,12915,4129,8786,33983,2986,30997,9248,943,8305,05,125,2012
"Sebastian County, Arkansas",127304,126057,62398,16615,7757,8858,38566,2611,35955,7217,1211,6006,63659,15118,7000,8118,39142,5347,33795,9399,1662,7737,05,131,2012
"Washington County, Arkansas",211411,209659,103605,27603,12057,15546,67146,4580,62566,8856,491,8365,106054,26157,11622,14535,68074,5170,62904,11823,2155,9668,05,143,2012
"White County, Arkansas",78493,77846,37615,9763,5134,4629,22982,1867,21115,4870,306,4564,40231,8892,4788,4104,25313,2908,22405,6026,565,5461,05,145,2012
"Alameda County, California",1554720,1541758,754480,175490,54942,120548,501659,45738,455921,77331,12972,64359,787278,167351,52830,114521,518673,69410,449263,101254,21761,79493,06,001,2012
"Butte County, California",221539,219242,109023,23964,11802,12162,69851,12348,57503,15208,1619,13589,110219,21453,10286,11167,69573,15007,54566,19193,2973,16220,06,007,2012
"Contra Costa County, California",1079597,1074037,523947,132928,32790,100138,329350,27319,302031,61669,6968,54701,550090,126464,35314,91150,343837,38189,305648,79789,12139,67650,06,013,2012
"El Dorado County, California",180561,179470,89780,20376,5931,14445,55232,4568,50664,14172,554,13618,89690,18755,4128,14627,55250,5635,49615,15685,1462,14223,06,017,2012
"Fresno County, California",947895,936354,463794,141685,84695,56990,278994,45340,233654,43115,9229,33886,472560,135947,75064,60883,282188,67219,214969,54425,14271,40154,06,019,2012
"Humboldt County, California",134827,133679,66703,13738,5566,8172,44438,6382,38056,8527,784,7743,66976,12845,5020,7825,43572,9067,34505,10559,966,9593,06,023,2012
"Imperial County, California",176948,164420,79572,26167,12834,13333,44954,8771,36183,8451,3765,4686,84848,24223,12077,12146,50254,13730,36524,10371,5304,5067,06,025,2012
"Kern County, California",856158,827987,413257,129627,63360,66267,247441,33270,214171,36189,6505,29684,414730,125759,62196,63563,246147,52191,193956,42824,10023,32801,06,029,2012
"Kings County, California",151364,129818,63256,20839,9310,11529,37425,5965,31460,4992,542,4450,66562,20727,8377,12350,38881,8747,30134,6954,2149,4805,06,031,2012
"Lake County, California",63983,63238,32400,7464,3459,4005,19502,3317,16185,5434,706,4728,30838,5479,2588,2891,19346,5714,13632,6013,1190,4823,06,033,2012
"Los Angeles County, California",9962789,9891649,4869756,1202880,551612,651268,3185743,319419,2866324,481133,114308,366825,5021893,1153089,518853,634236,3233460,478880,2754580,635344,184957,450387,06,037,2012
"Madera County, California",152218,144702,72453,22309,13617,8692,41864,6685,35179,8280,1795,6485,72249,20933,13047,7886,42122,9844,32278,9194,2439,6755,06,039,2012
"Marin County, California",256069,250793,119554,26224,5356,20868,73000,4579,68421,20330,2062,18268,131239,26235,4039,22196,79392,5950,73442,25612,2652,22960,06,041,2012
"Mendocino County, California",87428,86738,43208,9590,5748,3842,26912,6259,20653,6706,673,6033,43530,9502,5673,3829,26008,6901,19107,8020,1044,6976,06,045,2012
"Merced County, California",262305,259205,130213,41766,20265,21501,77008,11816,65192,11439,2442,8997,128992,38962,21564,17398,75699,18620,57079,14331,3911,10420,06,047,2012
"Monterey County, California",426762,408798,203820,58781,29407,29374,124433,9175,115258,20606,3141,17465,204978,55022,26968,28054,124220,14866,109354,25736,4838,20898,06,053,2012
"Napa County, California",139045,136687,67302,15703,4935,10768,41978,3977,38001,9621,1136,8485,69385,15733,4646,11087,42103,4082,38021,11549,979,10570,06,055,2012
"Nevada County, California",98292,97149,48352,9422,3661,5761,29141,3115,26026,9789,1160,8629,48797,8177,1597,6580,29902,3684,26218,10718,431,10287,06,057,2012
"Orange County, California",3090132,3072944,1517465,374707,130398,244309,977610,66596,911014,165148,22212,142936,1555479,359094,124456,234638,985668,93612,892056,210717,35338,175379,06,059,2012
"Placer County, California",361682,358535,175370,43947,8493,35454,104539,4479,100060,26884,1746,25138,183165,41297,6118,35179,109136,9044,100092,32732,3300,29432,06,061,2012
"Riverside County, California",2268783,2244507,1109177,315347,131358,183989,667589,67841,599748,126241,16910,109331,1135330,304800,129953,174847,678634,96532,582102,151896,30087,121809,06,065,2012
"Sacramento County, California",1450121,1435586,698694,184270,79626,104644,441813,56001,385812,72611,13670,58941,736892,176601,72202,104399,463690,81356,382334,96601,20898,75703,06,067,2012
"San Bernardino County, California",2081313,2042417,1002724,299060,132419,166641,617440,70497,546943,86224,15404,70820,1039693,286774,132870,153904,644656,110518,534138,108263,26795,81468,06,071,2012
"San Diego County, California",3177063,3073012,1507960,370458,120278,250180,974543,70114,904429,162959,23741,139218,1565052,353753,116848,236905,1002546,94871,907675,208753,38698,170055,06,073,2012
"San Francisco County, California",825863,821102,416698,56041,14925,41116,310541,35625,274916,50116,13261,36855,404404,54731,14467,40264,286130,33336,252794,63543,19826,43717,06,075,2012
"San Joaquin County, California",702612,694293,342881,102629,44493,58136,207279,25689,181590,32973,5695,27278,351412,98414,42916,55498,210992,41597,169395,42006,9003,33003,06,077,2012
"San Luis Obispo County, California",274804,267500,132749,25836,6269,19567,86694,4598,82096,20219,1442,18777,134751,25427,7148,18279,85658,6886,78772,23666,2629,21037,06,079,2012
"San Mateo County, California",739311,735605,361746,82750,20346,62404,235973,18680,217293,43023,4857,38166,373859,78411,20622,57789,237551,22755,214796,57897,10313,47584,06,081,2012
"Santa Barbara County, California",431249,423456,210145,49925,21552,28373,135277,10587,124690,24943,2896,22047,213311,47507,18965,28542,134590,15626,118964,31214,5001,26213,06,083,2012
"Santa Clara County, California",1837504,1829117,919292,222199,59555,162644,604697,44119,560578,92396,17832,74564,909825,211770,56782,154988,581206,62537,518669,116849,26987,89862,06,085,2012
"Santa Cruz County, California",266776,265440,131611,28417,9573,18844,88962,6475,82487,14232,1680,12552,133829,26841,10113,16728,89005,9735,79270,17983,2241,15742,06,087,2012
"Shasta County, California",178586,177252,87988,21242,10011,11231,52156,8767,43389,14590,1452,13138,89264,17861,8294,9567,53952,10350,43602,17451,3035,14416,06,089,2012
"Solano County, California",420757,406012,195841,50150,18317,31833,123848,9848,114000,21843,3446,18397,210171,48788,16806,31982,132732,19934,112798,28651,5781,22870,06,095,2012
"Sonoma County, California",491829,487260,238717,53117,19644,33473,153670,13790,139880,31930,2382,29548,248543,51520,15707,35813,155799,19797,136002,41224,5808,35416,06,097,2012
"Stanislaus County, California",521726,518230,254860,74231,36079,38152,155454,23831,131623,25175,4549,20626,263370,71430,33896,37534,159149,36293,122856,32791,7380,25411,06,099,2012
"Sutter County, California",95022,93339,46068,12908,5585,7323,27277,4414,22863,5883,1043,4840,47271,12621,5705,6916,28008,6774,21234,6642,1765,4877,06,101,2012
"Tulare County, California",451977,447477,224041,74441,40153,34288,130045,22615,107430,19555,4525,15030,223436,70456,38555,31901,129460,30653,98807,23520,5489,18031,06,107,2012
"Ventura County, California",835981,828636,409688,106202,38920,67282,257772,18584,239188,45714,6312,39402,418948,101833,35881,65952,259294,30007,229287,57821,8961,48860,06,111,2012
"Yolo County, California",204118,202700,99255,21993,7438,14555,67270,4900,62370,9992,2662,7330,103445,21674,7634,14040,69902,7412,62490,11869,2648,9221,06,113,2012
"Yuba County, California",72926,69832,33689,10049,5223,4826,20354,4091,16263,3286,623,2663,36143,10630,5583,5047,21325,6053,15272,4188,733,3455,06,115,2012
"Adams County, Colorado",459598,455775,228158,66339,24855,41484,144308,10702,133606,17511,2093,15418,227617,63397,28358,35039,141608,17595,124013,22612,3491,19121,08,001,2012
"Arapahoe County, Colorado",595546,590686,290006,75426,22024,53402,186416,13400,173016,28164,2213,25951,300680,72489,23376,49113,192469,18899,173570,35722,4438,31284,08,005,2012
"Boulder County, Colorado",305318,303160,152787,32329,7138,25191,105700,3809,101891,14758,1095,13663,150373,29963,6067,23896,102706,6662,96044,17704,1730,15974,08,013,2012
"Denver County, Colorado",634265,627400,313682,69887,32942,36945,216399,23154,193245,27396,4889,22507,313718,67693,31071,36622,208533,29216,179317,37492,7754,29738,08,031,2012
"Douglas County, Colorado",298215,297453,147535,44997,5060,39937,90581,1212,89369,11957,731,11226,149918,41967,3552,38415,94582,2614,91968,13369,1155,12214,08,035,2012
"El Paso County, Colorado",644964,613490,296384,83630,20051,63579,182530,14396,168134,30224,1946,28278,317106,79658,19346,60312,199733,21214,178519,37715,4252,33463,08,041,2012
"Jefferson County, Colorado",545358,538880,266349,59829,13178,46651,174357,7875,166482,32163,1916,30247,272531,56557,14467,42090,176033,13303,162730,39941,4022,35919,08,059,2012
"Larimer County, Colorado",310487,308055,152779,32954,7836,25118,102798,6362,96436,17027,1311,15716,155276,30849,7759,23090,102721,9562,93159,21706,1750,19956,08,069,2012
"Mesa County, Colorado",147848,146534,74112,17502,7109,10393,46576,4008,42568,10034,1942,8092,72422,16013,5788,10225,44075,5631,38444,12334,2658,9676,08,077,2012
"Pueblo County, Colorado",160852,157707,76915,19251,10394,8857,46893,7891,39002,10771,900,9871,80792,18811,7853,10958,47977,12434,35543,14004,1999,12005,08,101,2012
"Weld County, Colorado",263691,260162,129043,36555,10085,26470,79939,5401,74538,12549,1954,10595,131119,35158,9806,25352,81374,7462,73912,14587,2096,12491,08,123,2012
"Fairfield County, Connecticut",933835,924439,450922,115047,28548,86499,282178,23736,258442,53697,5596,48101,473517,109797,29403,80394,292097,31930,260167,71623,9202,62421,09,001,2012
"Hartford County, Connecticut",897259,881915,424451,100787,35313,65474,269404,34155,235249,54260,6180,48080,457464,97678,36257,61421,285180,45374,239806,74606,13114,61492,09,003,2012
"Litchfield County, Connecticut",187530,185921,92363,20536,6163,14373,57798,5765,52033,14029,1004,13025,93558,17918,4943,12975,58484,7006,51478,17156,2200,14956,09,005,2012
"Middlesex County, Connecticut",165602,163842,79127,16257,2076,14181,51070,2499,48571,11800,929,10871,84715,17101,2656,14445,52586,3645,48941,15028,1875,13153,09,007,2012
"New Haven County, Connecticut",862813,852190,409834,95348,38801,56547,262286,30488,231798,52200,6505,45695,442356,90884,35422,55462,279841,49647,230194,71631,12265,59366,09,009,2012
"New London County, Connecticut",274170,262287,128194,29023,9182,19841,81552,10145,71407,17619,2241,15378,134093,27831,8493,19338,84237,13103,71134,22025,3258,18767,09,011,2012
"Tolland County, Connecticut",151539,148182,72888,14265,2613,11652,49851,3236,46615,8772,1501,7271,75294,14183,2346,11837,50980,4582,46398,10131,1793,8338,09,013,2012
"Windham County, Connecticut",117599,115843,57520,13789,5525,8264,37094,5399,31695,6637,1096,5541,58323,11381,4398,6983,38521,8518,30003,8421,1311,7110,09,015,2012
"Kent County, Delaware",167626,164808,78946,20943,8704,12239,47322,7004,40318,10681,1129,9552,85862,19263,7817,11446,53336,11233,42103,13263,2392,10871,10,001,2012
"New Castle County, Delaware",546076,537698,258805,62706,21270,41436,166419,17249,149170,29680,2995,26685,278893,60688,20145,40543,179409,28060,151349,38796,5320,33476,10,003,2012
"Sussex County, Delaware",203390,200409,96647,20653,9538,11115,55153,9594,45559,20841,1652,19189,103762,20241,11181,9060,59578,13065,46513,23943,2831,21112,10,005,2012
"District of Columbia, District of Columbia",632323,621380,290874,54766,27709,27057,207898,39769,168129,28210,5877,22333,330506,54416,27434,26982,234492,54363,180129,41598,10768,30830,11,001,2012
"Alachua County, Florida",251417,248690,120387,23016,8008,15008,85305,6299,79006,12066,1340,10726,128303,21441,6580,14861,91612,9797,81815,15250,1929,13321,12,001,2012
"Bay County, Florida",171903,168075,81795,18841,7519,11322,51520,4619,46901,11434,879,10555,86280,18270,7722,10548,53862,7626,46236,14148,1901,12247,12,005,2012
"Brevard County, Florida",547307,541013,264294,53209,17714,35495,157964,14891,143073,53121,4472,48649,276719,50667,17737,32930,163434,19471,143963,62618,6482,56136,12,009,2012
"Broward County, Florida",1815137,1804650,875770,200294,76867,123427,562369,40931,521438,113107,16309,96798,928880,191376,74776,116600,588150,54111,534039,149354,25256,124098,12,011,2012
"Charlotte County, Florida",162449,159369,76260,11087,5424,5663,38214,4171,34043,26959,1575,25384,83109,10780,4710,6070,41602,4699,36903,30727,2834,27893,12,015,2012
"Citrus County, Florida",139360,137433,64240,10086,5279,4807,32518,3915,28603,21636,2094,19542,73193,12079,5200,6879,37275,6350,30925,23839,3560,20279,12,017,2012
"Clay County, Florida",194345,192162,94657,25247,5925,19322,58454,4201,54253,10956,576,10380,97505,23004,5383,17621,61049,7359,53690,13452,1521,11931,12,019,2012
"Collier County, Florida",332427,330630,162562,32218,16051,16167,86297,6976,79321,44047,3053,40994,168068,30906,15296,15610,88263,7689,80574,48899,3055,45844,12,021,2012
"Columbia County, Florida",67966,63449,30865,7790,3953,3837,18681,4070,14611,4394,379,4015,32584,7055,3095,3960,19694,3649,16045,5835,1465,4370,12,023,2012
"Duval County, Florida",879602,862851,413907,103518,41716,61802,267913,28050,239863,42476,6027,36449,448944,99366,43360,56006,290256,42051,248205,59322,9655,49667,12,031,2012
"Escambia County, Florida",302715,285547,136641,31958,13170,18788,85044,8024,77020,19639,2140,17499,148906,31206,13639,17567,92543,13918,78625,25157,3491,21666,12,033,2012
"Flagler County, Florida",98359,98020,46132,8882,1961,6921,25127,2259,22868,12123,1753,10370,51888,9764,3602,6162,28746,5953,22793,13378,2851,10527,12,035,2012
"Hernando County, Florida",173422,171731,82277,17033,9378,7655,44243,6058,38185,21001,1827,19174,89454,16057,7349,8708,48387,9170,39217,25010,3127,21883,12,053,2012
"Highlands County, Florida",98128,97080,46130,8298,3888,4410,22737,4337,18400,15095,1395,13700,50950,9428,5513,3915,24565,5355,19210,16957,3284,13673,12,055,2012
"Hillsborough County, Florida",1277746,1267440,617106,152333,64059,88274,396724,38255,358469,68049,11156,56893,650334,144740,60259,84481,417587,51224,366363,88007,16654,71353,12,057,2012
"Indian River County, Florida",140567,139197,65964,12645,6204,6441,35103,4640,30463,18216,932,17284,73233,12596,5860,6736,38984,4892,34092,21653,1603,20050,12,061,2012
"Lake County, Florida",303186,299432,143921,30681,14182,16499,78105,6448,71657,35135,1979,33156,155511,30345,10667,19678,84964,11723,73241,40202,4125,36077,12,069,2012
"Lee County, Florida",645293,641029,314974,63325,27721,35604,175199,14616,160583,76450,8047,68403,326055,59952,26380,33572,182897,19761,163136,83206,8475,74731,12,071,2012
"Leon County, Florida",283769,280399,133610,26756,8876,17880,94371,5502,88869,12483,1239,11244,146789,25706,7053,18653,104727,6876,97851,16356,2298,14058,12,073,2012
"Manatee County, Florida",333895,331065,159789,34518,13209,21309,88575,6305,82270,36696,3898,32798,171276,32491,12034,20457,94973,8759,86214,43812,4400,39412,12,081,2012
"Marion County, Florida",335125,327788,157135,32595,15380,17215,83006,7932,75074,41534,4887,36647,170653,30524,13252,17272,92903,12667,80236,47226,5244,41982,12,083,2012
"Martin County, Florida",148817,146203,70951,12556,5476,7080,39255,2780,36475,19140,1131,18009,75252,13136,5510,7626,39723,3879,35844,22393,1737,20656,12,085,2012
"Miami-Dade County, Florida",2591035,2564021,1238622,278158,135965,142193,805227,66563,738664,155237,47118,108119,1325399,266801,127520,139281,843685,97305,746380,214913,83412,131501,12,086,2012
"Monroe County, Florida",74809,73582,38930,5807,1310,4497,25700,1039,24661,7423,1301,6122,34652,5349,1271,4078,22890,1349,21541,6413,573,5840,12,087,2012
"Nassau County, Florida",74629,73925,36392,8290,3253,5037,21772,2446,19326,6330,727,5603,37533,7488,2301,5187,23101,2328,20773,6944,1730,5214,12,089,2012
"Okaloosa County, Florida",190083,178742,85998,21163,8053,13110,52876,4325,48551,11959,1220,10739,92744,20858,7940,12918,57714,5733,51981,14172,2652,11520,12,091,2012
"Orange County, Florida",1202234,1190940,583397,141222,57080,84142,390879,22631,368248,51296,9386,41910,607543,135861,54967,80894,403979,35304,368675,67703,12033,55670,12,095,2012
"Osceola County, Florida",287416,285431,141098,38805,19417,19388,87740,9972,77768,14553,1707,12846,144333,34623,16343,18280,91453,13752,77701,18257,4138,14119,12,097,2012
"Palm Beach County, Florida",1356545,1344097,647257,138660,49411,89249,379686,23769,355917,128911,13462,115449,696840,133746,47939,85807,397061,33344,363717,166033,16947,149086,12,099,2012
"Pasco County, Florida",470391,464239,225676,50341,17474,32867,129202,14188,115014,46133,4980,41153,238563,46544,17061,29483,138172,18681,119491,53847,6911,46936,12,101,2012
"Pinellas County, Florida",921319,910651,435978,81195,30155,51040,268945,24481,244464,85838,8543,77295,474673,78428,27093,51335,284660,32546,252114,111585,12260,99325,12,103,2012
"Polk County, Florida",616158,605062,292271,72314,30420,41894,167829,20166,147663,52128,5619,46509,312791,69324,30560,38764,181416,28770,152646,62051,8165,53886,12,105,2012
"Putnam County, Florida",73263,72226,35532,8532,5603,2929,19742,2435,17307,7258,954,6304,36694,7689,4192,3497,21167,4665,16502,7838,1626,6212,12,107,2012
"St. Johns County, Florida",202188,200402,96311,21902,4115,17787,58653,2687,55966,15756,720,15036,104091,22845,4605,18240,63351,4931,58420,17895,1290,16605,12,109,2012
"St. Lucie County, Florida",283866,281681,136614,30950,15904,15046,77422,8890,68532,28242,3438,24804,145067,29870,15542,14328,82676,12503,70173,32521,3343,29178,12,111,2012
"Santa Rosa County, Florida",158512,149937,73516,18219,4307,13912,45504,2173,43331,9793,786,9007,76421,17987,5000,12987,47372,3679,43693,11062,1001,10061,12,113,2012
"Sarasota County, Florida",386147,382362,181829,29217,9313,19904,95741,6114,89627,56871,3833,53038,200533,30031,9735,20296,103973,7447,96526,66529,4310,62219,12,115,2012
"Stearns County, Minnesota",151606,150526,75295,17240,3988,13252,49627,4885,44742,8428,854,7574,75231,17069,4109,12960,47900,6040,41860,10262,1392,8870,27,145,2012
"Washington County, Minnesota",244088,240888,118126,32281,4658,27623,73070,3429,69641,12775,1276,11499,122762,30453,2918,27535,77144,6595,70549,15165,1760,13405,27,163,2012
"Wright County, Minnesota",127336,126271,63721,18848,3818,15030,38907,3017,35890,5966,877,5089,62550,18262,2874,15388,37478,4252,33226,6810,956,5854,27,171,2012
"DeSoto County, Mississippi",166234,165255,79852,23437,4728,18709,48574,3912,44662,7841,242,7599,85403,22288,6054,16234,52923,3457,49466,10192,920,9272,28,033,2012
"Forrest County, Mississippi",76894,76196,34716,8169,4700,3469,22942,1996,20946,3605,569,3036,41480,9661,5431,4230,26590,4464,22126,5229,1671,3558,28,035,2012
"Harrison County, Mississippi",194029,185871,88695,23960,11783,12177,54199,4891,49308,10536,1627,8909,97176,23225,11449,11776,60487,7412,53075,13464,1804,11660,28,047,2012
"Hinds County, Mississippi",248643,246198,114534,31350,16793,14557,72787,8348,64439,10397,1632,8765,131664,31503,18187,13316,83930,14819,69111,16231,3783,12448,28,049,2012
"Jackson County, Mississippi",140298,138891,67233,17169,6459,10710,41759,3033,38726,8305,639,7666,71658,17984,5946,12038,43466,5110,38356,10208,1272,8936,28,059,2012
"Jones County, Mississippi",68641,67869,32973,9216,6080,3136,19557,1856,17701,4200,538,3662,34896,8378,5750,2628,20866,3826,17040,5652,1468,4184,28,067,2012
"Lauderdale County, Mississippi",80220,77123,36137,9919,5337,4582,21594,2111,19483,4624,915,3709,40986,9699,5218,4481,24770,3113,21657,6517,2064,4453,28,075,2012
"Lee County, Mississippi",85042,84071,40530,11596,5779,5817,24403,2164,22239,4531,328,4203,43541,10675,4865,5810,26452,4035,22417,6414,1049,5365,28,081,2012
"Madison County, Mississippi",98468,97439,46746,13701,3439,10262,28396,2165,26231,4649,361,4288,50693,13102,3890,9212,31549,4004,27545,6042,1016,5026,28,089,2012
"Rankin County, Mississippi",145165,138688,64760,17924,4592,13332,39722,2767,36955,7114,624,6490,73928,18159,5698,12461,45902,4191,41711,9867,2015,7852,28,121,2012
"Boone County, Missouri",168535,167020,80603,18036,3580,14456,55806,1907,53899,6761,197,6564,86417,16578,5100,11478,60970,3582,57388,8869,442,8427,29,019,2012
"Buchanan County, Missouri",89706,86931,43142,10995,3863,7132,27243,2668,24575,4904,570,4334,43789,9496,3750,5746,27363,4016,23347,6930,802,6128,29,021,2012
"Cape Girardeau County, Missouri",76950,75883,36606,8151,1650,6501,23992,1495,22497,4463,312,4151,39277,8293,2923,5370,24933,1936,22997,6051,696,5355,29,031,2012
"Cass County, Missouri",100376,99385,49938,13896,4560,9336,28704,2120,26584,7338,866,6472,49447,11713,4022,7691,29805,2727,27078,7929,643,7286,29,037,2012
"Christian County, Missouri",79824,79270,38843,10741,3615,7126,23391,1658,21733,4711,357,4354,40427,10720,3497,7223,24100,2247,21853,5607,1268,4339,29,043,2012
"Clay County, Missouri",227577,226062,109828,29492,4708,24784,68763,3354,65409,11573,635,10938,116234,27643,5873,21770,73149,4792,68357,15442,834,14608,29,047,2012
"Cole County, Missouri",76363,72413,34525,9083,2386,6697,21068,1468,19600,4374,236,4138,37888,8511,2125,6386,23829,2186,21643,5548,500,5048,29,051,2012
"Franklin County, Missouri",101412,100670,50372,13217,3976,9241,30824,1647,29177,6331,116,6215,50298,11148,2799,8349,30930,2559,28371,8220,846,7374,29,071,2012
"Greene County, Missouri",280626,276595,134508,30598,12026,18572,87400,5838,81562,16510,1616,14894,142087,28034,11392,16642,92060,9489,82571,21993,2718,19275,29,077,2012
"Jackson County, Missouri",677377,670469,324003,83501,33480,50021,205056,14255,190801,35446,4496,30950,346466,80259,29713,50546,217453,25955,191498,48754,5535,43219,29,095,2012
"Jasper County, Missouri",115258,114162,56355,15328,5378,9950,34330,3480,30850,6697,868,5829,57807,13812,4993,8819,35684,4871,30813,8311,1121,7190,29,097,2012
"Jefferson County, Missouri",220209,218591,108486,27465,6442,21023,69311,3591,65720,11710,915,10795,110105,26204,5682,20522,69903,6995,62908,13998,1616,12382,29,099,2012
"Platte County, Missouri",92054,91287,45032,11515,1600,9915,28495,296,28199,5022,184,4838,46255,10266,1110,9156,30158,1153,29005,5831,532,5299,29,165,2012
"St. Charles County, Missouri",368666,366639,179292,46308,7188,39120,113055,2164,110891,19929,822,19107,187347,45316,7132,38184,117667,4709,112958,24364,1452,22912,29,183,2012
"St. Francois County, Missouri",65917,59369,29456,7279,3701,3578,18389,2608,15781,3788,166,3622,29913,7184,3651,3533,17698,2479,15219,5031,1056,3975,29,187,2012
"St. Louis County, Missouri",1000438,988587,468157,115491,32733,82758,290201,14146,276055,62465,4871,57594,520430,111040,32255,78785,322474,27163,295311,86916,7873,79043,29,189,2012
"St. Louis city, Missouri",318172,313297,149887,34038,20114,13924,101894,12441,89453,13955,2045,11910,163410,33522,18934,14588,108959,20706,88253,20929,4352,16577,29,510,2012
"Cascade County, Montana",81723,78392,37982,9394,3870,5524,22273,1824,20449,6315,1017,5298,40410,8851,4055,4796,24289,2962,21327,7270,1211,6059,30,013,2012
"Flathead County, Montana",91633,91004,45788,10616,4848,5768,28435,1676,26759,6737,458,6279,45216,9712,5474,4238,28425,2192,26233,7079,623,6456,30,029,2012
"Gallatin County, Montana",92614,92300,47885,9514,2489,7025,33883,1148,32735,4488,233,4255,44415,9115,2650,6465,30440,1828,28612,4860,524,4336,30,031,2012
"Missoula County, Montana",110977,110182,55094,10621,3337,7284,38173,1332,36841,6300,361,5939,55088,10102,4063,6039,37926,2051,35875,7060,872,6188,30,063,2012
"Yellowstone County, Montana",151882,149405,73063,17513,5661,11852,45844,2951,42893,9706,857,8849,76342,17940,6230,11710,46847,5380,41467,11555,1492,10063,30,111,2012
"Douglas County, Nebraska",531265,525392,257201,70237,22575,47662,162836,11342,151494,24128,2126,22002,268191,68014,22921,45093,168008,15893,152115,32169,3167,29002,31,055,2012
"Lancaster County, Nebraska",293407,289130,143658,34519,9388,25131,94810,5064,89746,14329,1323,13006,145472,32952,8687,24265,94531,7839,86692,17989,2286,15703,31,109,2012
"Sarpy County, Nebraska",165853,161320,79122,24063,4501,19562,48293,1480,46813,6766,210,6556,82198,22722,3754,18968,51054,2944,48110,8422,901,7521,31,153,2012
"Clark County, Nevada",2000759,1977785,987282,250050,70002,180048,623340,33509,589831,113892,13705,100187,990503,239949,72879,167070,621357,47492,573865,129197,16161,113036,32,003,2012
"Washoe County, Nevada",429908,426765,214720,50901,13606,37295,137067,5798,131269,26752,2344,24408,212045,47820,13016,34804,134745,11112,123633,29480,2610,26870,32,031,2012
"Cheshire County, New Hampshire",76851,75989,36518,7383,2268,5115,23875,1490,22385,5260,375,4885,39471,7459,2173,5286,25771,2028,23743,6241,1058,5183,33,005,2012
"Grafton County, New Hampshire",89181,88399,42625,7497,2794,4703,28349,1350,26999,6779,491,6288,45774,7967,3238,4729,30078,2406,27672,7729,684,7045,33,009,2012
"Hillsborough County, New Hampshire",402922,398876,197440,45983,14534,31449,129499,6679,122820,21958,1949,20009,201436,44292,11129,33163,129973,7956,122017,27171,2839,24332,33,011,2012
"Merrimack County, New Hampshire",146761,143733,69262,14889,5508,9381,44933,2876,42057,9440,527,8913,74471,15173,5831,9342,47741,5331,42410,11557,1173,10384,33,013,2012
"Rockingham County, New Hampshire",297820,295909,145475,32244,4076,28168,94751,4611,90140,18480,1210,17270,150434,31883,5429,26454,96249,4355,91894,22302,1893,20409,33,015,2012
"Strafford County, New Hampshire",124119,122642,59778,13029,4921,8108,40093,1977,38116,6656,308,6348,62864,11693,4731,6962,42583,3109,39474,8588,1448,7140,33,017,2012
"Atlantic County, New Jersey",275422,272064,132146,32749,11657,21092,81753,8913,72840,17644,2343,15301,139918,30092,10772,19320,87147,12041,75106,22679,3949,18730,34,001,2012
"Bergen County, New Jersey",918888,913116,441050,102620,18032,84588,279124,11585,267539,59306,6371,52935,472066,98498,19513,78985,293261,20296,272965,80307,9675,70632,34,003,2012
"Burlington County, New Jersey",451336,437799,210645,50865,9244,41621,131746,8102,123644,28034,2763,25271,227154,49559,8952,40607,140990,11744,129246,36605,4682,31923,34,005,2012
"Camden County, New Jersey",513539,508081,245371,62122,24752,37370,154855,15298,139557,28394,3944,24450,262710,59181,21743,37438,164600,25767,138833,38929,5530,33399,34,007,2012
"Cape May County, New Jersey",96304,94074,45259,8978,2803,6175,26831,3161,23670,9450,1094,8356,48815,8498,3107,5391,28382,3853,24529,11935,1444,10491,34,009,2012
"Cumberland County, New Jersey",157785,145795,70173,19171,8039,11132,43707,5068,38639,7295,706,6589,75622,18159,8231,9928,45962,11247,34715,11501,2707,8794,34,011,2012
"Essex County, New Jersey",787744,776748,370847,97582,40557,57025,236040,23265,212775,37225,6105,31120,405901,94985,39130,55855,257280,43415,213865,53636,12151,41485,34,013,2012
"Gloucester County, New Jersey",289586,288094,140104,35231,7516,27715,88633,6579,82054,16240,1461,14779,147990,33048,7069,25979,93420,9861,83559,21522,2377,19145,34,015,2012
"Hudson County, New Jersey",652302,648814,322367,68067,31949,36118,226746,19817,206929,27554,5690,21864,326447,65024,29654,35370,222346,30226,192120,39077,10285,28792,34,017,2012
"Hunterdon County, New Jersey",127050,123837,60618,13905,1077,12828,38603,1392,37211,8110,423,7687,63219,14189,1645,12544,39656,2133,37523,9374,824,8550,34,019,2012
"Mercer County, New Jersey",368303,361324,174760,41770,12707,29063,113241,12047,101194,19749,2892,16857,186564,39768,12448,27320,119283,15500,103783,27513,4523,22990,34,021,2012
"Middlesex County, New Jersey",823041,812915,397230,94028,24317,69711,258935,12704,246231,44267,5382,38885,415685,89905,21816,68089,267409,18092,249317,58371,8576,49795,34,023,2012
"Monmouth County, New Jersey",629384,624945,303972,73541,15748,57793,191681,10090,181591,38750,3700,35050,320973,70617,13682,56935,198558,13311,185247,51798,6401,45397,34,025,2012
"Morris County, New Jersey",497999,494083,241370,57834,5040,52794,152641,4318,148323,30895,2270,28625,252713,56228,5784,50444,156410,5075,151335,40075,4754,35321,34,027,2012
"Ocean County, New Jersey",580470,574857,276171,68601,23033,45568,156151,13769,142382,51419,4292,47127,298686,66185,22376,43809,162436,15841,146595,70065,5586,64479,34,029,2012
"Passaic County, New Jersey",502885,498757,242125,62427,27860,34567,153882,17434,136448,25816,3626,22190,256632,60092,28478,31614,161104,27228,133876,35436,7856,27580,34,031,2012
"Salem County, New Jersey",65774,64593,30850,7079,2102,4977,19306,1704,17602,4465,302,4163,33743,7817,3014,4803,20538,2989,17549,5388,898,4490,34,033,2012
"Somerset County, New Jersey",327707,324876,158310,39898,5847,34051,100582,5100,95482,17830,1397,16433,166566,38401,6601,31800,104267,5649,98618,23898,2386,21512,34,035,2012
"Sussex County, New Jersey",147442,145993,72640,16648,2524,14124,47250,1514,45736,8742,308,8434,73353,16358,1889,14469,46878,2362,44516,10117,595,9522,34,037,2012
"Union County, New Jersey",543976,539092,261007,66493,22069,44424,167125,11169,155956,27389,3235,24154,278085,63753,20896,42857,174340,18096,156244,39992,6485,33507,34,039,2012
"Warren County, New Jersey",107653,106685,52027,12197,1434,10763,33169,1659,31510,6661,492,6169,54658,11987,1580,10407,34361,2773,31588,8310,1045,7265,34,041,2012
"Bernalillo County, New Mexico",673460,664848,324181,81164,37070,44094,205167,22729,182438,37850,5241,32609,340667,77336,36822,40514,214314,34719,179595,49017,8076,40941,35,001,2012
"Chaves County, New Mexico",65784,64754,32252,9589,6251,3338,18434,2529,15905,4229,702,3527,32502,8569,5169,3400,18974,4442,14532,4959,833,4126,35,005,2012
"Doña Ana County, New Mexico",214445,211085,103242,28980,17835,11145,61063,6815,54248,13199,1361,11838,107843,27579,16618,10961,65797,11876,53921,14467,2534,11933,35,013,2012
"Lea County, New Mexico",66338,65583,33361,10127,4329,5798,20121,1289,18832,3113,410,2703,32222,9532,4338,5194,18871,2377,16494,3819,812,3007,35,025,2012
"McKinley County, New Mexico",73016,72623,34917,11546,7476,4070,20366,4015,16351,3005,624,2381,37706,11406,6370,5036,22206,5554,16652,4094,1561,2533,35,031,2012
"Otero County, New Mexico",66041,61617,30354,8161,5126,3035,17610,2292,15318,4583,644,3939,31263,8092,4435,3657,18184,5391,12793,4987,688,4299,35,035,2012
"Sandoval County, New Mexico",135588,135057,65687,17780,6718,11062,39754,3454,36300,8153,918,7235,69370,16868,6561,10307,42777,4609,38168,9725,1037,8688,35,043,2012
"San Juan County, New Mexico",128529,127140,62999,18636,6776,11860,38031,2997,35034,6332,977,5355,64141,17627,7626,10001,38298,4805,33493,8216,1436,6780,35,045,2012
"Santa Fe County, New Mexico",146375,144461,69242,14630,7271,7359,43396,4161,39235,11216,846,10370,75219,15010,7564,7446,46369,3944,42425,13840,1555,12285,35,049,2012
"Valencia County, New Mexico",76631,74679,37170,10265,6225,4040,21822,2605,19217,5083,772,4311,37509,9417,5497,3920,22550,4816,17734,5542,876,4666,35,061,2012
"Albany County, New York",305455,301981,145976,28974,9004,19970,98990,8577,90413,18012,1180,16832,156005,28970,8482,20488,102519,14543,87976,24516,3477,21039,36,001,2012
"Bronx County, New York",1408473,1384538,645921,187447,125633,61814,403282,117219,286063,55192,17210,37982,738617,180117,118944,61173,469052,188472,280580,89448,38826,50622,36,005,2012
"Broome County, New York",198060,194905,94956,19443,8618,10825,61889,9277,52612,13624,1863,11761,99949,19186,8482,10704,62666,11143,51523,18097,2561,15536,36,007,2012
"Cattaraugus County, New York",79458,78756,38700,9150,3560,5590,23938,3267,20671,5612,850,4762,40056,8958,3717,5241,24236,4489,19747,6862,1377,5485,36,009,2012
"Cayuga County, New York",79552,76658,38089,8594,3451,5143,23824,3248,20576,5671,508,5163,38569,8096,2651,5445,23642,5014,18628,6831,981,5850,36,011,2012
"Chautauqua County, New York",133539,130944,64162,14643,7272,7371,40147,7617,32530,9372,758,8614,66782,13704,6267,7437,40491,9700,30791,12587,1893,10694,36,013,2012
"Chemung County, New York",88911,85074,41486,10549,3607,6942,25525,3649,21876,5412,536,4876,43588,9275,2292,6983,26568,5590,20978,7745,1314,6431,36,015,2012
"Clinton County, New York",81654,76776,37535,7840,2482,5358,24844,3069,21775,4851,503,4348,39241,7132,2507,4625,26200,4444,21756,5909,838,5071,36,019,2012
"Dutchess County, New York",297322,289520,141701,31404,7141,24263,91852,8269,83583,18445,1595,16850,147819,31054,7890,23164,93995,9954,84041,22770,2625,20145,36,027,2012
"Erie County, New York",919086,907102,436457,98458,37141,61317,279166,37767,241399,58833,5673,53160,470645,94076,33595,60481,293073,52627,240446,83496,11939,71557,36,029,2012
"Jefferson County, New York",120262,107190,50269,14941,5416,9525,29523,4460,25063,5805,485,5320,56921,14849,4367,10482,34680,5774,28906,7392,1266,6126,36,045,2012
"Kings County, New York",2565635,2557164,1209243,307313,181684,125629,783512,186313,597199,118418,40125,78293,1347921,295320,169287,126033,873482,257359,616123,179119,71128,107991,36,047,2012
"Livingston County, New York",64810,62263,30496,6146,2348,3798,20074,1724,18350,4276,293,3983,31767,5925,2106,3819,20695,2658,18037,5147,327,4820,36,051,2012
"Madison County, New York",72382,71802,35237,7966,2937,5029,22513,2054,20459,4758,377,4381,36565,7588,2613,4975,23244,4400,18844,5733,1021,4712,36,053,2012
"Monroe County, New York",747813,740326,358064,83375,28082,55293,229895,28255,201640,44794,4351,40443,382262,79691,27244,52447,242164,42256,199908,60407,8517,51890,36,055,2012
"Nassau County, New York",1349233,1339095,649140,155208,26375,128833,405706,27570,378136,88226,7486,80740,689955,147893,23688,124205,423135,32856,390279,118927,13418,105509,36,059,2012
"New York County, New York",1619090,1606757,758309,122296,47981,74315,546275,89489,456786,89738,23013,66725,848448,118252,49215,69037,599858,110826,489032,130338,39441,90897,36,061,2012
"Niagara County, New York",215124,212965,104097,22843,8497,14346,66397,9011,57386,14857,1398,13459,108868,21472,8599,12873,68229,12749,55480,19167,2884,16283,36,063,2012
"Oneida County, New York",233556,226115,110817,25654,11327,14327,68835,11405,57430,16328,1967,14361,115298,24102,10200,13902,70711,14390,56321,20485,3568,16917,36,065,2012
"Onondaga County, New York",466852,460548,222443,53534,19824,33710,141418,17558,123860,27491,2813,24678,238105,49926,16989,32937,150743,22757,127986,37436,4842,32594,36,067,2012
"Ontario County, New York",108519,107435,52553,11950,2825,9125,32733,4143,28590,7870,798,7072,54882,11383,2774,8609,34029,4776,29253,9470,1393,8077,36,069,2012
"Orange County, New York",374512,363738,178314,49776,16990,32786,109782,12320,97462,18756,1866,16890,185424,48186,15288,32898,113698,15247,98451,23540,3926,19614,36,071,2012
"Oswego County, New York",121700,120859,60394,13853,7046,6807,39456,6724,32732,7085,611,6474,60465,13277,5347,7930,38566,8037,30529,8622,966,7656,36,075,2012
"Putnam County, New York",99607,98874,48698,11029,1120,9909,31696,1870,29826,5973,724,5249,50176,10909,924,9985,31887,1582,30305,7380,604,6776,36,079,2012
"Queens County, New York",2272771,2257622,1095335,237856,114410,123446,738411,128429,609982,119068,24376,94692,1162287,228133,111869,116264,763984,171463,592521,170170,46129,124041,36,081,2012
"Rensselaer County, New York",159835,157911,77471,16624,5354,11270,51557,5542,46015,9290,865,8425,80440,16400,5548,10852,52061,7051,45010,11979,1732,10247,36,083,2012
"Richmond County, New York",470728,467015,225640,54335,15240,39095,144605,19175,125430,26700,2710,23990,241375,52079,15228,36851,153531,24232,129299,35765,7751,28014,36,085,2012
"Rockland County, New York",317757,314761,154369,45142,19381,25761,90485,12754,77731,18742,1414,17328,160392,42547,17096,25451,93020,15138,77882,24825,3372,21453,36,087,2012
"St. Lawrence County, New York",112232,108646,54545,12082,4760,7322,35479,5898,29581,6984,913,6071,54101,11153,4170,6983,34257,6575,27682,8691,1874,6817,36,089,2012
"Saratoga County, New York",222133,218416,105703,24087,3754,20333,67430,4024,63406,14186,1279,12907,112713,23752,4714,19038,71136,6328,64808,17825,1931,15894,36,091,2012
"Schenectady County, New York",155124,153351,73771,17258,6112,11146,46967,6393,40574,9546,1376,8170,79580,17173,6324,10849,49186,9295,39891,13221,1626,11595,36,093,2012
"Steuben County, New York",99063,97816,47944,11087,4618,6469,29730,4044,25686,7127,856,6271,49872,11358,4000,7358,29868,5846,24022,8646,980,7666,36,101,2012
"Suffolk County, New York",1499273,1483451,729326,177105,39669,137436,461824,35614,426210,90397,6773,83624,754125,168452,32917,135535,465938,45971,419967,119735,13908,105827,36,103,2012
"Sullivan County, New York",76793,74482,37024,8382,3380,5002,23053,4219,18834,5589,308,5281,37458,8127,4407,3720,22654,4652,18002,6677,731,5946,36,105,2012
"Tompkins County, New York",102554,101641,49115,7817,1733,6084,36419,2192,34227,4879,206,4673,52526,8033,2531,5502,37892,3162,34730,6601,814,5787,36,109,2012
"Ulster County, New York",181791,177283,87131,17853,5887,11966,56531,5856,50675,12747,1162,11585,90152,16919,5463,11456,58319,9315,49004,14914,1247,13667,36,111,2012
"Warren County, New York",65538,64912,31810,6529,1711,4818,19744,2236,17508,5537,540,4997,33102,6418,2539,3879,20224,2788,17436,6460,834,5626,36,113,2012
"Wayne County, New York",92962,91829,45070,10323,4019,6304,28321,3925,24396,6426,533,5893,46759,10713,3824,6889,28540,4568,23972,7506,1152,6354,36,117,2012
"Westchester County, New York",961670,949552,457893,114874,29259,85615,284035,24542,259493,58984,5832,53152,491659,109572,28058,81514,300750,35140,265610,81337,12389,68948,36,119,2012
"Alamance County, North Carolina",153920,152963,72703,17798,8701,9097,45701,3585,42116,9204,509,8695,80260,17293,8530,8763,49739,5453,44286,13228,1526,11702,37,001,2012
"Brunswick County, North Carolina",112257,111087,54090,10367,5247,5120,30513,2535,27978,13210,745,12465,56997,9715,5607,4108,33656,4010,29646,13626,1324,12302,37,019,2012
"Buncombe County, North Carolina",244490,240202,116414,26585,12284,14301,73109,5907,67202,16720,1813,14907,123788,22738,10140,12598,78874,9731,69143,22176,2884,19292,37,021,2012
"Burke County, North Carolina",90505,87924,43277,9944,4609,5335,26834,2737,24097,6499,667,5832,44647,9421,4887,4534,26857,3200,23657,8369,1219,7150,37,023,2012
"Cabarrus County, North Carolina",184498,183251,89177,25254,8149,17105,54905,3185,51720,9018,587,8431,94074,24184,6843,17341,57688,4200,53488,12202,1688,10514,37,025,2012
"Caldwell County, North Carolina",81930,81018,39906,9069,3565,5504,24917,3041,21876,5920,525,5395,41112,8441,4438,4003,25383,5583,19800,7288,1312,5976,37,027,2012
"Carteret County, North Carolina",67632,65867,31471,6233,2225,4008,18946,796,18150,6292,483,5809,34396,6463,2290,4173,20843,1991,18852,7090,561,6529,37,031,2012
"Catawba County, North Carolina",154339,152886,74430,17852,6522,11330,46262,2282,43980,10316,996,9320,78456,17711,8100,9611,47829,5883,41946,12916,1532,11384,37,035,2012
"Chatham County, North Carolina",65976,65195,31112,7025,2723,4302,18476,1636,16840,5611,511,5100,34083,6862,2538,4324,19533,2076,17457,7688,599,7089,37,037,2012
"Cleveland County, North Carolina",97474,97268,46408,11028,5644,5384,28612,3724,24888,6768,1538,5230,50860,11291,6020,5271,30577,5197,25380,8992,1655,7337,37,045,2012
"Craven County, North Carolina",104770,95764,43804,11502,3795,7707,24877,2195,22682,7425,828,6597,51960,12266,4218,8048,30384,3988,26396,9310,1121,8189,37,049,2012
"Cumberland County, North Carolina",324049,296452,134351,43256,16433,26823,77919,7073,70846,13176,1593,11583,162101,41723,15752,25971,101700,13338,88362,18678,4054,14624,37,051,2012
"Davidson County, North Carolina",163260,161556,78406,19073,9347,9726,48026,4812,43214,11307,1248,10059,83150,18961,9350,9611,50121,6979,43142,14068,1485,12583,37,057,2012
"Durham County, North Carolina",279641,274255,129041,32683,14245,18438,84771,5212,79559,11587,1258,10329,145214,30521,12191,18330,97844,8712,89132,16849,3027,13822,37,063,2012
"Forsyth County, North Carolina",358137,355195,169488,44162,20064,24098,104811,6909,97902,20515,1979,18536,185707,41646,20112,21534,117039,13140,103899,27022,3135,23887,37,067,2012
"Gaston County, North Carolina",208049,205863,99967,24929,11800,13129,62842,5649,57193,12196,1827,10369,105896,23581,11260,12321,66356,10326,56030,15959,3159,12800,37,071,2012
"Guilford County, North Carolina",500879,497199,236955,59071,22616,36455,151015,10218,140797,26869,2348,24521,260244,56205,21191,35014,167067,17771,149296,36972,4622,32350,37,081,2012
"Harnett County, North Carolina",122135,115409,54365,16909,6540,10369,32217,3173,29044,5239,558,4681,61044,16419,5615,10804,37167,4469,32698,7458,1489,5969,37,085,2012
"Henderson County, North Carolina",108266,107034,52113,11402,4196,7206,29655,1227,28428,11056,326,10730,54921,10317,4804,5513,30875,2992,27883,13729,892,12837,37,089,2012
"Iredell County, North Carolina",162708,161467,79612,20652,7625,13027,49529,2670,46859,9431,641,8790,81855,19246,6783,12463,50394,5372,45022,12215,1583,10632,37,097,2012
"Johnston County, North Carolina",174938,173231,85596,25151,9595,15556,51955,4283,47672,8490,1440,7050,87635,22842,8971,13871,54051,5381,48670,10742,2859,7883,37,101,2012
"Lincoln County, North Carolina",79313,78730,38239,9086,3856,5230,24047,1880,22167,5106,586,4520,40491,9021,3357,5664,25465,3267,22198,6005,1038,4967,37,109,2012
"Mecklenburg County, North Carolina",969031,963025,464501,122929,41740,81189,304551,15906,288645,37021,3488,33533,498524,119419,44982,74437,328112,30322,297790,50993,7432,43561,37,119,2012
"Moore County, North Carolina",90302,88366,42231,9808,5167,4641,22537,1719,20818,9886,1090,8796,46135,9304,4728,4576,25816,2574,23242,11015,827,10188,37,125,2012
"Nash County, North Carolina",95708,94084,45056,11507,7400,4107,27729,3006,24723,5820,714,5106,49028,10849,5101,5748,30346,4571,25775,7833,1939,5894,37,127,2012
"New Hanover County, North Carolina",209234,206497,99306,21068,6931,14137,65086,3593,61493,13152,656,12496,107191,19851,5830,14021,70685,6223,64462,16655,2369,14286,37,129,2012
"Onslow County, North Carolina",183263,152949,69363,22623,4331,18292,40760,3298,37462,5980,612,5368,83586,23068,6293,16775,52827,3821,49006,7691,1468,6223,37,133,2012
"Orange County, North Carolina",137941,137195,64906,14024,3673,10351,44711,2546,42165,6171,401,5770,72289,13920,3023,10897,50578,2426,48152,7791,807,6984,37,135,2012
"Pitt County, North Carolina",172554,170800,80501,19520,8349,11171,53551,3618,49933,7430,1215,6215,90299,18251,8661,9590,61641,5521,56120,10407,1670,8737,37,147,2012
"Randolph County, North Carolina",142466,141283,68224,16607,6871,9736,42239,3010,39229,9378,657,8721,73059,17646,8369,9277,43758,6069,37689,11655,1373,10282,37,151,2012
"Robeson County, North Carolina",135496,132983,63649,18404,12467,5937,38455,5199,33256,6790,1157,5633,69334,17736,10833,6903,42547,10428,32119,9051,1969,7082,37,155,2012
"Rockingham County, North Carolina",92720,91839,43872,9715,6007,3708,27393,3356,24037,6764,892,5872,47967,10123,5975,4148,28807,6144,22663,9037,1345,7692,37,157,2012
"Rowan County, North Carolina",138180,135352,65777,16353,6553,9800,40747,3866,36881,8677,949,7728,69575,15333,7736,7597,42447,6173,36274,11795,1353,10442,37,159,2012
"Rutherford County, North Carolina",67323,66327,31868,7532,4267,3265,19052,2382,16670,5284,467,4817,34459,7105,4164,2941,20806,2982,17824,6548,1747,4801,37,161,2012
"Surry County, North Carolina",73561,72824,35530,8457,3911,4546,21570,1809,19761,5503,871,4632,37294,8274,3650,4624,21905,2453,19452,7115,1154,5961,37,171,2012
"Union County, North Carolina",208520,207430,102437,31777,7889,23888,60909,3226,57683,9751,807,8944,104993,29628,8044,21584,63496,5225,58271,11869,1953,9916,37,179,2012
"Wake County, North Carolina",952151,942954,458353,123205,29526,93679,298403,12471,285932,36745,2300,34445,484601,119476,30364,89112,316497,19919,296578,48628,5412,43216,37,183,2012
"Wayne County, North Carolina",124246,120117,58405,15855,9296,6559,35697,3894,31803,6853,1113,5740,61712,14448,8776,5672,38102,7184,30918,9162,1892,7270,37,191,2012
"Wilkes County, North Carolina",69306,68259,33710,7609,3534,4075,20511,1926,18585,5590,559,5031,34549,7178,3437,3741,20670,3032,17638,6701,1359,5342,37,193,2012
"Wilson County, North Carolina",81867,80734,37663,9547,5561,3986,23347,2664,20683,4769,873,3896,43071,10219,5070,5149,25884,3991,21893,6968,1775,5193,37,195,2012
"Burleigh County, North Dakota",85774,83970,40829,9390,1393,7997,26370,618,25752,5069,348,4721,43141,9788,1688,8100,26987,1071,25916,6366,851,5515,38,015,2012
"Cass County, North Dakota",156157,154772,78417,17376,3978,13398,54167,1690,52477,6874,786,6088,76355,16085,3409,12676,51362,3523,47839,8908,1693,7215,38,017,2012
"Grand Forks County, North Dakota",67472,65957,34052,6718,1210,5508,24328,999,23329,3006,226,2780,31905,6347,1346,5001,21637,1342,20295,3921,304,3617,38,035,2012
"Allen County, Ohio",105141,102545,50911,12666,4910,7756,31593,3167,28426,6652,744,5908,51634,12034,5195,6839,30682,4485,26197,8918,1321,7597,39,003,2012
"Ashtabula County, Ohio",100389,97264,47741,11267,4463,6804,29195,3281,25914,7279,749,6530,49523,11662,4409,7253,29239,5283,23956,8622,985,7637,39,007,2012
"Belmont County, Ohio",69671,66007,32407,7010,2224,4786,20597,1803,18794,4800,546,4254,33600,6224,2588,3636,20477,2528,17949,6899,725,6174,39,013,2012
"Butler County, Ohio",370589,367317,180090,47311,12807,34504,113391,6095,107296,19388,1490,17898,187227,44027,11472,32555,118839,10040,108799,24361,2659,21702,39,017,2012
"Clark County, Ohio",137206,135684,66095,16462,8336,8126,39822,4231,35591,9811,1295,8516,69589,15287,7765,7522,41858,7994,33864,12444,2037,10407,39,023,2012
"Clermont County, Ohio",199085,197755,96972,24952,6023,18929,60640,3349,57291,11380,786,10594,100783,24354,6536,17818,62303,6245,56058,14126,2121,12005,39,025,2012
"Columbiana County, Ohio",106507,102952,50384,11742,4510,7232,31054,2823,28231,7588,682,6906,52568,10882,3771,7111,31930,5212,26718,9756,1117,8639,39,029,2012
"Cuyahoga County, Ohio",1265111,1248825,592204,140912,57746,83166,373078,41465,331613,78214,9325,68889,656621,136597,55847,80750,404942,70429,334513,115082,17408,97674,39,035,2012
"Delaware County, Ohio",181061,180112,89047,26767,3362,23405,53932,2163,51769,8348,677,7671,91065,24064,3083,20981,56727,3072,53655,10274,1015,9259,39,041,2012
"Erie County, Ohio",76398,75508,36285,7700,2471,5229,22529,2214,20315,6056,578,5478,39223,8587,3532,5055,23544,3408,20136,7092,772,6320,39,043,2012
"Fairfield County, Ohio",147474,145044,71791,19355,4883,14472,43632,3294,40338,8804,497,8307,73253,17600,6195,11405,45541,6155,39386,10112,824,9288,39,045,2012
"Franklin County, Ohio",1195537,1187803,578743,145263,54032,91231,383425,28459,354966,50055,5198,44857,609060,139303,51764,87539,400071,52740,347331,69686,8584,61102,39,049,2012
"Geauga County, Ohio",93680,93047,46100,12012,2616,9396,26774,870,25904,7314,735,6579,46947,11002,1649,9353,27794,1325,26469,8151,718,7433,39,055,2012
"Greene County, Ohio",163587,160208,77493,17517,4983,12534,49871,2960,46911,10105,1047,9058,82715,16520,4285,12235,53157,6082,47075,13038,1277,11761,39,057,2012
"Hamilton County, Ohio",802038,794353,382261,94912,39969,54943,244519,19819,224700,42830,4187,38643,412092,92024,38838,53186,259228,39438,219790,60840,6534,54306,39,061,2012
"Hancock County, Ohio",75671,74933,36259,8778,3105,5673,22325,1790,20535,5156,293,4863,38674,8412,2568,5844,24238,2878,21360,6024,389,5635,39,063,2012
"Jefferson County, Ohio",68389,67676,32403,6655,2552,4103,20416,1751,18665,5332,637,4695,35273,6809,2527,4282,21458,3672,17786,7006,1092,5914,39,081,2012
"Lake County, Ohio",229582,227618,111007,25175,7283,17892,69741,4007,65734,16091,682,15409,116611,24013,7139,16874,70825,6414,64411,21773,1756,20017,39,085,2012
"Licking County, Ohio",167537,166231,81955,20403,7111,13292,51195,4307,46888,10357,615,9742,84276,19392,7824,11568,52302,6317,45985,12582,1349,11233,39,089,2012
"Lorain County, Ohio",301478,293750,142865,35745,13158,22587,87561,7969,79592,19559,953,18606,150885,33874,12670,21204,93018,15362,77656,23993,2378,21615,39,093,2012
"Lucas County, Ohio",437998,432663,209889,52444,25437,27007,132488,16332,116156,24957,2948,22009,222774,49881,22494,27387,139690,27639,112051,33203,3879,29324,39,095,2012
"Mahoning County, Ohio",235145,229059,110585,25500,12120,13380,67319,7475,59844,17766,1158,16608,118474,23534,11237,12297,71343,13993,57350,23597,2471,21126,39,099,2012
"Marion County, Ohio",66238,58382,28437,6901,3358,3543,17370,2619,14751,4166,268,3898,29945,6439,3211,3228,17971,3450,14521,5535,845,4690,39,101,2012
"Medina County, Ohio",173684,172657,85006,21646,4293,17353,52342,2666,49676,11018,747,10271,87651,20471,4230,16241,53865,4081,49784,13315,833,12482,39,103,2012
"Miami County, Ohio",103060,102267,50542,12394,3611,8783,30889,1959,28930,7259,336,6923,51725,12047,3259,8788,30730,4120,26610,8948,706,8242,39,109,2012
"Montgomery County, Ohio",534325,526147,252699,61547,27418,34129,156593,16913,139680,34559,4196,30363,273448,59046,25812,33234,167168,27885,139283,47234,5241,41993,39,113,2012
"Muskingum County, Ohio",85950,84990,41529,10508,5790,4718,25248,3850,21398,5773,469,5304,43461,9558,4820,4738,26574,5474,21100,7329,1126,6203,39,119,2012
"Portage County, Ohio",161451,160548,78101,15933,4800,11133,52271,3905,48366,9897,287,9610,82447,16057,5397,10660,54822,7174,47648,11568,1015,10553,39,133,2012
"Richland County, Ohio",122673,115926,55660,13499,6282,7217,33492,4574,28918,8669,616,8053,60266,13699,6415,7284,35247,5962,29285,11320,1323,9997,39,139,2012
"Ross County, Ohio",77429,71892,35413,8814,3615,5199,21855,3306,18549,4744,798,3946,36479,8268,3623,4645,22466,4523,17943,5745,774,4971,39,141,2012
"Scioto County, Ohio",78477,75475,36846,8627,5167,3460,22888,4192,18696,5331,1205,4126,38629,8515,4827,3688,23618,5289,18329,6496,1478,5018,39,145,2012
"Stark County, Ohio",374868,370150,179607,42895,15817,27078,109774,8410,101364,26938,1950,24988,190543,40681,15207,25474,115678,17719,97959,34184,4471,29713,39,151,2012
"Summit County, Ohio",540811,535829,259326,60653,20767,39886,164470,14613,149857,34203,2553,31650,276503,58807,21979,36828,171887,24787,147100,45809,5346,40463,39,153,2012
"Trumbull County, Ohio",207406,203779,98453,22663,10217,12446,59378,6034,53344,16412,1048,15364,105326,21571,9472,12099,63137,10762,52375,20618,1897,18721,39,155,2012
"Tuscarawas County, Ohio",92392,91424,45277,11385,4262,7123,27481,3571,23910,6411,770,5641,46147,10178,3943,6235,27501,4010,23491,8468,1787,6681,39,157,2012
"Warren County, Ohio",217241,213068,104416,29418,3927,25491,63631,1879,61752,11367,1236,10131,108652,27905,3567,24338,67040,2911,64129,13707,1283,12424,39,165,2012
"Wayne County, Ohio",114848,113744,56710,14522,3746,10776,34604,2389,32215,7584,855,6729,57034,13148,3511,9637,34351,3561,30790,9535,1301,8234,39,169,2012
"Wood County, Ohio",128200,127107,62201,13704,3453,10251,41119,1626,39493,7378,481,6897,64906,12394,3160,9234,43476,3053,40423,9036,1155,7881,39,173,2012
"Canadian County, Oklahoma",122560,120719,59453,16910,3832,13078,36568,1990,34578,5975,297,5678,61266,15513,4018,11495,37768,2216,35552,7985,1063,6922,40,017,2012
"Cleveland County, Oklahoma",265638,259683,127198,30305,8607,21698,84344,4167,80177,12549,604,11945,132485,29314,8650,20664,87002,6327,80675,16169,1423,14746,40,027,2012
"Comanche County, Oklahoma",126390,112809,53479,15519,5546,9973,32458,2428,30030,5502,654,4848,59330,15524,5514,10010,36771,4937,31834,7035,901,6134,40,031,2012
"Creek County, Oklahoma",70651,69872,34484,8681,2926,5755,20857,1448,19409,4946,520,4426,35388,8560,3628,4932,21098,2290,18808,5730,438,5292,40,037,2012
"Muskogee County, Oklahoma",70596,67853,32869,8948,4210,4738,19770,1986,17784,4151,408,3743,34984,8542,4027,4515,20617,3149,17468,5825,772,5053,40,101,2012
"Oklahoma County, Oklahoma",741781,730747,355628,96197,43641,52556,221995,14051,207944,37436,4776,32660,375119,92095,38378,53717,232755,22163,210592,50269,6977,43292,40,109,2012
"Payne County, Oklahoma",78399,77296,39431,7655,4039,3616,28293,1840,26453,3483,371,3112,37865,6955,3412,3543,26329,2732,23597,4581,651,3930,40,119,2012
"Pottawatomie County, Oklahoma",70760,67884,33541,9033,4954,4079,20003,1790,18213,4505,275,4230,34343,8381,3369,5012,20409,2820,17589,5553,535,5018,40,125,2012
"Rogers County, Oklahoma",88367,87354,43116,11270,3526,7744,26387,1274,25113,5459,244,5215,44238,10563,3277,7286,27022,1870,25152,6653,862,5791,40,131,2012
"Tulsa County, Oklahoma",613816,608482,296179,79684,30314,49370,185081,8763,176318,31414,2747,28667,312303,76115,31208,44907,193004,16654,176350,43184,4775,38409,40,143,2012
"Wagoner County, Oklahoma",75030,74749,37107,9930,3205,6725,22276,1019,21257,4901,320,4581,37642,9066,3110,5956,23171,2423,20748,5405,643,4762,40,145,2012
"Benton County, Oregon",86430,86002,43103,7438,3221,4217,30482,1259,29223,5183,453,4730,42899,7365,2217,5148,29405,2145,27260,6129,708,5421,41,003,2012
"Clackamas County, Oregon",383857,382425,189666,45880,12345,33535,118491,7162,111329,25295,2942,22353,192759,41459,10711,30748,119904,8948,110956,31396,3836,27560,41,005,2012
"Deschutes County, Oregon",162277,161388,79844,18944,6371,12573,48077,3485,44592,12823,806,12017,81544,17018,5839,11179,50120,4296,45824,14406,928,13478,41,017,2012
"Douglas County, Oregon",107164,106557,52850,11193,5658,5535,30303,4827,25476,11354,841,10513,53707,9954,4833,5121,31060,6132,24928,12693,2055,10638,41,019,2012
"Jackson County, Oregon",206412,205343,99272,21989,10918,11071,59820,6325,53495,17463,1613,15850,106071,22460,10208,12252,62868,9755,53113,20743,3282,17461,41,029,2012
"Josephine County, Oregon",82930,82236,39847,8394,4312,4082,22940,4010,18930,8513,827,7686,42389,7922,4034,3888,23752,5879,17873,10715,1832,8883,41,033,2012
"Klamath County, Oregon",65912,65540,32692,7160,3370,3790,19802,2844,16958,5730,711,5019,32848,6868,2659,4209,19771,3503,16268,6209,1558,4651,41,035,2012
"Lane County, Oregon",354542,352928,172325,34461,17706,16755,112648,11808,100840,25216,2822,22394,180603,33844,16500,17344,115463,19110,96353,31296,4149,27147,41,039,2012
"Linn County, Oregon",118360,117620,59139,15534,7353,8181,34778,5353,29425,8827,909,7918,58481,12292,5954,6338,36016,6424,29592,10173,2103,8070,41,043,2012
"Marion County, Oregon",319985,315604,155720,43279,18711,24568,93962,8813,85149,18479,2308,16171,159884,40038,18162,21876,95982,14762,81220,23864,3324,20540,41,047,2012
"Multnomah County, Oregon",759256,754256,372505,78491,29660,48831,258714,23049,235665,35300,4333,30967,381751,74899,27736,47163,258963,30047,228916,47889,8000,39889,41,051,2012
"Polk County, Oregon",76353,76101,36513,8818,3354,5464,22351,2741,19610,5344,303,5041,39588,9228,2873,6355,23669,3407,20262,6691,900,5791,41,053,2012
"Umatilla County, Oregon",76820,71701,34148,9407,4677,4730,20570,1484,19086,4171,365,3806,37553,11060,4693,6367,21376,3189,18187,5117,1024,4093,41,059,2012
"Washington County, Oregon",547672,543839,268602,70539,18717,51822,172831,9554,163277,25232,3098,22134,275237,66118,18476,47642,175624,13454,162170,33495,5347,28148,41,067,2012
"Yamhill County, Oregon",100255,98119,48570,12782,5397,7385,29295,1652,27643,6493,1157,5336,49549,11604,4786,6818,30053,4488,25565,7892,917,6975,41,071,2012
"Adams County, Pennsylvania",101482,100067,49269,11007,3546,7461,30760,1508,29252,7502,485,7017,50798,10499,2661,7838,31348,3146,28202,8951,878,8073,42,001,2012
"Allegheny County, Pennsylvania",1229338,1215531,582995,120446,37487,82959,379991,31146,348845,82558,9308,73250,632536,116370,39129,77241,397796,48045,349751,118370,16766,101604,42,003,2012
"Armstrong County, Pennsylvania",68409,67881,33578,6842,2847,3995,21074,2649,18425,5662,821,4841,34303,6681,2525,4156,20305,3356,16949,7317,865,6452,42,005,2012
"Beaver County, Pennsylvania",170245,169092,81636,17244,6602,10642,50514,5596,44918,13878,2294,11584,87456,16688,6153,10535,52385,7048,45337,18383,3769,14614,42,007,2012
"Berks County, Pennsylvania",413491,408848,200373,49251,19320,29931,124578,10945,113633,26544,2191,24353,208475,46791,17913,28878,128086,16107,111979,33598,3650,29948,42,011,2012
"Blair County, Pennsylvania",127121,125564,61549,13732,6157,7575,38522,5097,33425,9295,895,8400,64015,12599,4963,7636,38737,6137,32600,12679,1971,10708,42,013,2012
"Bucks County, Pennsylvania",627053,621168,304579,70523,14759,55764,192302,9499,182803,41754,3211,38543,316589,67382,10925,56457,196070,12583,183487,53137,6405,46732,42,017,2012
"Butler County, Pennsylvania",184970,182917,90540,20671,5299,15372,57260,4460,52800,12609,1348,11261,92377,18893,3936,14957,57520,5311,52209,15964,1694,14270,42,019,2012
"Cambria County, Pennsylvania",141584,136611,66146,13853,5323,8530,41234,5078,36156,11059,1310,9749,70465,13310,5795,7515,41661,6286,35375,15494,2685,12809,42,021,2012
"Carbon County, Pennsylvania",65006,64213,31414,6614,2814,3800,19658,1870,17788,5142,47,5095,32799,6028,1369,4659,20092,2753,17339,6679,756,5923,42,025,2012
"Centre County, Pennsylvania",155171,152371,78045,12132,3324,8808,57783,3712,54071,8130,652,7478,74326,12055,3313,8742,52540,4012,48528,9731,1181,8550,42,027,2012
"Chester County, Pennsylvania",506575,501545,246042,61843,12272,49571,154670,6333,148337,29529,1581,27948,255503,59690,10311,49379,158886,7867,151019,36927,3192,33735,42,029,2012
"Clearfield County, Pennsylvania",81184,76097,37607,8508,4270,4238,22824,2454,20370,6275,610,5665,38490,7531,3248,4283,23247,3727,19520,7712,1053,6659,42,033,2012
"Columbia County, Pennsylvania",66887,66024,31625,6029,1866,4163,20977,1328,19649,4619,875,3744,34399,6138,1360,4778,22047,2368,19679,6214,810,5404,42,037,2012
"Crawford County, Pennsylvania",87598,85938,42284,9688,4509,5179,25802,3344,22458,6794,634,6160,43654,9113,3856,5257,26551,5064,21487,7990,1103,6887,42,039,2012
"Cumberland County, Pennsylvania",238614,232426,113889,25646,7059,18587,72112,3570,68542,16131,1411,14720,118537,22712,6030,16682,74619,7670,66949,21206,1617,19589,42,041,2012
"Dauphin County, Pennsylvania",269665,265595,127497,31283,11522,19761,80025,7054,72971,16189,2430,13759,138098,29901,11567,18334,86449,10902,75547,21748,2777,18971,42,043,2012
"Delaware County, Pennsylvania",561098,553855,264905,64952,22237,42715,167135,15035,152100,32818,2815,30003,288950,62431,21472,40959,180050,21613,158437,46469,5587,40882,42,045,2012
"Erie County, Pennsylvania",280646,275392,134047,31741,12160,19581,85068,11490,73578,17238,2319,14919,141345,30533,13740,16793,88084,14372,73712,22728,4327,18401,42,049,2012
"Fayette County, Pennsylvania",135660,132424,64513,13663,5547,8116,40475,6780,33695,10375,1550,8825,67911,13096,5125,7971,40989,7068,33921,13826,2201,11625,42,051,2012
"Franklin County, Pennsylvania",151275,150184,73189,17694,5596,12098,44127,2996,41131,11368,913,10455,76995,17485,5309,12176,45251,4435,40816,14259,1511,12748,42,055,2012
"Indiana County, Pennsylvania",88218,86634,42909,8406,1996,6410,28202,2657,25545,6301,303,5998,43725,7962,2031,5931,28062,3275,24787,7701,868,6833,42,063,2012
"Lackawanna County, Pennsylvania",214477,210749,101282,22041,8812,13229,63963,6292,57671,15278,1579,13699,109467,21131,7706,13425,67133,8652,58481,21203,2140,19063,42,069,2012
"Lancaster County, Pennsylvania",526823,519645,254337,65384,18739,46645,154074,13069,141005,34879,2702,32177,265308,62632,18856,43776,159956,20758,139198,42720,3932,38788,42,071,2012
"Lawrence County, Pennsylvania",89871,88906,43197,9639,4093,5546,26288,3139,23149,7270,821,6449,45709,8857,3478,5379,27191,4446,22745,9661,1309,8352,42,073,2012
"Lebanon County, Pennsylvania",135251,133660,65066,15392,5292,10100,39500,2350,37150,10174,810,9364,68594,15304,5822,9482,41107,5846,35261,12183,1284,10899,42,075,2012
"Lehigh County, Pennsylvania",355245,350473,169018,41979,14407,27572,105589,7975,97614,21450,2205,19245,181455,40009,14527,25482,111835,13032,98803,29611,3456,26155,42,077,2012
"Luzerne County, Pennsylvania",321027,313349,153033,32967,14369,18598,96547,9011,87536,23519,3153,20366,160316,30474,13696,16778,97370,14277,83093,32472,4631,27841,42,079,2012
"Lycoming County, Pennsylvania",117168,114112,56413,12014,4003,8011,36387,4529,31858,8012,752,7260,57699,12006,4046,7960,34931,5295,29636,10762,991,9771,42,081,2012
"Mercer County, Pennsylvania",115655,111859,53862,12299,4942,7357,32873,4514,28359,8690,1087,7603,57997,11378,4881,6497,34446,6826,27620,12173,1222,10951,42,085,2012
"Monroe County, Pennsylvania",168798,167649,82090,18551,7179,11372,53567,6022,47545,9972,1463,8509,85559,18843,6538,12305,54290,6244,48046,12426,2054,10372,42,089,2012
"Montgomery County, Pennsylvania",808460,795088,383446,91721,18538,73183,240246,13727,226519,51479,3753,47726,411642,88150,16511,71639,254079,15732,238347,69413,7284,62129,42,091,2012
"Northampton County, Pennsylvania",299267,296342,146079,32720,9996,22724,92313,7095,85218,21046,2133,18913,150263,30170,9431,20739,93386,9837,83549,26707,2995,23712,42,095,2012
"Northumberland County, Pennsylvania",94428,89287,43828,9572,3244,6328,26880,2318,24562,7376,949,6427,45459,8883,3196,5687,27222,3484,23738,9354,1292,8062,42,097,2012
"Philadelphia County, Pennsylvania",1547607,1532578,722859,177022,109045,67977,473970,89124,384846,71867,14298,57569,809719,171120,101006,70114,528726,137417,391309,109873,29348,80525,42,101,2012
"Schuylkill County, Pennsylvania",147063,140498,68671,14591,5299,9292,42887,4311,38576,11193,1209,9984,71827,14168,6430,7738,42655,6216,36439,15004,2163,12841,42,107,2012
"Somerset County, Pennsylvania",76957,72493,35893,7172,2274,4898,22297,2417,19880,6424,911,5513,36600,6881,2142,4739,21930,3267,18663,7789,1620,6169,42,111,2012
"Washington County, Pennsylvania",208716,207050,101039,21406,7085,14321,64056,5410,58646,15577,1467,14110,106011,20532,6320,14212,64565,7846,56719,20914,3536,17378,42,125,2012
"Westmoreland County, Pennsylvania",363395,358459,173910,35391,11849,23542,108760,9550,99210,29759,3046,26713,184549,34461,12911,21550,110774,14140,96634,39314,5746,33568,42,129,2012
"York County, Pennsylvania",437846,433299,212966,50977,14315,36662,133649,10188,123461,28340,1963,26377,220333,48765,15228,33537,136200,15160,121040,35368,3527,31841,42,133,2012
"Kent County, Rhode Island",164843,163400,78609,16425,2761,13664,50925,4138,46787,11259,1751,9508,84791,16130,3083,13047,53543,6977,46566,15118,2026,13092,44,003,2012
"Newport County, Rhode Island",82036,79709,37385,7458,1942,5516,23369,1461,21908,6558,920,5638,42324,7964,1661,6303,26193,2516,23677,8167,1309,6858,44,005,2012
"Providence County, Rhode Island",628323,618369,298134,69227,29458,39769,194877,25365,169512,34030,6448,27582,320235,65492,27865,37627,206783,36490,170293,47960,8426,39534,44,007,2012
"Washington County, Rhode Island",125946,124960,60252,12040,2905,9135,39150,2998,36152,9062,609,8453,64708,11947,2856,9091,41737,3511,38226,11024,1203,9821,44,009,2012
"Aiken County, South Carolina",162812,161343,77294,18014,9240,8774,47536,3668,43868,11744,949,10795,84049,18050,7292,10758,51644,6482,45162,14355,1788,12567,45,003,2012
"Anderson County, South Carolina",189355,188153,90962,23081,9301,13780,55318,4367,50951,12563,1297,11266,97191,21483,7154,14329,58691,6910,51781,17017,2293,14724,45,007,2012
"Beaufort County, South Carolina",168049,159766,75835,16840,5135,11705,41470,1290,40180,17525,951,16574,83931,17336,5505,11831,46662,3870,42792,19933,1764,18169,45,013,2012
"Berkeley County, South Carolina",189781,184036,88457,23169,8178,14991,56022,3100,52922,9266,721,8545,95579,23461,6265,17196,60259,5457,54802,11859,1383,10476,45,015,2012
"Charleston County, South Carolina",365162,357836,171882,38281,14364,23917,112514,5116,107398,21087,2857,18230,185954,36662,14405,22257,122125,10583,111542,27167,4028,23139,45,019,2012
"Darlington County, South Carolina",68139,67336,31198,7850,4730,3120,18964,2017,16947,4384,392,3992,36138,8470,4171,4299,21697,4119,17578,5971,1216,4755,45,031,2012
"Dorchester County, South Carolina",142496,139548,66790,18753,5483,13270,41255,1786,39469,6782,382,6400,72758,18441,4734,13707,45538,4210,41328,8779,826,7953,45,035,2012
"Florence County, South Carolina",137948,136321,64081,17288,8852,8436,38807,4988,33819,7986,980,7006,72240,16254,6797,9457,45332,7911,37421,10654,2234,8420,45,041,2012
"Greenville County, South Carolina",467605,463429,223771,56922,19196,37726,140482,8578,131904,26367,3022,23345,239658,54668,18125,36543,149437,12655,136782,35553,4105,31448,45,045,2012
"Greenwood County, South Carolina",69756,68485,33599,10236,5202,5034,18774,2143,16631,4589,416,4173,34886,6795,2691,4104,21973,2171,19802,6118,1240,4878,45,047,2012
"Horry County, South Carolina",282285,280840,135605,28371,15023,13348,83245,6540,76705,23989,2431,21558,145235,27694,14867,12827,89747,13788,75959,27794,2555,25239,45,051,2012
"Lancaster County, South Carolina",79089,77125,36678,8926,4388,4538,21884,2088,19796,5868,884,4984,40447,8861,3937,4924,24300,4325,19975,7286,1114,6172,45,057,2012
"Laurens County, South Carolina",66223,64935,30955,7471,4148,3323,19566,2115,17451,3918,348,3570,33980,7523,3670,3853,20766,2401,18365,5691,528,5163,45,059,2012
"Lexington County, South Carolina",270406,267552,130140,32898,12102,20796,81965,4779,77186,15277,1739,13538,137412,31754,10792,20962,86465,8851,77614,19193,1942,17251,45,063,2012
"Oconee County, South Carolina",74627,73934,36134,7593,3262,4331,21504,2046,19458,7037,914,6123,37800,7631,3985,3646,21621,2958,18663,8548,1615,6933,45,073,2012
"Orangeburg County, South Carolina",91476,90679,42541,10881,6262,4619,25787,2597,23190,5873,1420,4453,48138,10101,5475,4626,29790,5553,24237,8247,2017,6230,45,075,2012
"Pickens County, South Carolina",119670,118916,59037,12234,4574,7660,39314,2398,36916,7489,821,6668,59879,11448,4169,7279,39124,3929,35195,9307,1486,7821,45,077,2012
"Richland County, South Carolina",393830,369205,172256,44549,16193,28356,111047,7135,103912,16660,1903,14757,196949,43073,16114,26959,130554,14279,116275,23322,3964,19358,45,079,2012
"Spartanburg County, South Carolina",288745,284475,136750,35634,14173,21461,83936,9835,74101,17180,2499,14681,147725,33769,15999,17770,91378,12754,78624,22578,3262,19316,45,083,2012
"Sumter County, South Carolina",108052,104522,49228,12908,6166,6742,30277,2796,27481,6043,1246,4797,55294,13295,7448,5847,33907,4990,28917,8092,1639,6453,45,085,2012
"York County, South Carolina",234635,233074,112212,30017,9935,20082,69757,4665,65092,12438,905,11533,120862,28572,8136,20436,76800,8405,68395,15490,2626,12864,45,091,2012
"Minnehaha County, South Dakota",175037,172083,85295,21805,5560,16245,55379,3498,51881,8111,1105,7006,86788,21316,6254,15062,54492,5496,48996,10980,1644,9336,46,099,2012
"Pennington County, South Dakota",104347,101945,50122,12900,4319,8581,30646,2121,28525,6576,441,6135,51823,12480,5467,7013,31970,3870,28100,7373,447,6926,46,103,2012
"Anderson County, Tennessee",75416,74580,36909,9025,4241,4784,22053,2537,19516,5831,884,4947,37671,7784,4763,3021,22312,4568,17744,7575,1455,6120,47,001,2012
"Seminole County, Florida",430838,428406,207366,47845,10280,37565,135198,7452,127746,24323,1896,22427,221040,46711,11965,34746,142949,11559,131390,31380,4378,27002,12,117,2012
"Sumter County, Florida",101620,92478,44051,4515,1764,2751,15273,1094,14179,24263,965,23298,48427,3824,1851,1973,19467,2542,16925,25136,1356,23780,12,119,2012
"Volusia County, Florida",496950,490743,238194,46107,19518,26589,143343,15505,127838,48744,5672,43072,252549,44821,19578,25243,148869,22624,126245,58859,7413,51446,12,127,2012
"Barrow County, Georgia",70169,70022,35237,10544,4044,6500,21847,2163,19684,2846,194,2652,34785,8739,2312,6427,22002,1924,20078,4044,858,3186,13,013,2012
"Bartow County, Georgia",100661,99647,49973,14111,6017,8094,30693,2372,28321,5169,754,4415,49674,11996,4231,7765,31164,2431,28733,6514,1198,5316,13,015,2012
"Bibb County, Georgia",156462,152973,71514,20052,9788,10264,43463,3171,40292,7999,1014,6985,81459,19495,11549,7946,50508,8448,42060,11456,2410,9046,13,021,2012
"Bulloch County, Georgia",72694,71870,35660,6936,2582,4354,25857,2258,23599,2867,463,2404,36210,7313,3002,4311,24948,2668,22280,3949,598,3351,13,031,2012
"Carroll County, Georgia",111580,110609,53663,14281,4854,9427,33206,2104,31102,6176,1122,5054,56946,13657,5846,7811,35908,3835,32073,7381,1160,6221,13,045,2012
"Catoosa County, Georgia",65046,64566,31304,8575,2496,6079,18751,775,17976,3978,222,3756,33262,7410,2203,5207,20275,1815,18460,5577,890,4687,13,047,2012
"Chatham County, Georgia",276434,268828,127251,31070,11856,19214,81431,3109,78322,14750,1870,12880,141577,30405,13580,16825,91407,7342,84065,19765,2696,17069,13,051,2012
"Cherokee County, Georgia",221315,220483,109265,31199,8115,23084,67853,1587,66266,10213,261,9952,111218,27958,6116,21842,70428,3413,67015,12832,1260,11572,13,057,2012
"Clarke County, Georgia",120266,119220,55471,9791,4251,5540,41429,1810,39619,4251,706,3545,63749,11466,5885,5581,45972,4112,41860,6311,1144,5167,13,059,2012
"Clayton County, Georgia",265888,262713,123529,38217,21888,16329,76677,6357,70320,8635,839,7796,139184,37542,19138,18404,90903,11069,79834,10739,2853,7886,13,063,2012
"Cobb County, Georgia",707442,700245,338581,89989,27636,62353,219288,6578,212710,29304,1861,27443,361664,86822,27897,58925,237028,10950,226078,37814,3964,33850,13,067,2012
"Columbia County, Georgia",131627,129142,62266,17620,2864,14756,38062,1892,36170,6584,1415,5169,66876,17039,3678,13361,42279,1627,40652,7558,1543,6015,13,073,2012
"Coweta County, Georgia",130929,130468,64310,17767,4508,13259,39944,1905,38039,6599,300,6299,66158,16714,3706,13008,41352,1891,39461,8092,1479,6613,13,077,2012
"DeKalb County, Georgia",707089,699814,334711,86402,37271,49131,221310,13329,207981,26999,4499,22500,365103,82298,34537,47761,244091,23758,220333,38714,8371,30343,13,089,2012
"Dougherty County, Georgia",94501,92758,43031,12454,7833,4621,25849,3294,22555,4728,844,3884,49727,11951,7088,4863,30862,6355,24507,6914,1218,5696,13,095,2012
"Douglas County, Georgia",133971,132925,63086,18790,7705,11085,38699,1983,36716,5597,621,4976,69839,18331,5414,12917,44039,3425,40614,7469,1346,6123,13,097,2012
"Fayette County, Georgia",107524,106858,51235,13144,2517,10627,31141,655,30486,6950,368,6582,55623,12956,2648,10308,33974,1315,32659,8693,330,8363,13,113,2012
"Floyd County, Georgia",96177,94113,45292,11526,6194,5332,27859,2521,25338,5907,930,4977,48821,11361,5354,6007,30048,3395,26653,7412,1244,6168,13,115,2012
"Forsyth County, Georgia",187928,187149,92538,28323,4166,24157,55341,861,54480,8874,658,8216,94611,26840,2457,24383,57128,1143,55985,10643,1625,9018,13,117,2012
"Fulton County, Georgia",977773,969460,470807,116141,43648,72493,317143,18172,298971,37523,5450,32073,498653,111907,38729,73178,332562,28896,303666,54184,11274,42910,13,121,2012
"Glynn County, Georgia",81022,79896,38650,10531,5689,4842,22459,1300,21159,5660,670,4990,41246,8721,4853,3868,25342,4079,21263,7183,1114,6069,13,127,2012
"Gwinnett County, Georgia",842046,836929,409960,121455,35669,85786,260910,8779,252131,27595,3860,23735,426969,116568,34113,82455,273749,11669,262080,36652,6558,30094,13,135,2012
"Hall County, Georgia",185416,183919,92596,26921,10568,16353,55971,2903,53068,9704,919,8785,91323,23853,9813,14040,54813,4873,49940,12657,2655,10002,13,139,2012
"Henry County, Georgia",209053,207453,98790,29711,10601,19110,60711,3173,57538,8368,1415,6953,108663,28113,10688,17425,69582,5060,64522,10968,1436,9532,13,151,2012
"Houston County, Georgia",146136,143245,68092,19293,7067,12226,42370,2827,39543,6429,703,5726,75153,18692,7342,11350,47314,5377,41937,9147,1508,7639,13,153,2012
"Liberty County, Georgia",65471,59372,27015,9459,2510,6949,15807,716,15091,1749,434,1315,32357,9695,2858,6837,20309,1198,19111,2353,627,1726,13,179,2012
"Lowndes County, Georgia",114552,109104,51927,13829,6203,7626,33529,2757,30772,4569,610,3959,57177,13010,5371,7639,37649,4466,33183,6518,956,5562,13,185,2012
"Muscogee County, Georgia",198413,184137,84469,26313,11223,15090,49486,6128,43358,8670,1532,7138,99668,23951,10634,13317,62537,8371,54166,13180,3288,9892,13,215,2012
"Newton County, Georgia",101505,100556,48110,14769,7864,6905,28487,2892,25595,4854,762,4092,52446,13410,6158,7252,32750,4070,28680,6286,1587,4699,13,217,2012
"Paulding County, Georgia",144800,143766,70037,21670,4599,17071,42792,1795,40997,5575,598,4977,73729,20623,6364,14259,46081,3151,42930,7025,1190,5835,13,223,2012
"Richmond County, Georgia",202587,192287,89753,24431,14744,9687,55496,7177,48319,9826,1790,8036,102534,24549,12975,11574,64162,9675,54487,13823,2204,11619,13,245,2012
"Rockdale County, Georgia",85820,85139,39828,10575,3689,6886,24924,1580,23344,4329,464,3865,45311,11626,3116,8510,28108,2754,25354,5577,663,4914,13,247,2012
"Troup County, Georgia",68468,67064,32337,9703,4843,4860,19245,1382,17863,3389,630,2759,34727,8083,2237,5846,21582,3380,18202,5062,1070,3992,13,285,2012
"Walker County, Georgia",68094,66794,32636,7814,4732,3082,20376,2296,18080,4446,513,3933,34158,7850,3338,4512,20288,3102,17186,6020,1081,4939,13,295,2012
"Walton County, Georgia",84575,83874,39482,10479,4433,6046,24061,2158,21903,4942,704,4238,44392,11970,4082,7888,26028,2729,23299,6394,1399,4995,13,297,2012
"Whitfield County, Georgia",103359,102610,51566,15269,8613,6656,30928,1623,29305,5369,1259,4110,51044,13572,6113,7459,30574,2390,28184,6898,1374,5524,13,313,2012
"Hawaii County, Hawaii",189191,188477,94637,21762,9778,11984,58731,9231,49500,14144,1271,12873,93840,20286,9611,10675,57857,12440,45417,15697,1867,13830,15,001,2012
"Honolulu County, Hawaii",976372,929206,452525,107254,29655,77599,282948,27505,255443,62323,7544,54779,476681,102752,28358,74394,292745,34226,258519,81184,12360,68824,15,003,2012
"Kauai County, Hawaii",68434,67692,34019,8058,2809,5249,21231,2343,18888,4730,81,4649,33673,6940,2633,4307,21061,3337,17724,5672,567,5105,15,007,2012
"Maui County, Hawaii",158226,156245,77888,18001,6260,11741,49758,5414,44344,10129,894,9235,78357,17512,6541,10971,49226,6941,42285,11619,1680,9939,15,009,2012
"Ada County, Idaho",409061,403489,200573,53689,11258,42431,126399,6946,119453,20485,1383,19102,202916,51261,13268,37993,126207,7760,118447,25448,3221,22227,16,001,2012
"Bannock County, Idaho",83800,82608,41759,11869,3935,7934,25555,2485,23070,4335,499,3836,40849,10367,3947,6420,25231,2453,22778,5251,462,4789,16,005,2012
"Bonneville County, Idaho",106684,105713,52444,17046,5311,11735,30201,1884,28317,5197,740,4457,53269,16328,4853,11475,30475,2324,28151,6466,564,5902,16,019,2012
"Canyon County, Idaho",193888,192349,94736,30591,13607,16984,54250,4916,49334,9895,1420,8475,97613,28796,14234,14562,56575,7743,48832,12242,2105,10137,16,027,2012
"Kootenai County, Idaho",142357,141256,69611,17788,6317,11471,41548,4303,37245,10275,421,9854,71645,16055,7405,8650,44356,4268,40088,11234,1404,9830,16,055,2012
"Twin Falls County, Idaho",78595,77524,37612,10800,3852,6948,21964,1444,20520,4848,616,4232,39912,10467,4613,5854,23290,2410,20880,6155,684,5471,16,083,2012
"Adams County, Illinois",67197,66024,32256,7843,3315,4528,19386,1670,17716,5027,387,4640,33768,7451,2828,4623,20092,4579,15513,6225,640,5585,17,001,2012
"Champaign County, Illinois",203276,201539,100586,19636,7858,11778,72125,3206,68919,8825,648,8177,100953,19219,8921,10298,70050,6921,63129,11684,916,10768,17,019,2012
"Cook County, Illinois",5231351,5190308,2515960,616823,301224,315599,1638048,126923,1511125,261089,35381,225708,2674348,597314,288395,308919,1711187,248118,1463069,365847,65349,300498,17,031,2012
"DeKalb County, Illinois",104704,103772,50567,10617,4073,6544,35293,1676,33617,4657,334,4323,53205,12219,4463,7756,35405,2968,32437,5581,576,5005,17,037,2012
"DuPage County, Illinois",927987,922273,453192,113172,25929,87243,291046,13526,277520,48974,3059,45915,469081,109132,24603,84529,297126,22222,274904,62823,6505,56318,17,043,2012
"Kane County, Illinois",522487,519421,258887,75297,30638,44659,159217,9144,150073,24373,2295,22078,260534,71939,29501,42438,158414,15729,142685,30181,2728,27453,17,089,2012
"Kankakee County, Illinois",113040,110976,54169,13587,5951,7636,34151,3097,31054,6431,350,6081,56807,13807,5914,7893,34923,6996,27927,8077,835,7242,17,091,2012
"Kendall County, Illinois",118105,117888,59431,19125,3268,15857,35762,1091,34671,4544,472,4072,58457,16575,2991,13584,37012,2821,34191,4870,847,4023,17,093,2012
"Lake County, Illinois",702120,687043,339501,94530,28556,65974,210865,12440,198425,34106,2833,31273,347542,90065,28196,61869,214959,17702,197257,42518,3726,38792,17,097,2012
"LaSalle County, Illinois",112973,110518,54863,12855,6302,6553,34184,3301,30883,7824,818,7006,55655,12509,5983,6526,32884,5952,26932,10262,1313,8949,17,099,2012
"McHenry County, Illinois",308145,306910,152183,40993,9403,31590,95677,3888,91789,15513,813,14700,154727,39577,6920,32657,96839,6551,90288,18311,1207,17104,17,111,2012
"McLean County, Illinois",172281,170982,82861,19304,5905,13399,55810,2563,53247,7747,636,7111,88121,18692,6225,12467,59254,5178,54076,10175,768,9407,17,113,2012
"Macon County, Illinois",110122,107912,52479,13151,6860,6291,31522,3502,28020,7806,369,7437,55433,11564,6145,5419,34058,7644,26414,9811,1135,8676,17,115,2012
"Madison County, Illinois",267883,264821,129780,31146,12152,18994,81637,7471,74166,16997,589,16408,135041,28679,10470,18209,84382,14871,69511,21980,1306,20674,17,119,2012
"Peoria County, Illinois",187254,185084,88790,22325,10024,12301,55207,4644,50563,11258,1031,10227,96294,22411,10093,12318,59158,8834,50324,14725,1549,13176,17,143,2012
"Rock Island County, Illinois",147457,145318,70533,16773,8431,8342,43477,3628,39849,10283,866,9417,74785,16176,7753,8423,44871,7435,37436,13738,2079,11659,17,161,2012
"St. Clair County, Illinois",268858,263086,125751,33928,14418,19510,77910,8065,69845,13913,1409,12504,137335,32540,15183,17357,84916,16563,68353,19879,2518,17361,17,163,2012
"Sangamon County, Illinois",199271,196988,95207,24096,8413,15683,59560,6021,53539,11551,1261,10290,101781,21919,8727,13192,64205,8412,55793,15657,1227,14430,17,167,2012
"Tazewell County, Illinois",135949,133882,65840,16380,5483,10897,39974,2593,37381,9486,732,8754,68042,15106,4320,10786,41462,4874,36588,11474,2259,9215,17,179,2012
"Vermilion County, Illinois",80727,78739,38293,9919,4585,5334,22588,2769,19819,5786,443,5343,40446,9727,3600,6127,23565,4953,18612,7154,736,6418,17,183,2012
"Will County, Illinois",682518,677168,335180,97502,24341,73161,207444,10965,196479,30234,2761,27473,341988,92762,25107,67655,211546,20967,190579,37680,4675,33005,17,197,2012
"Williamson County, Illinois",66674,65102,31792,7564,2096,5468,19542,2168,17374,4686,536,4150,33310,6877,2729,4148,19978,3790,16188,6455,997,5458,17,199,2012
"Winnebago County, Illinois",292069,288962,141158,36330,16019,20311,86730,8989,77741,18098,1147,16951,147804,34689,16417,18272,90003,16145,73858,23112,3170,19942,17,201,2012
"Allen County, Indiana",360412,356947,173787,48348,16567,31781,106685,7697,98988,18754,996,17758,183160,47289,15657,31632,111367,12019,99348,24504,3005,21499,18,003,2012
"Bartholomew County, Indiana",79129,78297,37968,9130,2441,6689,24071,1089,22982,4767,476,4291,40329,10203,3125,7078,23734,1725,22009,6392,873,5519,18,005,2012
"Clark County, Indiana",111951,110475,52823,12754,3761,8993,33584,2486,31098,6485,715,5770,57652,13552,3573,9979,35596,2820,32776,8504,1110,7394,18,019,2012
"Delaware County, Indiana",117364,115759,55000,11354,3647,7707,36129,3482,32647,7517,1003,6514,60759,11562,5178,6384,39467,4714,34753,9730,1205,8525,18,035,2012
"Elkhart County, Indiana",199619,197138,97593,28561,10736,17825,58338,3748,54590,10694,661,10033,99545,27236,8896,18340,58724,7251,51473,13585,1269,12316,18,039,2012
"Floyd County, Indiana",75283,74288,36170,8767,2122,6645,23099,1400,21699,4304,432,3872,38118,8699,2285,6414,24111,2177,21934,5308,545,4763,18,043,2012
"Grant County, Indiana",69330,68312,33646,8046,2290,5756,20303,1758,18545,5297,727,4570,34666,6813,2364,4449,21822,2491,19331,6031,1140,4891,18,053,2012
"Hamilton County, Indiana",289495,288123,139735,42297,3853,38444,85902,2097,83805,11536,630,10906,148388,42069,4522,37547,92250,3243,89007,14069,699,13370,18,057,2012
"Hancock County, Indiana",70933,70133,34187,9375,2006,7369,20443,1360,19083,4369,155,4214,35946,8571,1490,7081,22347,1698,20649,5028,561,4467,18,059,2012
"Hendricks County, Indiana",150434,148422,73980,20068,2953,17115,46446,1761,44685,7466,420,7046,74442,18991,3073,15918,45998,2046,43952,9453,1365,8088,18,063,2012
"Howard County, Indiana",82849,81893,39349,9668,3418,6250,23812,2273,21539,5869,660,5209,42544,9483,3689,5794,25071,3652,21419,7990,915,7075,18,067,2012
"Johnson County, Indiana",143191,140759,68353,19108,3856,15252,41591,1737,39854,7654,397,7257,72406,17742,4761,12981,44390,3412,40978,10274,1059,9215,18,081,2012
"Kosciusko County, Indiana",77609,76853,38220,9875,3355,6520,23579,1304,22275,4766,343,4423,38633,9120,3123,5997,23716,2156,21560,5797,672,5125,18,085,2012
"Lake County, Indiana",493618,489831,236488,63134,26622,36512,145279,12531,132748,28075,3821,24254,253343,60684,28945,31739,154633,21223,133410,38026,4998,33028,18,089,2012
"LaPorte County, Indiana",111246,101769,48860,12731,4569,8162,28613,1869,26744,7516,635,6881,52909,11984,5468,6516,32055,3852,28203,8870,911,7959,18,091,2012
"Madison County, Indiana",130348,124992,60536,15398,8062,7336,36246,3936,32310,8892,1041,7851,64456,13939,5411,8528,39103,6303,32800,11414,1401,10013,18,095,2012
"Marion County, Indiana",918977,909282,437538,117561,51438,66123,280912,31277,249635,39065,5694,33371,471744,112826,52393,60433,301857,46308,255549,57061,9127,47934,18,097,2012
"Monroe County, Indiana",141019,140102,69227,11460,3858,7602,51398,1778,49620,6369,382,5987,70875,11375,3424,7951,51213,3429,47784,8287,564,7723,18,105,2012
"Morgan County, Indiana",69356,68706,34079,8942,3289,5653,20838,1219,19619,4299,82,4217,34627,8272,2084,6188,21104,2567,18537,5251,369,4882,18,109,2012
"Porter County, Indiana",165682,164277,80269,19837,3721,16116,51004,1687,49317,9428,576,8852,84008,18948,3116,15832,53199,3941,49258,11861,939,10922,18,127,2012
"St. Joseph County, Indiana",266344,263890,127733,32738,11788,20950,79964,5782,74182,15031,2124,12907,136157,31327,10383,20944,84232,7917,76315,20598,1918,18680,18,141,2012
"Tippecanoe County, Indiana",177513,175851,89594,18857,5865,12992,63566,2688,60878,7171,350,6821,86257,17542,5426,12116,59517,3972,55545,9198,722,8476,18,157,2012
"Vanderburgh County, Indiana",180858,178083,86297,19948,5626,14322,55423,2898,52525,10926,1244,9682,91786,18619,6436,12183,58685,6238,52447,14482,1505,12977,18,163,2012
"Vigo County, Indiana",108428,104082,50896,11350,5089,6261,33503,3177,30326,6043,900,5143,53186,11341,5095,6246,33377,3382,29995,8468,1273,7195,18,167,2012
"Wayne County, Indiana",68346,67049,32640,8039,3261,4778,19804,2047,17757,4797,343,4454,34409,7556,2995,4561,20572,2997,17575,6281,875,5406,18,177,2012
"Black Hawk County, Iowa",131820,130470,64032,14244,3959,10285,41941,3360,38581,7847,968,6879,66438,13731,4230,9501,42687,4751,37936,10020,1582,8438,19,013,2012
"Dallas County, Iowa",71967,71399,35795,10994,1850,9144,21518,983,20535,3283,266,3017,35604,10033,2186,7847,21836,745,21091,3735,295,3440,19,049,2012
"Dubuque County, Iowa",95097,93850,45988,10961,3285,7676,28904,1571,27333,6123,605,5518,47862,11151,2212,8939,28664,3657,25007,8047,1248,6799,19,061,2012
"Johnson County, Iowa",136317,134615,67088,13874,2914,10960,47884,2237,45647,5330,251,5079,67527,12874,2845,10029,48202,4200,44002,6451,1020,5431,19,103,2012
"Linn County, Iowa",215295,213248,104962,26022,6992,19030,66421,6624,59797,12519,1242,11277,108286,25714,6780,18934,66816,7138,59678,15756,1885,13871,19,113,2012
"Polk County, Iowa",443710,438617,215401,57941,18060,39881,137313,15139,122174,20147,2298,17849,223216,54625,20006,34619,140904,19154,121750,27687,3956,23731,19,153,2012
"Pottawattamie County, Iowa",92913,91747,44609,10797,3752,7045,27831,2554,25277,5981,720,5261,47138,11207,3868,7339,28635,3189,25446,7296,1160,6136,19,155,2012
"Scott County, Iowa",168799,166812,81869,21171,4010,17161,50495,4319,46176,10203,1020,9183,84943,19770,5163,14607,52770,7098,45672,12403,1603,10800,19,163,2012
"Story County, Iowa",91140,90425,47049,8402,1548,6854,34680,1358,33322,3967,285,3682,43376,7270,1404,5866,31099,1548,29551,5007,751,4256,19,169,2012
"Woodbury County, Iowa",102323,101418,50913,14776,6525,8251,30497,2558,27939,5640,765,4875,50505,12077,4598,7479,31095,5545,25550,7333,1530,5803,19,193,2012
"Butler County, Kansas",65827,63899,31559,8346,1743,6603,19551,802,18749,3662,334,3328,32340,8422,1673,6749,19420,1229,18191,4498,400,4098,20,015,2012
"Douglas County, Kansas",112864,112255,55124,9761,2586,7175,40658,1596,39062,4705,255,4450,57131,11185,3082,8103,39992,1737,38255,5954,784,5170,20,045,2012
"Johnson County, Kansas",559913,555199,270867,73562,11183,62379,169693,4192,165501,27612,1459,26153,284332,70478,11422,59056,178046,6017,172029,35808,2619,33189,20,091,2012
"Leavenworth County, Kansas",77739,70363,34366,8759,1856,6903,21801,1452,20349,3806,369,3437,35997,9459,2044,7415,21516,1196,20320,5022,609,4413,20,103,2012
"Riley County, Kansas",75508,67879,33720,7537,1000,6537,23581,978,22603,2602,125,2477,34159,6172,1290,4882,25258,778,24480,2729,448,2281,20,161,2012
"Sedgwick County, Kansas",503889,497511,244576,68240,23418,44822,150023,10334,139689,26313,2511,23802,252935,66604,23027,43577,153517,12394,141123,32814,4874,27940,20,173,2012
"Shawnee County, Kansas",178991,175458,84905,21968,9507,12461,51866,4322,47544,11071,777,10294,90553,21707,6720,14987,53954,4762,49192,14892,1385,13507,20,177,2012
"Wyandotte County, Kansas",159129,157927,77680,22846,12393,10453,47704,3368,44336,7130,1173,5957,80247,22203,12420,9783,48587,6142,42445,9457,1610,7847,20,209,2012
"Boone County, Kentucky",123316,122569,60965,17949,3386,14563,37351,1109,36242,5665,204,5461,61604,16394,2165,14229,38513,2156,36357,6697,1183,5514,21,015,2012
"Bullitt County, Kentucky",75896,75422,37073,9355,1879,7476,23377,949,22428,4341,696,3645,38349,9168,2822,6346,24067,2182,21885,5114,823,4291,21,029,2012
"Campbell County, Kentucky",90908,89744,43478,10274,2700,7574,28184,1721,26463,5020,574,4446,46266,9851,2687,7164,29934,2411,27523,6481,572,5909,21,037,2012
"Christian County, Kentucky",75427,66120,30841,10954,2574,8380,16719,2243,14476,3168,305,2863,35279,9779,2081,7698,21004,1939,19065,4496,488,4008,21,047,2012
"Daviess County, Kentucky",97847,96051,46920,12706,4911,7795,28121,2671,25450,6093,389,5704,49131,11042,3543,7499,29811,4472,25339,8278,999,7279,21,059,2012
"Fayette County, Kentucky",305489,300216,146357,32880,8823,24057,99862,5473,94389,13615,1350,12265,153859,31453,9774,21679,103463,8368,95095,18943,2374,16569,21,067,2012
"Hardin County, Kentucky",107025,99389,46018,13405,3525,9880,27673,1754,25919,4940,423,4517,53371,13525,4349,9176,33466,3386,30080,6380,968,5412,21,093,2012
"Jefferson County, Kentucky",750828,742346,358166,88222,34161,54061,228411,17411,211000,41533,5460,36073,384180,83472,33198,50274,241658,27495,214163,59050,8946,50104,21,111,2012
"Kenton County, Kentucky",161711,160377,78961,20092,6173,13919,51084,3395,47689,7785,938,6847,81416,19905,6912,12993,51386,4669,46717,10125,1324,8801,21,117,2012
"McCracken County, Kentucky",65549,64445,30713,7309,2926,4383,18816,1007,17809,4588,364,4224,33732,6991,2881,4110,20608,2730,17878,6133,502,5631,21,145,2012
"Madison County, Kentucky",84786,83993,41079,9543,5075,4468,27434,2508,24926,4102,513,3589,42914,8472,3177,5295,28908,2944,25964,5534,747,4787,21,151,2012
"Pike County, Kentucky",64178,63474,31149,7121,3637,3484,20033,3736,16297,3995,1036,2959,32325,6889,3986,2903,20184,5192,14992,5252,1175,4077,21,195,2012
"Warren County, Kentucky",117110,115881,55701,12881,4651,8230,37198,3365,33833,5622,452,5170,60180,13371,6590,6781,39446,4406,35040,7363,899,6464,21,227,2012
"Ascension Parish, Louisiana",112286,111389,54946,17214,5891,11323,33100,1782,31318,4632,294,4338,56443,14743,4683,10060,36059,3650,32409,5641,873,4768,22,005,2012
"Bossier Parish, Louisiana",122197,118071,56730,15784,7017,8767,34917,1435,33482,6029,858,5171,61341,15166,6162,9004,38152,3096,35056,8023,847,7176,22,015,2012
"Caddo Parish, Louisiana",257093,251753,118966,32527,18266,14261,72111,7849,64262,14328,1592,12736,132787,30635,17778,12857,81841,14318,67523,20311,4185,16126,22,017,2012
"Calcasieu Parish, Louisiana",194493,192012,92965,25047,12583,12464,56967,4878,52089,10951,969,9982,99047,23599,9999,13600,61259,8188,53071,14189,1789,12400,22,019,2012
"East Baton Rouge Parish, Louisiana",444526,441341,211775,51422,24203,27219,139142,10111,129031,21211,2065,19146,229566,50147,28016,22131,150031,18826,131205,29388,5208,24180,22,033,2012
"Iberia Parish, Louisiana",73999,73172,35492,9991,4579,5412,21309,1461,19848,4192,441,3751,37680,9831,5944,3887,22777,4324,18453,5072,955,4117,22,045,2012
"Jefferson Parish, Louisiana",433676,430603,208290,48349,24556,23793,134038,12540,121498,25903,3235,22668,222313,47743,23729,24014,139473,20695,118778,35097,6966,28131,22,051,2012
"Lafayette Parish, Louisiana",227055,224601,110214,28658,13818,14840,71453,3917,67536,10103,687,9416,114387,26254,11628,14626,75111,8869,66242,13022,2012,11010,22,055,2012
"Lafourche Parish, Louisiana",97029,96240,46835,11579,5610,5969,29370,2306,27064,5886,530,5356,49405,11690,5630,6060,30379,3676,26703,7336,1452,5884,22,057,2012
"Livingston Parish, Louisiana",131942,130982,64177,18278,9305,8973,39346,2167,37179,6553,337,6216,66805,17201,6751,10450,41741,4375,37366,7863,1363,6500,22,063,2012
"Orleans Parish, Louisiana",369250,363448,172842,39949,22316,17633,115750,15842,99908,17143,4390,12753,190606,39054,22681,16373,127731,25633,102098,23821,6500,17321,22,071,2012
"Ouachita Parish, Louisiana",155363,148890,68801,20642,7532,13110,40153,2962,37191,8006,955,7051,80089,19746,8397,11349,49341,6993,42348,11002,1914,9088,22,073,2012
"Rapides Parish, Louisiana",132373,129206,61435,17796,10131,7665,36060,5208,30852,7579,1821,5758,67771,16710,9010,7700,40932,6663,34269,10129,2753,7376,22,079,2012
"St. Landry Parish, Louisiana",83662,82577,39493,11518,5927,5591,23123,2834,20289,4852,486,4366,43084,11447,4638,6809,25378,4009,21369,6259,1368,4891,22,097,2012
"St. Tammany Parish, Louisiana",239453,237169,114395,29727,12587,17140,70121,4379,65742,14547,939,13608,122774,29845,12514,17331,75159,7228,67931,17770,2174,15596,22,103,2012
"Tangipahoa Parish, Louisiana",123441,122677,59339,15830,8956,6874,37093,3155,33938,6416,1112,5304,63338,15055,7869,7186,39766,6646,33120,8517,1626,6891,22,105,2012
"Terrebonne Parish, Louisiana",111893,110511,53190,13950,7101,6849,33418,2507,30911,5822,808,5014,57321,14714,7135,7579,34700,4617,30083,7907,1343,6564,22,109,2012
"Androscoggin County, Maine",107609,106684,52453,12386,5383,7003,33316,4643,28673,6751,1382,5369,54231,11237,4634,6603,33988,6558,27430,9006,3014,5992,23,001,2012
"Aroostook County, Maine",70868,69792,33832,6664,3567,3097,20945,4250,16695,6223,2096,4127,35960,6920,3589,3331,21495,6745,14750,7545,2560,4985,23,003,2012
"Cumberland County, Maine",283921,280771,136501,29825,10053,19772,88710,9606,79104,17966,1791,16175,144270,27275,7382,19893,93089,12829,80260,23906,3460,20446,23,005,2012
"Kennebec County, Maine",121853,120639,58180,12117,4995,7122,37240,7860,29380,8823,1805,7018,62459,12381,6060,6321,39500,9036,30464,10578,1789,8789,23,011,2012
"Penobscot County, Maine",153746,152101,74533,14850,6927,7923,49198,8992,40206,10485,1912,8573,77568,14410,7571,6839,50702,12682,38020,12456,2990,9466,23,019,2012
"York County, Maine",199005,197632,96586,21415,7610,13805,60651,8997,51654,14520,1462,13058,101046,19652,8104,11548,63637,11828,51809,17757,2613,15144,23,031,2012
"Allegany County, Maryland",74012,68524,33527,6789,3656,3133,21275,2694,18581,5463,577,4886,34997,6255,3161,3094,21175,4721,16454,7567,1331,6236,24,001,2012
"Anne Arundel County, Maryland",550488,529961,256371,63332,14010,49322,162301,7790,154511,30738,1832,28906,273590,61915,12959,48956,173810,13086,160724,37865,4763,33102,24,003,2012
"Baltimore County, Maryland",817455,808726,382498,89900,26440,63460,243063,19835,223228,49535,4866,44669,426228,86922,25038,61884,270451,33035,237416,68855,5204,63651,24,005,2012
"Calvert County, Maryland",89628,88412,44479,12317,2549,9768,27507,1337,26170,4655,357,4298,43933,9836,2950,6886,28422,3249,25173,5675,417,5258,24,009,2012
"Carroll County, Maryland",167217,165199,81508,19900,3102,16798,51147,1976,49171,10461,1255,9206,83691,19017,3252,15765,52167,3588,48579,12507,1167,11340,24,013,2012
"Cecil County, Maryland",101696,100354,49400,12621,4291,8330,30915,4721,26194,5864,426,5438,50954,11779,4033,7746,32453,4777,27676,6722,1078,5644,24,015,2012
"Charles County, Maryland",150592,148432,70738,19109,3742,15367,44820,2238,42582,6809,437,6372,77694,19148,3907,15241,50275,4039,46236,8271,1532,6739,24,017,2012
"Frederick County, Maryland",239582,237306,117216,30166,6942,23224,74482,3365,71117,12568,1339,11229,120090,27907,5903,22004,76892,5557,71335,15291,1852,13439,24,021,2012
"Harford County, Maryland",248622,246068,119728,29319,8235,21084,75685,4834,70851,14724,1607,13117,126340,28977,7615,21362,79399,7769,71630,17964,2432,15532,24,025,2012
"Howard County, Maryland",299430,297159,144205,37573,3963,33610,92078,2842,89236,14554,897,13657,152954,36759,4201,32558,97722,4928,92794,18473,2747,15726,24,027,2012
"Montgomery County, Maryland",1004709,996434,478852,120408,29462,90946,304482,11362,293120,53962,4716,49246,517582,115723,27481,88242,329665,21543,308122,72194,10237,61957,24,031,2012
"Prince George's County, Maryland",881138,873778,419161,103397,40783,62614,278608,20699,257909,37156,4994,32162,454617,99566,37477,62089,304067,33188,270879,50984,7561,43423,24,033,2012
"St. Mary's County, Maryland",108987,106623,52084,13806,2659,11147,32953,2674,30279,5325,166,5159,54539,13869,2919,10950,34689,3788,30901,5981,576,5405,24,037,2012
"Washington County, Maryland",149180,140688,68608,17144,6361,10783,42230,4651,37579,9234,1047,8187,72080,16105,6516,9589,44266,6817,37449,11709,1318,10391,24,043,2012
"Wicomico County, Maryland",100647,99357,47523,11452,5149,6303,30479,3285,27194,5592,823,4769,51834,10720,4172,6548,33813,5806,28007,7301,1043,6258,24,045,2012
"Baltimore city, Maryland",621342,610764,283984,67745,41561,26184,188391,32857,155534,27848,5665,22183,326780,65790,40161,25629,217289,56567,160722,43701,11979,31722,24,510,2012
"Barnstable County, Massachusetts",215423,212934,101671,18236,5628,12608,58702,10041,48661,24733,3076,21657,111263,17333,4330,13003,62564,11933,50631,31366,2823,28543,25,001,2012
"Berkshire County, Massachusetts",130016,127773,61242,12177,4250,7927,38517,8975,29542,10548,1269,9279,66531,11767,4328,7439,41159,11030,30129,13605,2150,11455,25,003,2012
"Bristol County, Massachusetts",551082,544045,263909,60921,24001,36920,169289,37260,132029,33699,5638,28061,280136,58150,22044,36106,177129,45502,131627,44857,10320,34537,25,005,2012
"Essex County, Massachusetts",755618,747702,359314,86918,31751,55167,226647,40804,185843,45749,7807,37942,388388,82801,30871,51930,243638,57915,185723,61949,13761,48188,25,009,2012
"Franklin County, Massachusetts",71540,70772,34220,6938,2398,4540,22313,5155,17158,4969,721,4248,36552,6560,2527,4033,23695,5215,18480,6297,881,5416,25,011,2012
"Hampden County, Massachusetts",465923,460416,222055,54991,32082,22909,139318,34349,104969,27746,5904,21842,238361,52276,25892,26384,147694,48146,99548,38391,8243,30148,25,013,2012
"Hampshire County, Massachusetts",159795,158399,74261,12940,4145,8795,52238,6946,45292,9083,1083,8000,84138,12033,2935,9098,60142,6930,53212,11963,1250,10713,25,015,2012
"Middlesex County, Massachusetts",1537215,1522473,739807,162738,35653,127085,491433,59405,432028,85636,11002,74634,782666,157120,33946,123174,509720,72021,437699,115826,19491,96335,25,017,2012
"Norfolk County, Massachusetts",681845,672348,319648,75623,12932,62691,202113,25357,176756,41912,5209,36703,352700,73505,12277,61228,222046,30509,191537,57149,10259,46890,25,021,2012
"Plymouth County, Massachusetts",499759,491339,237662,59146,17381,41765,146396,22769,123627,32120,4924,27196,253677,56172,12726,43446,157195,28482,128713,40310,7422,32888,25,023,2012
"Suffolk County, Massachusetts",744426,737023,355128,67027,36206,30821,256581,54236,202345,31520,8749,22771,381895,64722,33303,31419,271765,73834,197931,45408,13758,31650,25,025,2012
"Worcester County, Massachusetts",806163,794437,390652,93321,30745,62576,252251,43348,208903,45080,6394,38686,403785,89034,26457,62577,257462,56932,200530,57289,10739,46550,25,027,2012
"Allegan County, Michigan",112039,111353,55467,14598,5815,8783,33616,3365,30251,7253,883,6370,55886,14069,5175,8894,33521,5455,28066,8296,986,7310,26,005,2012
"Bay County, Michigan",106935,105950,51227,11543,3815,7728,32030,4446,27584,7654,563,7091,54723,11586,4744,6842,32795,5335,27460,10342,1881,8461,26,017,2012
"Berrien County, Michigan",156067,154647,75581,18411,8492,9919,45959,5366,40593,11211,1216,9995,79066,17442,7437,10005,47091,8596,38495,14533,2096,12437,26,021,2012
"Calhoun County, Michigan",135099,133493,65115,16143,7553,8590,40138,5466,34672,8834,1416,7418,68378,15751,5433,10318,41470,7617,33853,11157,1667,9490,26,025,2012
"Clinton County, Michigan",76001,75386,37284,9537,2747,6790,22726,1348,21378,5021,186,4835,38102,8645,2879,5766,23692,2148,21544,5765,457,5308,26,037,2012
"Eaton County, Michigan",108008,107389,51743,11687,2965,8722,32929,2216,30713,7127,791,6336,55646,12395,3606,8789,34780,3020,31760,8471,679,7792,26,045,2012
"Genesee County, Michigan",418408,415425,199966,51347,25875,25472,122522,23953,98569,26097,3640,22457,215459,49498,24399,25099,132052,32197,99855,33909,5011,28898,26,049,2012
"Grand Traverse County, Michigan",89112,87385,42660,9667,3702,5965,27049,1642,25407,5944,404,5540,44725,9249,3342,5907,27842,3417,24425,7634,576,7058,26,055,2012
"Ingham County, Michigan",281723,279974,135029,28657,13946,14711,93136,12372,80764,13236,1182,12054,144945,28368,12821,15547,98913,18359,80554,17664,1980,15684,26,065,2012
"Isabella County, Michigan",70617,69750,33198,5877,2780,3097,24345,2151,22194,2976,295,2681,36552,6563,3123,3440,26159,3206,22953,3830,668,3162,26,073,2012
"Jackson County, Michigan",160309,152447,75303,19354,8503,10851,45911,5939,39972,10038,962,9076,77144,17085,8402,8683,46984,8452,38532,13075,2235,10840,26,075,2012
"Kalamazoo County, Michigan",254580,252654,124284,28888,11697,17191,81363,8459,72904,14033,1096,12937,128370,27100,10121,16979,83678,12008,71670,17592,2211,15381,26,077,2012
"Kent County, Michigan",614462,610477,299477,80617,31868,48749,189340,14740,174600,29520,3226,26294,311000,77216,31506,45710,194291,29076,165215,39493,6409,33084,26,081,2012
"Lapeer County, Michigan",88173,86679,43364,10562,3994,6568,26915,2222,24693,5887,336,5551,43315,9785,4006,5779,26851,3193,23658,6679,827,5852,26,087,2012
"Lenawee County, Michigan",98987,95813,47584,11512,5186,6326,29481,2645,26836,6591,592,5999,48229,10395,4611,5784,29425,3760,25665,8409,760,7649,26,091,2012
"Livingston County, Michigan",182838,182034,90686,22544,3550,18994,56992,2706,54286,11150,683,10467,91348,21354,2987,18367,57209,3454,53755,12785,1409,11376,26,093,2012
"Macomb County, Michigan",847383,841091,408607,97300,31598,65702,258786,20669,238117,52521,5471,47050,432484,92009,29685,62324,269157,33345,235812,71318,9060,62258,26,099,2012
"Marquette County, Michigan",67906,65761,32516,6489,1631,4858,21546,2156,19390,4481,380,4101,33245,5932,1725,4207,21804,2686,19118,5509,635,4874,26,103,2012
"Midland County, Michigan",83822,83274,41099,9294,2523,6771,26253,2380,23873,5552,562,4990,42175,9436,2869,6567,25940,2830,23110,6799,792,6007,26,111,2012
"Monroe County, Michigan",151048,150183,73748,17284,4790,12494,46984,3788,43196,9480,934,8546,76435,17887,4274,13613,46854,6477,40377,11694,1345,10349,26,115,2012
"Muskegon County, Michigan",170182,165039,79720,21304,11535,9769,48484,6786,41698,9932,992,8940,85319,20127,10392,9735,51707,11939,39768,13485,2093,11392,26,121,2012
"Oakland County, Michigan",1220657,1214926,589382,141413,34855,106558,374410,24333,350077,73559,7223,66336,625544,134636,34501,100135,394811,34215,360596,96097,10924,85173,26,125,2012
"Ottawa County, Michigan",269099,267838,131852,34974,10722,24252,81764,4021,77743,15114,1926,13188,135986,33291,9926,23365,84810,6989,77821,17885,1663,16222,26,139,2012
"Saginaw County, Michigan",198353,195037,93630,22927,9678,13249,57203,10086,47117,13500,1363,12137,101407,21729,10106,11623,62206,13046,49160,17472,2532,14940,26,145,2012
"St. Clair County, Michigan",160644,159475,78810,18855,8214,10641,48863,5910,42953,11092,1141,9951,80665,17493,8214,9279,49805,8290,41515,13367,1951,11416,26,147,2012
"Shiawassee County, Michigan",69232,68783,34122,8244,3638,4606,21097,2854,18243,4781,352,4429,34661,7619,2799,4820,21125,3717,17408,5917,656,5261,26,155,2012
"Van Buren County, Michigan",75454,74995,36915,9253,4495,4758,22585,3211,19374,5077,675,4402,38080,9424,4875,4549,22576,3739,18837,6080,765,5315,26,159,2012
"Washtenaw County, Michigan",350946,348235,171298,36190,9203,26987,118275,9086,109189,16833,1579,15254,176937,33722,8260,25462,122016,12170,109846,21199,2884,18315,26,161,2012
"Wayne County, Michigan",1792365,1779900,855623,223392,117324,106068,536704,88025,448679,95527,16151,79376,924277,214907,114492,100415,574911,130532,444379,134459,26775,107684,26,163,2012
"Anoka County, Minnesota",336414,334205,166743,42845,8967,33878,107918,9137,98781,15980,1120,14860,167462,41275,8968,32307,106151,10501,95650,20036,1912,18124,27,003,2012
"Blue Earth County, Minnesota",65091,64570,32769,6832,2699,4133,22672,1998,20674,3265,208,3057,31801,5706,1062,4644,21752,2723,19029,4343,586,3757,27,013,2012
"Carver County, Minnesota",93707,93458,46418,13744,1332,12412,28857,1431,27426,3817,209,3608,47040,13531,2157,11374,28780,2043,26737,4729,373,4356,27,019,2012
"Dakota County, Minnesota",405088,403154,198112,52615,11270,41345,126714,7684,119030,18783,1086,17697,205042,50380,9066,41314,129874,11352,118522,24788,2037,22751,27,037,2012
"Hennepin County, Minnesota",1184576,1175049,577863,135556,38844,96712,384239,35971,348268,58068,6055,52013,597186,130542,36701,93841,389473,51079,338394,77171,9804,67367,27,053,2012
"Olmsted County, Minnesota",147066,144922,69466,18250,4236,14014,43486,3946,39540,7730,364,7366,75456,18420,4017,14403,46426,4932,41494,10610,1510,9100,27,109,2012
"Ramsey County, Minnesota",520152,515634,250909,62047,24226,37821,161793,20361,141432,27069,2165,24904,264725,59002,20816,38186,170384,28534,141850,35339,3612,31727,27,123,2012
"St. Louis County, Minnesota",200319,196584,98057,19354,5323,14031,64704,8430,56274,13999,1556,12443,98527,19068,5918,13150,61928,10357,51571,17531,2402,15129,27,137,2012
"Scott County, Minnesota",135152,133823,67330,20627,1154,19473,41552,1409,40143,5151,528,4623,66493,18921,1245,17676,41240,2402,38838,6332,389,5943,27,139,2012
"Sherburne County, Minnesota",89455,87656,44837,13205,2261,10944,28022,1807,26215,3610,233,3377,42819,12252,1413,10839,26563,1963,24600,4004,117,3887,27,141,2012
"Blount County, Tennessee",124177,122686,58885,13698,4566,9132,35846,3757,32089,9341,687,8654,63801,13297,5365,7932,39157,5397,33760,11347,1333,10014,47,009,2012
"Bradley County, Tennessee",101134,100197,48424,11619,4619,7000,30321,3476,26845,6484,800,5684,51773,11222,5553,5669,32331,6173,26158,8220,1898,6322,47,011,2012
"Davidson County, Tennessee",648295,639381,308023,71615,30851,40764,208237,14409,193828,28171,3627,24544,331358,69174,29144,40030,222594,28256,194338,39590,6889,32701,47,037,2012
"Greene County, Tennessee",68819,67650,33124,7022,3057,3965,20694,2546,18148,5408,625,4783,34526,6337,3549,2788,21311,4866,16445,6878,1109,5769,47,059,2012
"Hamilton County, Tennessee",345545,341926,164439,37857,13732,24125,104899,10079,94820,21683,2486,19197,177487,35864,12322,23542,111376,12852,98524,30247,4635,25612,47,065,2012
"Knox County, Tennessee",441311,438037,212695,48181,15064,33117,139374,9180,130194,25140,2420,22720,225342,46062,16037,30025,145486,17231,128255,33794,4175,29619,47,093,2012
"Madison County, Tennessee",98656,97525,46019,11763,5057,6706,28631,2853,25778,5625,805,4820,51506,11517,4703,6814,32239,5736,26503,7750,1334,6416,47,113,2012
"Maury County, Tennessee",81990,80763,38605,9780,4115,5665,24140,3068,21072,4685,57,4628,42158,9943,5442,4501,26046,4953,21093,6169,982,5187,47,119,2012
"Montgomery County, Tennessee",184468,170908,78931,24875,7037,17838,47646,3328,44318,6410,459,5951,91977,25043,8007,17036,58971,6455,52516,7963,833,7130,47,125,2012
"Putnam County, Tennessee",73229,72497,35657,7897,3707,4190,23099,1878,21221,4661,685,3976,36840,7581,3695,3886,23054,3531,19523,6205,827,5378,47,141,2012
"Robertson County, Tennessee",66931,66261,32906,9179,2854,6325,20030,823,19207,3697,246,3451,33355,7870,2461,5409,20626,2716,17910,4859,689,4170,47,147,2012
"Rutherford County, Tennessee",274454,272190,134624,36244,12145,24099,87662,4482,83180,10718,1413,9305,137566,34011,10533,23478,90244,9957,80287,13311,1937,11374,47,149,2012
"Sevier County, Tennessee",92512,91611,45728,10590,4363,6227,28134,2211,25923,7004,623,6381,45883,8785,3472,5313,28777,3583,25194,8321,1510,6811,47,155,2012
"Shelby County, Tennessee",940764,928967,440123,122773,50030,72743,277172,26360,250812,40178,4983,35195,488844,119280,50703,68577,311060,51106,259954,58504,9898,48606,47,157,2012
"Sullivan County, Tennessee",156786,154855,73889,16053,6226,9827,44843,4617,40226,12993,1068,11925,80966,15773,6661,9112,48306,8184,40122,16887,2430,14457,47,163,2012
"Sumner County, Tennessee",166123,164403,79242,20875,5780,15095,48461,3312,45149,9906,1312,8594,85161,19940,5149,14791,52274,6656,45618,12947,2059,10888,47,165,2012
"Washington County, Tennessee",125094,123311,59967,12309,5417,6892,38585,3492,35093,9073,767,8306,63344,12635,4506,8129,40482,5060,35422,10227,1780,8447,47,179,2012
"Williamson County, Tennessee",192911,192181,93839,28360,3507,24853,56682,1814,54868,8797,556,8241,98342,26162,2967,23195,60925,1808,59117,11255,1120,10135,47,187,2012
"Wilson County, Tennessee",118961,117884,56880,14447,2830,11617,34790,1938,32852,7643,691,6952,61004,14390,2276,12114,37846,3447,34399,8768,981,7787,47,189,2012
"Angelina County, Texas",87597,85323,40887,11623,6253,5370,23705,2940,20765,5559,744,4815,44436,11584,5811,5773,26094,5256,20838,6758,1029,5729,48,005,2012
"Bastrop County, Texas",74763,72663,36917,10287,3499,6788,22637,1168,21469,3993,450,3543,35746,8965,4429,4536,22052,1391,20661,4729,627,4102,48,021,2012
"Bell County, Texas",323037,298573,139900,46066,13212,32854,81358,5061,76297,12476,1589,10887,158673,43374,10414,32960,99491,7069,92422,15808,3822,11986,48,027,2012
"Bexar County, Texas",1785704,1756117,855342,240777,105331,135446,534493,42300,492193,80072,12640,67432,900775,231764,104200,127564,562238,62487,499751,106773,23311,83462,48,029,2012
"Bowie County, Texas",93148,87827,42149,11420,5546,5874,25346,2079,23267,5383,574,4809,45678,10795,3916,6879,27304,2542,24762,7579,1472,6107,48,037,2012
"Brazoria County, Texas",324769,315189,154220,43746,13482,30264,96322,3427,92895,14152,1576,12576,160969,43915,13733,30182,99538,6267,93271,17516,2337,15179,48,039,2012
"Brazos County, Texas",200665,197102,99623,21218,7235,13983,71673,2990,68683,6732,637,6095,97479,20041,7355,12686,68970,4289,64681,8468,1188,7280,48,041,2012
"Cameron County, Texas",415557,412763,198620,68528,46168,22360,109221,10262,98959,20871,6068,14803,214143,65607,43211,22396,122010,13885,108125,26526,10272,16254,48,061,2012
"Collin County, Texas",834642,831611,409306,118664,17113,101551,258534,7381,251153,32108,2486,29622,422305,113108,17501,95607,269989,10161,259828,39208,3566,35642,48,085,2012
"Comal County, Texas",114384,113358,55197,13055,4044,9011,33498,1536,31962,8644,541,8103,58161,12897,4053,8844,35587,2075,33512,9677,962,8715,48,091,2012
"Coryell County, Texas",77231,59542,26668,10413,2362,8051,13704,1438,12266,2551,95,2456,32874,10185,1649,8536,19444,1784,17660,3245,356,2889,48,099,2012
"Dallas County, Texas",2453843,2432307,1200075,341197,166315,174882,765617,50217,715400,93261,13122,80139,1232232,328569,167841,160728,778396,78386,700010,125267,20428,104839,48,113,2012
"Denton County, Texas",707304,703424,346122,97451,20801,76650,224597,5763,218834,24074,1921,22153,357302,92863,19415,73448,235451,10397,225054,28988,4290,24698,48,121,2012
"Ector County, Texas",144325,142953,71400,21983,6742,15241,43293,2055,41238,6124,879,5245,71553,19345,6694,12651,44235,3220,41015,7973,1508,6465,48,135,2012
"Ellis County, Texas",153969,152664,75595,22311,7785,14526,45825,2049,43776,7459,516,6943,77069,20763,6281,14482,47566,3074,44492,8740,1305,7435,48,139,2012
"El Paso County, Texas",827398,803015,381764,122935,63764,59171,222742,19233,203509,36087,9125,26962,421251,119366,55989,63377,252040,26720,225320,49845,16529,33316,48,141,2012
"Fort Bend County, Texas",627293,622347,304126,90904,16512,74392,189408,6502,182906,23814,2850,20964,318221,86892,19792,67100,203162,8428,194734,28167,4880,23287,48,157,2012
"Galveston County, Texas",300484,296967,147088,38700,11965,26735,91906,5451,86455,16482,1632,14850,149879,36140,12446,23694,94706,6279,88427,19033,3176,15857,48,167,2012
"Grayson County, Texas",121935,120702,58543,14467,6204,8263,35465,3337,32128,8611,885,7726,62159,14223,7189,7034,37690,4063,33627,10246,1407,8839,48,181,2012
"Gregg County, Texas",122658,120927,59145,15621,6760,8861,36826,2838,33988,6698,459,6239,61782,15481,6998,8483,36906,4348,32558,9395,1217,8178,48,183,2012
"Guadalupe County, Texas",139841,137829,68302,19849,4403,15446,40770,2044,38726,7683,1321,6362,69527,17369,4266,13103,43300,1804,41496,8858,1903,6955,48,187,2012
"Harris County, Texas",4253700,4233300,2105175,597747,261858,335889,1348041,101914,1246127,159387,24822,134565,2128125,573344,259406,313938,1350444,147584,1202860,204337,39145,165192,48,201,2012
"Harrison County, Texas",67450,66880,33280,9306,2926,6380,19567,1900,17667,4407,630,3777,33600,7904,3113,4791,20589,1635,18954,5107,928,4179,48,203,2012
"Hays County, Texas",168990,167464,83175,21270,6202,15068,54894,923,53971,7011,580,6431,84289,19545,5784,13761,56852,3249,53603,7892,808,7084,48,209,2012
"Henderson County, Texas",79094,78258,37483,8641,4299,4342,22009,2707,19302,6833,520,6313,40775,9074,5116,3958,23277,3475,19802,8424,1134,7290,48,213,2012
"Hidalgo County, Texas",806552,798717,387599,139925,83527,56398,212867,14165,198702,34807,11831,22976,411118,135250,80627,54623,233561,23657,209904,42307,17360,24947,48,215,2012
"Hunt County, Texas",87079,86221,42842,11138,4286,6852,26284,1843,24441,5420,395,5025,43379,9972,4118,5854,26505,3309,23196,6902,718,6184,48,231,2012
"Jefferson County, Texas",251813,237252,115307,30364,14325,16039,71709,6066,65643,13234,2115,11119,121945,29265,14867,14398,73906,8489,65417,18774,3602,15172,48,245,2012
"Johnson County, Texas",153441,150851,75031,20671,6606,14065,46357,2453,43904,8003,462,7541,75820,20235,7322,12913,45631,4733,40898,9954,1424,8530,48,251,2012
"Kaufman County, Texas",106753,105768,52368,15697,3673,12024,31377,1611,29766,5294,385,4909,53400,14417,5022,9395,32729,2134,30595,6254,1042,5212,48,257,2012
"Liberty County, Texas",76571,70176,36144,10877,5176,5701,21233,1027,20206,4034,764,3270,34032,8515,4132,4383,20601,1670,18931,4916,660,4256,48,291,2012
"Lubbock County, Texas",285760,282005,138832,35054,15425,19629,90410,4331,86079,13368,2183,11185,143173,33527,14777,18750,91962,8765,83197,17684,2731,14953,48,303,2012
"McLennan County, Texas",238707,233963,113136,29953,13055,16898,70443,6030,64413,12740,1780,10960,120827,28648,12703,15945,75356,7083,68273,16823,2859,13964,48,309,2012
"Midland County, Texas",146645,145735,72098,20322,4086,16236,45068,1005,44063,6708,904,5804,73637,19759,4925,14834,44904,2985,41919,8974,1264,7710,48,329,2012
"Montgomery County, Texas",485047,482697,238898,66917,19429,47488,147667,5454,142213,24314,1928,22386,243799,64321,16009,48312,149870,9415,140455,29608,3773,25835,48,339,2012
"Nacogdoches County, Texas",66034,65276,30651,7203,3696,3507,20210,1390,18820,3238,507,2731,34625,8484,4060,4424,21996,2544,19452,4145,801,3344,48,347,2012
"Nueces County, Texas",347691,343401,168411,44703,22252,22451,104589,10788,93801,19119,2998,16121,174990,43091,21241,21850,108055,15506,92549,23844,5044,18800,48,355,2012
"Orange County, Texas",82977,82357,40937,10670,4280,6390,25255,2587,22668,5012,585,4427,41420,10021,4502,5519,25321,2978,22343,6078,682,5396,48,361,2012
"Parker County, Texas",119712,116837,59003,15304,3520,11784,36161,1218,34943,7538,444,7094,57834,13693,3760,9933,36045,2138,33907,8096,824,7272,48,367,2012
"Potter County, Texas",122335,116096,57417,17289,7579,9710,34791,1634,33157,5337,670,4667,58679,16748,6780,9968,34400,3747,30653,7531,1484,6047,48,375,2012
"Randall County, Texas",125082,124271,60730,16180,4147,12033,37996,977,37019,6554,330,6224,63541,14141,3150,10991,40315,2124,38191,9085,774,8311,48,381,2012
"Rockwall County, Texas",83021,82299,39534,11607,1985,9622,24093,605,23488,3834,521,3313,42765,12114,1705,10409,26026,1693,24333,4625,613,4012,48,397,2012
"San Patricio County, Texas",65600,64793,32216,9024,3485,5539,19254,1720,17534,3938,621,3317,32577,8684,3517,5167,19259,2760,16499,4634,776,3858,48,409,2012
"Smith County, Texas",214821,212256,102421,28218,10868,17350,60711,3897,56814,13492,1605,11887,109835,26271,9700,16571,66071,5861,60210,17493,2903,14590,48,423,2012
"Tarrant County, Texas",1880153,1865239,915106,264055,94556,169499,575317,28404,546913,75734,6906,68828,950133,252988,90490,162498,599085,49405,549680,98060,12403,85657,48,439,2012
"Taylor County, Texas",133473,129581,62589,16922,7368,9554,38353,3383,34970,7314,1248,6066,66992,15727,7277,8450,41159,5610,35549,10106,1290,8816,48,441,2012
"Tom Green County, Texas",113281,108137,51914,12893,5355,7538,32022,2290,29732,6999,539,6460,56223,12616,4811,7805,34021,2760,31261,9586,895,8691,48,451,2012
"Travis County, Texas",1095584,1087905,547680,132503,52279,80224,378394,21475,356919,36783,4384,32399,540225,127391,45704,81687,366720,33144,333576,46114,6299,39815,48,453,2012
"Victoria County, Texas",89269,88113,43103,12144,4314,7830,25778,1475,24303,5181,823,4358,45010,11361,4239,7122,26909,2354,24555,6740,1363,5377,48,469,2012
"Walker County, Texas",68408,48649,23104,6931,2329,4602,13241,953,12288,2932,418,2514,25545,3967,1123,2844,18531,1750,16781,3047,182,2865,48,471,2012
"Webb County, Texas",259172,256878,124359,45587,29642,15945,69990,5991,63999,8782,3217,5565,132519,44159,26027,18132,76518,9129,67389,11842,4729,7113,48,479,2012
"Wichita County, Texas",131559,116320,54604,15811,7052,8759,31351,1665,29686,7442,746,6696,61716,14054,5953,8101,38307,3711,34596,9355,1314,8041,48,485,2012
"Williamson County, Texas",456232,452826,222825,65019,14987,50032,138203,5727,132476,19603,1283,18320,230001,61751,13093,48658,143975,6975,137000,24275,2226,22049,48,491,2012
"Cache County, Utah",115520,114803,57027,18163,4098,14065,34394,1185,33209,4470,266,4204,57776,17436,3675,13761,35420,1960,33460,4920,585,4335,49,005,2012
"Davis County, Utah",315809,313026,156541,54902,8564,46338,89002,4771,84231,12637,1197,11440,156485,51662,7390,44272,89960,6701,83259,14863,1262,13601,49,011,2012
"Salt Lake County, Utah",1063842,1056341,529251,156200,32384,123816,330953,16594,314359,42098,4373,37725,527090,149848,32887,116961,324610,22818,301792,52632,7321,45311,49,035,2012
"Utah County, Utah",540504,536800,269583,96580,17734,78846,156367,8891,147476,16636,1422,15214,267217,90570,16628,73942,156669,11780,144889,19978,2117,17861,49,049,2012
"Washington County, Utah",144809,143138,70867,21524,7789,13735,36616,4179,32437,12727,775,11952,72271,20503,6992,13511,37978,4864,33114,13790,838,12952,49,053,2012
"Weber County, Utah",236640,233557,116266,35909,8089,27820,69182,3863,65319,11175,1291,9884,117291,34352,7570,26782,69265,6199,63066,13674,1162,12512,49,057,2012
"Chittenden County, Vermont",158504,157575,77308,15487,4940,10547,53801,7009,46792,8020,1158,6862,80267,14447,4585,9862,55346,7689,47657,10474,1565,8909,50,007,2012
"Albemarle County, Virginia",102251,100873,48747,12247,2358,9889,29939,988,28951,6561,624,5937,52126,9360,1695,7665,34056,2414,31642,8710,1076,7634,51,003,2012
"Arlington County, Virginia",221045,218001,107625,18060,1811,16249,80975,1200,79775,8590,772,7818,110376,17803,3044,14759,81889,1960,79929,10684,1142,9542,51,013,2012
"Augusta County, Virginia",73658,70087,34256,7265,2621,4644,20863,899,19964,6128,212,5916,35831,7120,2103,5017,21923,1133,20790,6788,559,6229,51,015,2012
"Bedford County, Virginia",69590,69354,34097,7400,1179,6221,20708,590,20118,5989,301,5688,35257,7258,1270,5988,21527,1068,20459,6472,331,6141,51,019,2012
"Chesterfield County, Virginia",323856,320846,153455,40758,7998,32760,96084,3968,92116,16613,485,16128,167391,39612,7544,32068,106641,5944,100697,21138,1542,19596,51,041,2012
"Fairfax County, Virginia",1118602,1103966,541880,136425,23012,113413,351280,6869,344411,54175,3991,50184,562086,130146,19000,111146,368238,10198,358040,63702,6356,57346,51,059,2012
"Fauquier County, Virginia",66542,65943,32621,8638,1125,7513,19968,295,19673,4015,214,3801,33322,7558,1141,6417,20593,1052,19541,5171,595,4576,51,061,2012
"Frederick County, Virginia",80317,79117,39084,10069,3115,6954,24010,746,23264,5005,644,4361,40033,9398,1696,7702,24837,901,23936,5798,340,5458,51,069,2012
"Hanover County, Virginia",100668,99812,48480,12205,1554,10651,30213,1333,28880,6062,489,5573,51332,11638,1964,9674,31884,1072,30812,7810,780,7030,51,085,2012
"Henrico County, Virginia",314932,312765,146338,37179,8789,28390,93374,3429,89945,15785,1139,14646,166427,36668,8247,28421,105716,4722,100994,24043,1902,22141,51,087,2012
"James City County, Virginia",68967,67343,32754,7706,1356,6350,18247,249,17998,6801,203,6598,34589,6947,1512,5435,19720,708,19012,7922,302,7620,51,095,2012
"Loudoun County, Virginia",336898,335442,165589,50833,4665,46168,103730,1264,102466,11026,587,10439,169853,49327,3463,45864,107206,1489,105717,13320,1599,11721,51,107,2012
"Montgomery County, Virginia",95194,94598,49037,7756,2437,5319,37204,1460,35744,4077,101,3976,45561,6886,1963,4923,33188,1703,31485,5487,282,5205,51,121,2012
"Prince William County, Virginia",430289,422498,207303,61947,12974,48973,131207,2354,128853,14149,1071,13078,215195,58981,12053,46928,138679,5036,133643,17535,1763,15772,51,153,2012
"Roanoke County, Virginia",92901,91322,43624,10244,2328,7916,26457,967,25490,6923,577,6346,47698,9256,1221,8035,29268,880,28388,9174,1336,7838,51,161,2012
"Rockingham County, Virginia",77391,76994,37784,8866,2321,6545,23024,1100,21924,5894,532,5362,39210,8548,1648,6900,23748,1644,22104,6914,838,6076,51,165,2012
"Spotsylvania County, Virginia",125684,124744,60421,16710,3285,13425,37753,1645,36108,5958,592,5366,64323,16431,2668,13763,40364,2068,38296,7528,1169,6359,51,177,2012
"Stafford County, Virginia",134352,126896,60605,18503,2462,16041,37463,696,36767,4639,199,4440,66291,18520,1873,16647,42199,1095,41104,5572,409,5163,51,179,2012
"York County, Virginia",66146,63214,29939,8325,1179,7146,17529,258,17271,4085,0,4085,33275,7967,301,7666,20521,1323,19198,4787,320,4467,51,199,2012
"Alexandria city, Virginia",146294,143462,68301,12850,2237,10613,49552,890,48662,5899,388,5511,75161,13039,2887,10152,53650,2421,51229,8472,827,7645,51,510,2012
"Chesapeake city, Virginia",228417,215747,100131,28217,7885,20332,61429,2285,59144,10485,768,9717,115616,28437,7432,21005,73194,5151,68043,13985,1811,12174,51,550,2012
"Hampton city, Virginia",136836,131969,61372,15182,4686,10496,38961,2932,36029,7229,589,6640,70597,15250,5090,10160,44900,7323,37577,10447,1309,9138,51,650,2012
"Lynchburg city, Virginia",77113,75540,35725,7726,3973,3753,24215,2854,21361,3784,421,3363,39815,6952,2817,4135,26775,2431,24344,6088,1161,4927,51,680,2012
"Newport News city, Virginia",180726,171335,79909,22039,7428,14611,50060,2728,47332,7810,742,7068,91426,20684,6277,14407,59128,4934,54194,11614,1265,10349,51,700,2012
"Norfolk city, Virginia",245782,219286,107474,25843,11453,14390,72269,5095,67174,9362,1549,7813,111812,24987,10916,14071,73424,10265,63159,13401,2219,11182,51,710,2012
"Portsmouth city, Virginia",96470,93759,43677,11297,5676,5621,27502,2778,24724,4878,794,4084,50082,11483,6466,5017,30682,4988,25694,7917,990,6927,51,740,2012
"Richmond city, Virginia",210309,207562,97314,20124,11644,8480,68588,5362,63226,8602,962,7640,110248,20608,10886,9722,75583,11924,63659,14057,2788,11269,51,760,2012
"Roanoke city, Virginia",97469,96018,45335,10874,4367,6507,29451,2368,27083,5010,421,4589,50683,10480,4651,5829,31969,5003,26966,8234,504,7730,51,770,2012
"Suffolk city, Virginia",85181,82695,38612,10891,3390,7501,23376,1027,22349,4345,432,3913,44083,10627,3751,6876,27548,3645,23903,5908,861,5047,51,800,2012
"Virginia Beach city, Virginia",447021,423499,200604,52560,8598,43962,126823,3454,123369,21221,832,20389,222895,50976,10278,40698,143233,7245,135988,28686,2707,25979,51,810,2012
"Benton County, Washington",182398,180507,89542,24882,7194,17688,53791,3881,49910,10869,595,10274,90965,23641,8126,15515,55003,5158,49845,12321,1342,10979,53,005,2012
"Chelan County, Washington",73687,73152,36128,8908,4510,4398,21872,3095,18777,5348,644,4704,37024,9093,4637,4456,21948,3498,18450,5983,1170,4813,53,007,2012
"Clallam County, Washington",71863,70519,34355,6067,3065,3002,19790,2459,17331,8498,670,7828,36164,6362,2936,3426,20508,3267,17241,9294,401,8893,53,009,2012
"Clark County, Washington",438287,436000,215138,58483,23524,34959,131339,10810,120529,25316,2596,22720,220862,54481,19679,34802,136655,15487,121168,29726,3974,25752,53,011,2012
"Cowlitz County, Washington",101996,101091,50084,12087,5308,6779,30174,4253,25921,7823,1189,6634,51007,11434,5913,5521,30686,6278,24408,8887,1845,7042,53,015,2012
"Franklin County, Washington",85845,83591,42885,15496,8342,7154,25038,1358,23680,2351,318,2033,40706,13776,7007,6769,23898,3895,20003,3032,820,2212,53,021,2012
"Grant County, Washington",91723,91070,46573,14954,8435,6519,26545,2362,24183,5074,851,4223,44497,13178,8335,4843,25606,4358,21248,5713,776,4937,53,025,2012
"Grays Harbor County, Washington",71692,68557,33844,7701,4517,3184,20305,2511,17794,5838,825,5013,34713,7471,2865,4606,20865,3157,17708,6377,915,5462,53,027,2012
"Island County, Washington",79177,74590,36044,8343,2431,5912,20425,1128,19297,7276,424,6852,38546,7310,2128,5182,22689,2373,20316,8547,770,7777,53,029,2012
"King County, Washington",2007440,1993482,992421,216555,64899,151656,675681,33445,642236,100185,13591,86594,1001061,206288,58658,147630,667804,50812,616992,126969,19516,107453,53,033,2012
"Kitsap County, Washington",254991,240545,116211,27400,9820,17580,71966,5505,66461,16845,1762,15083,124334,27001,8645,18356,77979,8352,69627,19354,2711,16643,53,035,2012
"Lewis County, Washington",75621,74797,37302,8717,4548,4169,22154,2877,19277,6431,481,5950,37495,8082,4334,3748,22010,3487,18523,7403,1227,6176,53,041,2012
"Pierce County, Washington",811681,790573,386346,100480,32719,67761,244360,17197,227163,41506,4906,36600,404227,96826,30097,66729,254917,25278,229639,52484,6749,45735,53,053,2012
"Skagit County, Washington",118222,116987,57973,13914,6119,7795,34678,2698,31980,9381,1010,8371,59014,13424,5306,8118,35070,3908,31162,10520,1648,8872,53,057,2012
"Snohomish County, Washington",733036,723791,360016,88484,28417,60067,236093,13506,222587,35439,3720,31719,363775,84036,26744,57292,234793,19233,215560,44946,6249,38697,53,061,2012
"Spokane County, Washington",475735,467654,229712,56160,24985,31175,145324,15629,129695,28228,3219,25009,237942,52122,21573,30549,150633,21359,129274,35187,5357,29830,53,063,2012
"Thurston County, Washington",258332,254037,123050,29910,8398,21512,76731,3791,72940,16409,1766,14643,130987,27668,7852,19816,83262,7763,75499,20057,2487,17570,53,067,2012
"Whatcom County, Washington",205262,203635,100111,21293,7956,13337,66134,4882,61252,12684,1927,10757,103524,20157,8185,11972,67757,8442,59315,15610,2695,12915,53,073,2012
"Yakima County, Washington",246977,243543,121338,37951,13688,24263,70101,5974,64127,13286,1525,11761,122205,36569,15530,21039,69723,8245,61478,15913,2287,13626,53,077,2012
"Berkeley County, West Virginia",107098,106635,51484,12305,4776,7529,33014,2335,30679,6165,321,5844,55151,13908,5411,8497,34424,3026,31398,6819,1031,5788,54,003,2012
"Cabell County, West Virginia",96974,95402,46236,9778,3249,6529,30055,4002,26053,6403,746,5657,49166,9427,2903,6524,31021,3917,27104,8718,1493,7225,54,011,2012
"Harrison County, West Virginia",69141,68548,33000,7574,4891,2683,20773,2182,18591,4653,489,4164,35548,7277,3389,3888,21553,2236,19317,6718,962,5756,54,033,2012
"Kanawha County, West Virginia",192179,190399,91290,20120,8063,12057,57406,4551,52855,13764,1395,12369,99109,19121,7532,11589,61186,7273,53913,18802,2489,16313,54,039,2012
"Monongalia County, West Virginia",100332,98898,49954,8317,2433,5884,37203,2020,35183,4434,334,4100,48944,7987,2738,5249,35271,3346,31925,5686,736,4950,54,061,2012
"Raleigh County, West Virginia",79021,75775,36722,8136,3611,4525,22860,2361,20499,5726,267,5459,39053,8203,4363,3840,23563,3095,20468,7287,782,6505,54,081,2012
"Wood County, West Virginia",86701,86230,41573,9736,4043,5693,25443,3254,22189,6394,772,5622,44657,8840,4302,4538,27406,4350,23056,8411,1020,7391,54,107,2012
"Brown County, Wisconsin",253032,250076,123412,32180,9763,22417,78335,6781,71554,12897,1236,11661,126664,29862,11081,18781,79178,11156,68022,17624,1740,15884,55,009,2012
"Dane County, Wisconsin",503523,499892,248661,55430,13568,41862,169751,9811,159940,23480,1571,21909,251231,51297,12721,38576,170059,15943,154116,29875,3159,26716,55,025,2012
"Dodge County, Wisconsin",88415,82830,41944,9867,2003,7864,26201,1574,24627,5876,746,5130,40886,9167,1558,7609,24980,2418,22562,6739,725,6014,55,027,2012
"Eau Claire County, Wisconsin",100677,100071,50202,11443,3541,7902,33233,3633,29600,5526,442,5084,49869,9179,2785,6394,33451,5239,28212,7239,1641,5598,55,035,2012
"Fond du Lac County, Wisconsin",101843,100206,49582,11766,2782,8984,31285,3149,28136,6531,1013,5518,50624,10919,2253,8666,30849,4121,26728,8856,1996,6860,55,039,2012
"Jefferson County, Wisconsin",84498,84031,41442,9746,2378,7368,26548,2224,24324,5148,515,4633,42589,9688,2701,6987,26565,3116,23449,6336,677,5659,55,055,2012
"Kenosha County, Wisconsin",167936,166032,82146,21964,8408,13556,51958,5247,46711,8224,1521,6703,83886,19917,6455,13462,53423,8820,44603,10546,1469,9077,55,059,2012
"La Crosse County, Wisconsin",116461,115263,56169,12382,3012,9370,36959,2937,34022,6828,817,6011,59094,11828,3175,8653,38403,4909,33494,8863,1327,7536,55,063,2012
"Manitowoc County, Wisconsin",80671,80011,39808,8694,2894,5800,24990,2854,22136,6124,741,5383,40203,8703,3283,5420,23973,3360,20613,7527,1310,6217,55,071,2012
"Marathon County, Wisconsin",134735,133511,67095,16705,5072,11633,41741,3874,37867,8649,987,7662,66416,15481,5327,10154,40141,5872,34269,10794,1443,9351,55,073,2012
"Milwaukee County, Wisconsin",955205,946326,455653,121060,62134,58926,290637,40197,250440,43956,6454,37502,490673,116825,60546,56279,309267,72839,236428,64581,12545,52036,55,079,2012
"Outagamie County, Wisconsin",178816,177339,88147,22506,6606,15900,56494,5013,51481,9147,1036,8111,89192,21206,5773,15433,55850,7535,48315,12136,1848,10288,55,087,2012
"Ozaukee County, Wisconsin",86823,86290,42220,9851,1412,8439,26091,2075,24016,6278,570,5708,44070,9577,748,8829,26889,1762,25127,7604,737,6867,55,089,2012
"Portage County, Wisconsin",70433,70105,34812,7359,2428,4931,23208,2122,21086,4245,570,3675,35293,6934,2484,4450,23233,3123,20110,5126,656,4470,55,097,2012
"Racine County, Wisconsin",194797,190619,92932,24186,7118,17068,57369,4487,52882,11377,857,10520,97687,23468,8003,15465,59225,9437,49788,14994,2013,12981,55,101,2012
"Rock County, Wisconsin",160418,159022,77917,20192,9104,11088,48169,6585,41584,9556,1214,8342,81105,18810,7427,11383,49385,8682,40703,12910,2180,10730,55,105,2012
"St. Croix County, Wisconsin",85242,84595,42459,11778,2389,9389,26570,1924,24646,4111,333,3778,42136,11151,1528,9623,26151,1888,24263,4834,333,4501,55,109,2012
"Sheboygan County, Wisconsin",115009,112577,55782,13629,3031,10598,34539,3277,31262,7614,725,6889,56795,13063,3838,9225,34476,4311,30165,9256,1244,8012,55,117,2012
"Walworth County, Wisconsin",102851,102073,50734,11704,4417,7287,32510,3116,29394,6520,648,5872,51339,11464,4535,6929,32238,4778,27460,7637,868,6769,55,127,2012
"Washington County, Wisconsin",132661,131727,64730,15461,1734,13727,41008,2201,38807,8261,553,7708,66997,15978,1887,14091,40780,3260,37520,10239,646,9593,55,131,2012
"Waukesha County, Wisconsin",392292,389764,191113,45293,6814,38479,120025,5511,114514,25795,2057,23738,198651,44527,5568,38959,121230,7907,113323,32894,3082,29812,55,133,2012
"Winnebago County, Wisconsin",168794,163793,80439,18303,5020,13283,52347,4413,47934,9789,962,8827,83354,17733,4957,12776,53060,6780,46280,12561,1447,11114,55,139,2012
"Wood County, Wisconsin",74424,73717,35855,8688,3503,5185,21654,3088,18566,5513,561,4952,37862,8006,3469,4537,22888,4236,18652,6968,993,5975,55,141,2012
"Laramie County, Wyoming",94483,91610,45083,11025,3714,7311,28533,1947,26586,5525,1128,4397,46527,11027,4003,7024,28436,3370,25066,7064,403,6661,56,021,2012
"Natrona County, Wyoming",78621,77539,39106,9941,2759,7182,24808,2149,22659,4357,367,3990,38433,8912,2164,6748,24359,2364,21995,5162,317,4845,56,025,2012
"Arecibo Municipio, Puerto Rico",94658,93123,44072,10740,6893,3847,26179,10270,15909,7153,2078,5075,49051,10067,7208,2859,29651,15078,14573,9333,4105,5228,72,013,2012
"Bayamón Municipio, Puerto Rico",202325,197197,91456,22614,9904,12710,54281,14587,39694,14561,3832,10729,105741,21003,10021,10982,64196,20627,43569,20542,6220,14322,72,021,2012
"Caguas Municipio, Puerto Rico",141392,140994,66186,16804,8360,8444,40085,12336,27749,9297,3305,5992,74808,15915,8704,7211,45700,18464,27236,13193,5571,7622,72,025,2012
"Carolina Municipio, Puerto Rico",172728,172069,79568,19401,9809,9592,47762,10576,37186,12405,2637,9768,92501,18601,8664,9937,56239,16078,40161,17661,3625,14036,72,031,2012
"Guaynabo Municipio, Puerto Rico",96226,95792,45323,10020,4082,5938,28479,5920,22559,6824,1463,5361,50469,9489,4080,5409,31267,7726,23541,9713,2897,6816,72,061,2012
"Mayagüez Municipio, Puerto Rico",86034,85449,40977,9017,5910,3107,25240,10942,14298,6720,1415,5305,44472,8499,5951,2548,26553,11649,14904,9420,2906,6514,72,097,2012
"Ponce Municipio, Puerto Rico",160322,157557,74705,19270,12549,6721,44135,20946,23189,11300,4106,7194,82852,18236,11827,6409,49585,24680,24905,15031,5751,9280,72,113,2012
"San Juan Municipio, Puerto Rico",382299,378605,173396,40537,19038,21499,106192,24203,81989,26667,6044,20623,205209,39628,20586,19042,124686,38860,85826,40895,9341,31554,72,127,2012
"Toa Alta Municipio, Puerto Rico",75434,75371,36483,9967,3099,6868,22970,6797,16173,3546,1231,2315,38888,9541,3744,5797,25043,7015,18028,4304,1167,3137,72,135,2012
"Toa Baja Municipio, Puerto Rico",87582,87435,41392,10458,5987,4471,25270,8029,17241,5664,1303,4361,46043,10056,5315,4741,28791,10984,17807,7196,2069,5127,72,137,2012
"Trujillo Alto Municipio, Puerto Rico",73718,73417,34886,9199,3363,5836,21299,4553,16746,4388,965,3423,38531,8436,3448,4988,24100,6431,17669,5995,1950,4045,72,139,2012
"Baldwin County, Alabama",195540,193472,93182,22607,8323,14284,54935,3372,51563,15640,1244,14396,100290,21619,7186,14433,59899,8578,51321,18772,1757,17015,01,003,2013
"Calhoun County, Alabama",116736,115139,55434,13309,7585,5724,34751,3983,30768,7374,587,6787,59705,12525,6001,6524,37060,6528,30532,10120,1651,8469,01,015,2013
"Cullman County, Alabama",80811,80078,39839,9522,4063,5459,24446,1842,22604,5871,655,5216,40239,8434,2487,5947,24434,2179,22255,7371,1757,5614,01,043,2013
"DeKalb County, Alabama",71013,70341,34489,7779,2969,4810,22142,2168,19974,4568,747,3821,35852,8597,4772,3825,20859,3106,17753,6396,1959,4437,01,049,2013
"Elmore County, Alabama",80902,74996,35669,9506,3624,5882,21320,1907,19413,4843,652,4191,39327,8951,3556,5395,24740,2133,22607,5636,785,4851,01,051,2013
"Etowah County, Alabama",103931,103152,50028,12160,5142,7018,30514,3289,27225,7354,991,6363,53124,10683,4797,5886,32787,4727,28060,9654,1866,7788,01,055,2013
"Houston County, Alabama",103668,102860,49324,12961,6728,6233,29532,2591,26941,6831,788,6043,53536,11861,5267,6594,32306,4225,28081,9369,1851,7518,01,069,2013
"Jefferson County, Alabama",659479,652122,307444,77400,31411,45989,193788,17962,175826,36256,5435,30821,344678,74860,31650,43210,217218,28250,188968,52600,9615,42985,01,073,2013
"Lauderdale County, Alabama",92797,92067,44663,9706,4426,5280,27933,2233,25700,7024,1187,5837,47404,8913,2432,6481,29403,3483,25920,9088,1263,7825,01,077,2013
"Lee County, Alabama",150933,148089,71885,16791,6597,10194,48478,2088,46390,6616,667,5949,76204,16180,6606,9574,51828,3600,48228,8196,1301,6895,01,081,2013
"Limestone County, Alabama",88845,85758,42075,10935,3564,7371,25836,1361,24475,5304,1104,4200,43683,10140,4469,5671,27385,1754,25631,6158,1091,5067,01,083,2013
"Madison County, Alabama",346892,342991,166503,39783,13499,26284,107323,3970,103353,19397,1849,17548,176488,38950,12844,26106,111490,8071,103419,26048,2969,23079,01,089,2013
"Marshall County, Alabama",94760,94008,45465,11454,5446,6008,27860,2645,25215,6151,1043,5108,48543,11815,7131,4684,28406,2577,25829,8322,1339,6983,01,095,2013
"Mobile County, Alabama",414079,406124,192649,50401,23177,27224,117446,10103,107343,24802,3016,21786,213475,49400,21880,27520,131411,16274,115137,32664,5764,26900,01,097,2013
"Montgomery County, Alabama",226659,222160,104525,28473,14021,14452,64345,6611,57734,11707,1321,10386,117635,26273,13155,13118,74386,12542,61844,16976,3263,13713,01,101,2013
"Morgan County, Alabama",119787,117707,57346,14222,6342,7880,35099,1823,33276,8025,423,7602,60361,13579,7291,6288,36795,3160,33635,9987,905,9082,01,103,2013
"St. Clair County, Alabama",86308,84417,41392,10433,3620,6813,25472,2543,22929,5487,304,5183,43025,9228,3617,5611,27278,4545,22733,6519,548,5971,01,115,2013
"Shelby County, Alabama",204180,202337,98515,26542,4636,21906,60627,1222,59405,11346,888,10458,103822,24287,4061,20226,65832,2006,63826,13703,754,12949,01,117,2013
"Talladega County, Alabama",81096,78267,37803,8945,4769,4176,23437,2769,20668,5421,715,4706,40464,8536,4727,3809,25145,4704,20441,6783,1050,5733,01,121,2013
"Tuscaloosa County, Alabama",200821,199318,96524,21773,8357,13416,65005,5972,59033,9746,823,8923,102794,20616,6713,13903,69509,8138,61371,12669,1689,10980,01,125,2013
"Walker County, Alabama",65998,65363,31458,7462,3766,3696,18882,2263,16619,5114,565,4549,33905,7806,3575,4231,19606,3365,16241,6493,1046,5447,01,127,2013
"Anchorage Municipality, Alaska",300950,289548,144377,37292,9590,27702,95437,6061,89376,11648,1133,10515,145171,38089,11632,26457,94088,6825,87263,12994,2268,10726,02,020,2013
"Fairbanks North Star Borough, Alaska",100436,93915,48804,13609,3479,10130,31403,3090,28313,3792,453,3339,45111,11042,3023,8019,30238,3217,27021,3831,341,3490,02,090,2013
"Matanuska-Susitna Borough, Alaska",95192,93609,48161,13760,4108,9652,30022,2456,27566,4379,363,4016,45448,12592,4348,8244,28645,3040,25605,4211,446,3765,02,170,2013
"Apache County, Arizona",71934,71023,34522,10436,5631,4805,20002,6599,13403,4084,1048,3036,36501,10823,5912,4911,20736,7886,12850,4942,1937,3005,04,001,2013
"Cochise County, Arizona",129473,115582,52895,13481,4683,8798,27687,3315,24372,11727,1291,10436,62687,15683,4758,10925,34356,6265,28091,12648,1471,11177,04,003,2013
"Coconino County, Arizona",136539,135860,67539,15365,5727,9638,45092,4697,40395,7082,492,6590,68321,14266,5741,8525,46633,5982,40651,7422,1630,5792,04,005,2013
"Maricopa County, Arizona",4009412,3982270,1965268,517441,184609,332832,1208698,109835,1098863,239129,24072,215057,2017002,497736,177502,320234,1226352,167509,1058843,292914,36865,256049,04,013,2013
"Mohave County, Arizona",203030,196479,96961,20605,8006,12599,50337,8512,41825,26019,2259,23760,99518,18054,8100,9954,54980,12574,42406,26484,2363,24121,04,015,2013
"Navajo County, Arizona",107322,105263,51668,15266,9752,5514,28563,7488,21075,7839,1023,6816,53595,14864,9633,5231,30080,10039,20041,8651,1620,7031,04,017,2013
"Pima County, Arizona",996554,978830,476318,111905,42824,69081,288504,32656,255848,75909,7926,67983,502512,106879,42283,64596,302916,50542,252374,92717,10967,81750,04,019,2013
"Pinal County, Arizona",389350,368056,181936,49903,18460,31443,100234,12790,87444,31799,2746,29053,186120,48238,16674,31564,104349,18562,85787,33533,3664,29869,04,021,2013
"Yavapai County, Arizona",215133,213599,104426,19992,7032,12960,57022,8342,48680,27412,2697,24715,109173,18096,7781,10315,61170,9537,51633,29907,3896,26011,04,025,2013
"Yuma County, Arizona",201201,193209,95683,27587,11658,15929,51941,6665,45276,16155,1870,14285,97526,26079,10550,15529,54146,10468,43678,17301,2807,14494,04,027,2013
"Benton County, Arkansas",237297,235812,117215,33156,11726,21430,71052,4105,66947,13007,594,12413,118597,31482,13604,17878,70711,4415,66296,16404,2332,14072,05,007,2013
"Craighead County, Arkansas",101488,100523,50687,14329,9145,5184,30897,2393,28504,5461,399,5062,49836,10765,5425,5340,32243,4765,27478,6828,1122,5706,05,031,2013
"Faulkner County, Arkansas",119580,118499,57555,14834,6224,8610,36803,2329,34474,5918,678,5240,60944,13667,5437,8230,40135,3872,36263,7142,571,6571,05,045,2013
"Garland County, Arkansas",97173,95861,47221,11099,6435,4664,26800,2015,24785,9322,484,8838,48640,8701,4917,3784,28219,3975,24244,11720,848,10872,05,051,2013
"Jefferson County, Arkansas",73191,68686,32272,9009,6175,2834,18826,2168,16658,4437,724,3713,36414,8111,5317,2794,22421,4116,18305,5882,1504,4378,05,069,2013
"Lonoke County, Arkansas",70753,69049,34047,10050,3923,6127,20251,1599,18652,3746,362,3384,35002,8866,3216,5650,21450,1667,19783,4686,917,3769,05,085,2013
"Pulaski County, Arkansas",391284,385924,185710,47556,21806,25750,117170,8698,108472,20984,2234,18750,200214,45497,20771,24726,126386,13728,112658,28331,3963,24368,05,119,2013
"Saline County, Arkansas",114404,113315,56872,15099,5124,9975,32667,2454,30213,9106,735,8371,56443,12908,5597,7311,33167,2835,30332,10368,1382,8986,05,125,2013
"Sebastian County, Arkansas",127342,126332,61531,15427,8585,6842,38571,4319,34252,7533,1054,6479,64801,16234,9608,6626,39320,4853,34467,9247,1305,7942,05,131,2013
"Washington County, Arkansas",216410,214641,107674,28793,11169,17624,69488,4643,64845,9393,796,8597,106967,26040,10870,15170,68976,5798,63178,11951,1450,10501,05,143,2013
"White County, Arkansas",78483,78038,38126,9515,4817,4698,23629,2685,20944,4982,564,4418,39912,8889,4907,3982,24216,2984,21232,6807,1132,5675,05,145,2013
"Alameda County, California",1578891,1566488,766401,174844,55533,119311,510342,50901,459441,81215,14957,66258,800087,167852,51543,116309,525470,74943,450527,106765,22750,84015,06,001,2013
"Butte County, California",222090,220046,108264,22603,10563,12040,69483,13544,55939,16178,2383,13795,111782,22463,9989,12474,69574,15254,54320,19745,3463,16282,06,007,2013
"Contra Costa County, California",1094205,1088313,530741,132774,36662,96112,333615,29498,304117,64352,8232,56120,557572,127319,38527,88792,347006,44049,302957,83247,11893,71354,06,013,2013
"El Dorado County, California",181737,180716,90143,19741,4650,15091,54998,6927,48071,15404,1400,14004,90573,19160,4814,14346,55007,6378,48629,16406,2095,14311,06,017,2013
"Fresno County, California",955272,943800,467714,141541,84851,56690,281165,45198,235967,45008,8575,36433,476086,136064,83414,52650,283518,72774,210744,56504,13337,43167,06,019,2013
"Humboldt County, California",134493,133512,66576,13055,6782,6273,44474,6795,37679,9047,925,8122,66936,12970,6811,6159,43401,10192,33209,10565,1011,9554,06,023,2013
"Imperial County, California",176584,166940,80893,26265,13810,12455,45815,7448,38367,8813,4129,4684,86047,24440,11491,12949,50480,13319,37161,11127,5784,5343,06,025,2013
"Kern County, California",864124,835182,416071,130457,66355,64102,248566,35503,213063,37048,6993,30055,419111,125859,63985,61874,248539,54121,194418,44713,9962,34751,06,029,2013
"Kings County, California",150960,131767,65309,21440,6783,14657,38291,4820,33471,5578,859,4719,66458,20385,6794,13591,38861,8104,30757,7212,1741,5471,06,031,2013
"Lake County, California",63860,63247,31304,6651,4033,2618,18861,6154,12707,5792,716,5076,31943,6243,3724,2519,19128,4983,14145,6572,1450,5122,06,033,2013
"Los Angeles County, California",10017068,9946254,4896814,1183724,550294,633430,3213338,335608,2877730,499752,115839,383913,5049440,1134331,521191,613140,3256213,514828,2741385,658896,190498,468398,06,037,2013
"Madera County, California",152389,144973,72600,22112,14178,7934,41575,10117,31458,8913,1852,7061,72373,20641,13410,7231,42251,11527,30724,9481,2218,7263,06,039,2013
"Marin County, California",258365,253480,123860,28613,5744,22869,73948,6055,67893,21299,1562,19737,129620,24471,4003,20468,78578,5927,72651,26571,2574,23997,06,041,2013
"Mendocino County, California",87192,86451,43423,9692,5738,3954,26371,3932,22439,7360,375,6985,43028,8627,5194,3433,25988,6821,19167,8413,1109,7304,06,045,2013
"Merced County, California",263228,260090,131176,41441,25568,15873,77510,12247,65263,12225,2110,10115,128914,38374,23782,14592,76273,20050,56223,14267,3486,10781,06,047,2013
"Monterey County, California",428826,411985,205434,58354,26706,31648,125370,10648,114722,21710,3128,18582,206551,55378,26542,28836,124313,14248,110065,26860,4863,21997,06,053,2013
"Napa County, California",140326,138639,68986,16047,5653,10394,42634,3956,38678,10305,758,9547,69653,15093,3778,11315,42713,3782,38931,11847,2323,9524,06,055,2013
"Nevada County, California",98200,97392,47966,9058,2151,6907,28750,4113,24637,10158,462,9696,49426,8618,3102,5516,28939,5076,23863,11869,1215,10654,06,057,2013
"Orange County, California",3114363,3096602,1530074,371845,131146,240699,986416,64656,921760,171813,24864,146949,1566528,354217,124334,229883,993266,94642,898624,219045,37856,181189,06,059,2013
"Placer County, California",367309,365018,178727,43969,8656,35313,106731,6399,100332,28027,2714,25313,186291,41565,7375,34190,110299,8333,101966,34427,3198,31229,06,061,2013
"Riverside County, California",2292507,2269404,1122493,313082,134176,178906,677104,71915,605189,132307,18683,113624,1146911,301501,129606,171895,687156,105128,582028,158254,26800,131454,06,065,2013
"Sacramento County, California",1462131,1446736,703647,184478,78208,106270,442244,57168,385076,76925,12844,64081,743089,175808,72236,103572,465516,82920,382596,101765,18452,83313,06,067,2013
"San Bernardino County, California",2088371,2047145,1004773,295784,132813,162971,617930,80178,537752,91059,15585,75474,1042372,281855,132235,149620,647369,115152,532217,113148,27736,85412,06,071,2013
"San Diego County, California",3211252,3112190,1533130,370769,119976,250793,990830,77202,913628,171531,20910,150621,1579060,353853,114746,239107,1007014,101760,905254,218193,38562,179631,06,073,2013
"San Francisco County, California",837442,832596,422724,56816,16523,40293,313948,37685,276263,51960,12854,39106,409872,55015,16904,38111,289729,40604,249125,65128,20993,44135,06,075,2013
"San Joaquin County, California",704379,695962,344362,101643,46204,55439,208414,30780,177634,34305,6468,27837,351600,96308,45439,50869,211160,43450,167710,44132,9217,34915,06,077,2013
"San Luis Obispo County, California",276443,269920,134801,24910,6707,18203,88963,5416,83547,20928,1549,19379,135119,24888,8562,16326,85261,8626,76635,24970,2556,22414,06,079,2013
"San Mateo County, California",747373,742989,365672,82621,17599,65022,237611,15169,222442,45440,5070,40370,377317,79268,17051,62217,238392,21485,216907,59657,8856,50801,06,081,2013
"Santa Barbara County, California",435697,428712,213031,50275,22231,28044,137019,9184,127835,25737,2935,22802,215681,48166,19975,28191,135036,17626,117410,32479,3955,28524,06,083,2013
"Santa Clara County, California",1862041,1853579,931747,222730,60882,161848,611745,40128,571617,97272,20845,76427,921832,212604,62106,150498,588348,58403,529945,120880,32288,88592,06,085,2013
"Santa Cruz County, California",269419,268175,132753,28100,10851,17249,89751,6526,83225,14902,1890,13012,135422,28021,10640,17381,88790,10672,78118,18611,2406,16205,06,087,2013
"Shasta County, California",178980,177592,87157,20394,10044,10350,51411,10299,41112,15352,1801,13551,90435,18232,8899,9333,54008,12096,41912,18195,2784,15411,06,089,2013
"Solano County, California",424788,410796,199906,50483,15299,35184,125943,13383,112560,23480,1829,21651,210890,48210,16895,31315,132839,18653,114186,29841,4167,25674,06,095,2013
"Sonoma County, California",495025,490960,241678,53478,18817,34661,153396,14989,138407,34804,2768,32036,249282,49790,17234,32556,156729,18862,137867,42763,4215,38548,06,097,2013
"Stanislaus County, California",525491,522247,258613,74250,36374,37876,157432,20217,137215,26931,4886,22045,263634,70732,37882,32850,158983,33622,125361,33919,8517,25402,06,099,2013
"Sutter County, California",95350,94392,46790,12834,6873,5961,28248,3847,24401,5708,1024,4684,47602,12413,5728,6685,27923,5298,22625,7266,1730,5536,06,101,2013
"Tulare County, California",454143,449663,225281,73780,42316,31464,130952,24334,106618,20549,4654,15895,224382,70408,33598,36810,129728,35177,94551,24246,5080,19166,06,107,2013
"Ventura County, California",839620,832993,412197,105266,34409,70857,258744,16208,242536,48187,5774,42413,420796,100909,31422,69487,260498,26391,234107,59389,10129,49260,06,111,2013
"Yolo County, California",204593,202780,99030,22700,7993,14707,66159,5756,60403,10171,1472,8699,103750,21902,7049,14853,69350,7753,61597,12498,1996,10502,06,113,2013
"Yuba County, California",73340,70883,34974,11080,6823,4257,20438,3818,16620,3456,564,2892,35909,9604,4912,4692,22259,6458,15801,4046,287,3759,06,115,2013
"Adams County, Colorado",469193,465748,234251,67503,24925,42578,147978,9926,138052,18770,2494,16276,231497,63539,23859,39680,143887,18462,125425,24071,4610,19461,08,001,2013
"Arapahoe County, Colorado",607070,602497,296329,76847,20641,56206,189734,11543,178191,29748,2455,27293,306168,72687,22091,50596,195638,17314,178324,37843,3421,34422,08,005,2013
"Boulder County, Colorado",310048,307781,153389,31791,6313,25478,105697,4422,101275,15901,1099,14802,154392,31857,5701,26156,103156,4708,98448,19379,1562,17817,08,013,2013
"Denver County, Colorado",649495,642615,321390,68672,34388,34284,223604,26816,196788,29114,3935,25179,321225,67616,31611,36005,214861,31658,183203,38748,5766,32982,08,031,2013
"Douglas County, Colorado",305963,304602,151661,46175,2707,43468,92140,2337,89803,13346,935,12411,152941,42488,2447,40041,95543,2379,93164,14910,1015,13895,08,035,2013
"El Paso County, Colorado",655044,622308,301463,84226,20527,63699,185571,14926,170645,31666,2885,28781,320845,81057,21333,59724,200462,23062,177400,39326,4020,35306,08,041,2013
"Jefferson County, Colorado",551798,544948,269670,60480,13314,47166,175066,8327,166739,34124,2692,31432,275278,56227,11980,44247,177184,13215,163969,41867,4215,37652,08,059,2013
"Larimer County, Colorado",315988,313287,156296,33718,7401,26317,103791,6576,97215,18787,1501,17286,156991,31400,8334,23066,103101,8121,94980,22490,1715,20775,08,069,2013
"Mesa County, Colorado",147554,146305,71272,15587,6662,8925,45190,3784,41406,10495,766,9729,75033,17321,6366,10955,44469,5027,39442,13243,1153,12090,08,077,2013
"Pueblo County, Colorado",161451,157370,76686,19328,10778,8550,45910,8633,37277,11448,1849,9599,80684,18398,11589,6809,47988,11165,36823,14298,2507,11791,08,101,2013
"Weld County, Colorado",269785,267177,133004,36737,11619,25118,83056,7343,75713,13211,945,12266,134173,35960,12807,23153,82913,10271,72642,15300,1606,13694,08,123,2013
"Fairfield County, Connecticut",939904,930972,454144,114724,34476,80248,284185,23902,260283,55235,4275,50960,476828,109226,30610,78616,294704,34232,260472,72898,8997,63901,09,001,2013
"Hartford County, Connecticut",898272,883961,426088,99822,38549,61273,270035,33186,236849,56231,5758,50473,457873,97106,36088,61018,284965,47702,237263,75802,12568,63234,09,003,2013
"Litchfield County, Connecticut",186924,185414,90623,18934,4857,14077,57624,5695,51929,14065,1051,13014,94791,18366,3472,14894,59009,6165,52844,17416,2193,15223,09,005,2013
"Middlesex County, Connecticut",165562,163409,79433,16405,3175,13230,50895,3117,47778,12133,895,11238,83976,16199,2979,13220,52579,5446,47133,15198,1658,13540,09,007,2013
"New Haven County, Connecticut",862287,850503,409157,93575,34221,59354,261216,33478,227738,54366,5915,48451,441346,89617,33031,56586,279360,47616,231744,72369,12089,60280,09,009,2013
"New London County, Connecticut",274150,263303,129027,28439,8652,19787,82918,10499,72419,17670,1298,16372,134276,28042,10270,17772,84051,13276,70775,22183,3356,18827,09,011,2013
"Tolland County, Connecticut",151377,148009,73756,14824,3784,11040,49614,2917,46697,9318,803,8515,74253,13967,3646,10321,49706,5655,44051,10580,2014,8566,09,013,2013
"Windham County, Connecticut",117604,115838,56471,12067,5771,6296,37036,4623,32413,7368,885,6483,59367,12846,6085,6761,37798,8008,29790,8723,2355,6368,09,015,2013
"Kent County, Delaware",169416,166170,79559,20873,8824,12049,47803,5633,42170,10883,1186,9697,86611,19608,7313,12295,53615,9735,43880,13388,2040,11348,10,001,2013
"New Castle County, Delaware",549684,541458,259206,61551,21029,40522,166970,19133,147837,30685,3323,27362,282252,60863,20234,40629,180848,29677,151171,40541,4930,35611,10,003,2013
"Sussex County, Delaware",206649,203874,98827,20663,9811,10852,55946,9358,46588,22218,1702,20516,105047,19781,9562,10219,59956,14633,45323,25310,2025,23285,10,005,2013
"District of Columbia, District of Columbia",646449,635833,298312,55867,28386,27481,213223,37995,175228,29222,6420,22802,337521,55420,28302,27118,239930,55528,184402,42171,10417,31754,11,001,2013
"Alachua County, Florida",253451,250978,120711,23154,7581,15573,84464,6828,77636,13093,904,12189,130267,22486,8327,14159,91283,8933,82350,16498,1604,14894,12,001,2013
"Bay County, Florida",174987,171623,84353,19154,8613,10541,53344,6499,46845,11855,1176,10679,87270,18424,8127,10297,54201,7392,46809,14645,2835,11810,12,005,2013
"Brevard County, Florida",550823,546228,267310,53951,17901,36050,158582,13356,145226,54777,4237,50540,278918,49434,21494,27940,164141,19182,144959,65343,7401,57942,12,009,2013
"Broward County, Florida",1838844,1827614,886594,204952,78658,126294,563677,41671,522006,117965,15515,102450,941020,195741,72170,123571,590275,56040,534235,155004,29099,125905,12,011,2013
"Charlotte County, Florida",164736,161382,77480,10845,3695,7150,37782,4867,32915,28853,2254,26599,83902,11106,4132,6974,41893,6219,35674,30903,1739,29164,12,015,2013
"Citrus County, Florida",139271,137629,67195,10918,5423,5495,32953,4267,28686,23324,1281,22043,70434,10157,5090,5067,35239,6400,28839,25038,3147,21891,12,017,2013
"Clay County, Florida",196399,193367,93778,24013,6370,17643,57535,4203,53332,12230,1200,11030,99589,23844,7817,16027,61514,6443,55071,14231,3080,11151,12,019,2013
"Collier County, Florida",339642,337635,165960,32314,13913,18401,87235,6467,80768,46411,3448,42963,171675,30938,13064,17874,90784,7142,83642,49953,3209,46744,12,021,2013
"Columbia County, Florida",67543,62939,30866,7739,3621,4118,18201,2189,16012,4926,441,4485,32073,7163,3092,4071,19299,3475,15824,5611,750,4861,12,023,2013
"Duval County, Florida",885855,868889,415979,103426,41307,62119,267346,23218,244128,45207,5191,40016,452910,100011,37943,62068,292189,38308,253881,60710,10025,50685,12,031,2013
"Escambia County, Florida",305817,289777,140220,33468,15475,17993,86658,7951,78707,20094,1939,18155,149557,30514,10761,19753,92521,11044,81477,26522,2858,23664,12,033,2013
"Flagler County, Florida",99956,99614,46208,9250,4070,5180,24008,1953,22055,12950,974,11976,53406,9476,3295,6181,29271,3306,25965,14659,1357,13302,12,035,2013
"Hernando County, Florida",174441,172610,83229,17220,8705,8515,44102,5401,38701,21907,1932,19975,89381,15961,6575,9386,48770,8333,40437,24650,2798,21852,12,053,2013
"Highlands County, Florida",97616,96564,48136,10006,5701,4305,22820,3316,19504,15310,2759,12551,48428,7294,3988,3306,24055,5231,18824,17079,2446,14633,12,055,2013
"Hillsborough County, Florida",1291578,1278889,621195,154234,59480,94754,395928,36273,359655,71033,8764,62269,657694,146999,59942,87057,419202,53138,366064,91493,14399,77094,12,057,2013
"Indian River County, Florida",141994,140507,67591,13355,4924,8431,35331,3746,31585,18905,1604,17301,72916,12094,4378,7716,38407,4574,33833,22415,2733,19682,12,061,2013
"Lake County, Florida",308034,304751,146914,31903,11935,19968,78731,7452,71279,36280,2186,34094,157837,30156,13412,16744,86119,9880,76239,41562,4271,37291,12,069,2013
"Lee County, Florida",661115,654241,318626,63854,30098,33756,174291,13506,160785,80481,8823,71658,335615,61294,29093,32201,187092,20018,167074,87229,9612,77617,12,071,2013
"Leon County, Florida",281845,278449,132395,27322,9221,18101,91604,4789,86815,13469,1437,12032,146054,26780,9792,16988,102129,10239,91890,17145,2078,15067,12,073,2013
"Manatee County, Florida",342106,339295,164206,35123,15379,19744,89651,7141,82510,39432,2798,36634,175089,33180,15415,17765,96649,11039,85610,45260,3027,42233,12,081,2013
"Marion County, Florida",337362,330204,159766,33861,16279,17582,83434,10990,72444,42471,3456,39015,170438,29390,13714,15676,92318,16906,75412,48730,6151,42579,12,083,2013
"Martin County, Florida",151263,148422,71728,12903,4759,8144,39859,3704,36155,18966,542,18424,76694,12971,3075,9896,40657,2769,37888,23066,1400,21666,12,085,2013
"Miami-Dade County, Florida",2617176,2588206,1250105,278697,138211,140486,812240,69905,742335,159168,50484,108684,1338101,266277,135085,131192,847860,100155,747705,223964,87436,136528,12,086,2013
"Monroe County, Florida",76351,74657,38009,5588,2387,3201,24463,1831,22632,7958,279,7679,36648,5828,2205,3623,23887,3409,20478,6933,1246,5687,12,087,2013
"Nassau County, Florida",75710,75067,37149,8767,3530,5237,21567,2350,19217,6815,281,6534,37918,7165,3216,3949,22910,2527,20383,7843,1209,6634,12,089,2013
"Okaloosa County, Florida",193811,182386,88499,21821,5744,16077,54203,4000,50203,12475,869,11606,93887,21287,3682,17605,57484,5628,51856,15116,1053,14063,12,091,2013
"Orange County, Florida",1225267,1213648,595836,143333,54238,89095,397350,27622,369728,55153,7357,47796,617812,136824,53590,83234,410564,41570,368994,70424,13319,57105,12,095,2013
"Osceola County, Florida",298504,296225,145204,38929,18615,20314,90044,9522,80522,16231,1386,14845,151021,36832,17702,19130,94186,13000,81186,20003,4063,15940,12,097,2013
"Palm Beach County, Florida",1372171,1360633,657276,137782,53695,84087,386136,26872,359264,133358,10896,122462,703357,132448,52144,80304,400718,34444,366274,170191,16356,153835,12,099,2013
"Pasco County, Florida",475502,469219,227360,49733,16098,33635,130100,14688,115412,47527,5764,41763,241859,48022,16274,31748,138771,16617,122154,55066,7510,47556,12,101,2013
"Pinellas County, Florida",929048,917645,439385,81806,31577,50229,267882,23222,244660,89697,8325,81372,478260,78181,29502,48679,285397,30288,255109,114682,12661,102021,12,103,2013
"Polk County, Florida",623009,613611,298229,73270,31280,41990,170898,19680,151218,54061,5268,48793,315382,69752,29719,40033,182449,29431,153018,63181,7073,56108,12,105,2013
"Putnam County, Florida",72577,71570,35270,8664,4298,4366,19946,2463,17483,6660,757,5903,36300,7625,4591,3034,21019,4655,16364,7656,824,6832,12,107,2013
"St. Johns County, Florida",209647,207780,101880,23691,4325,19366,61033,3212,57821,17156,1223,15933,105900,22519,3637,18882,64272,5603,58669,19109,1222,17887,12,109,2013
"St. Lucie County, Florida",286832,284719,138486,30890,18015,12875,78195,8115,70080,29401,3859,25542,146233,30014,16430,13584,82542,15074,67468,33677,4676,29001,12,111,2013
"Santa Rosa County, Florida",161096,150914,71561,18214,5952,12262,43294,2969,40325,10053,447,9606,79353,18701,6235,12466,49349,5533,43816,11303,1236,10067,12,113,2013
"Sarasota County, Florida",390429,386807,184142,30281,10132,20149,95082,8851,86231,58779,3357,55422,202665,29470,11024,18446,104125,12387,91738,69070,4437,64633,12,115,2013
"Seminole County, Florida",436041,433820,209593,48041,12869,35172,135920,7658,128262,25632,2535,23097,224227,46801,13452,33349,144714,10256,134458,32712,4749,27963,12,117,2013
"Sumter County, Florida",107056,98108,46755,4402,2523,1879,14906,1285,13621,27447,1573,25874,51353,3724,1847,1877,20110,2119,17991,27519,568,26951,12,119,2013
"Volusia County, Florida",500800,494791,239644,45962,18246,27716,143533,13365,130168,50149,5270,44879,255147,45030,17674,27356,148103,17313,130790,62014,8357,53657,12,127,2013
"Marion County, Oregon",323614,315965,154791,42342,21359,20983,93380,8862,84518,19069,2163,16906,161174,40393,18044,22349,96203,14577,81626,24578,3709,20869,41,047,2013
"Multnomah County, Oregon",766135,760665,374923,78487,30981,47506,259153,25345,233808,37283,5489,31794,385742,73993,28321,45672,262207,33050,229157,49542,9088,40454,41,051,2013
"Polk County, Oregon",76794,76604,36787,9654,4578,5076,21780,2599,19181,5353,327,5026,39817,8422,3485,4937,24900,3859,21041,6495,889,5606,41,053,2013
"Umatilla County, Oregon",76720,72482,36316,10466,5227,5239,21216,1929,19287,4634,544,4090,36166,9422,4111,5311,21360,3931,17429,5384,587,4797,41,059,2013
"Washington County, Oregon",554996,551841,271876,69473,16710,52763,175208,10414,164794,27195,2914,24281,279965,67206,16914,50292,177468,12543,164925,35291,4013,31278,41,067,2013
"Yamhill County, Oregon",100725,98947,49175,12417,4453,7964,30256,2577,27679,6502,557,5945,49772,11376,4061,7315,30002,3278,26724,8394,1157,7237,41,071,2013
"Adams County, Pennsylvania",101546,100335,50045,11062,3122,7940,31082,1512,29570,7901,662,7239,50290,10224,2911,7313,30875,2590,28285,9191,1024,8167,42,001,2013
"Allegheny County, Pennsylvania",1231527,1217701,584414,119741,41511,78230,380763,31635,349128,83910,10111,73799,633287,115655,39757,75898,398156,45985,352171,119476,14777,104699,42,003,2013
"Armstrong County, Pennsylvania",68107,67579,33643,7070,2679,4391,20811,2180,18631,5762,512,5250,33936,6444,2268,4176,20132,3378,16754,7360,1111,6249,42,005,2013
"Beaver County, Pennsylvania",170115,169027,81283,16919,5737,11182,50531,4459,46072,13833,915,12918,87744,16672,6086,10586,52413,6372,46041,18659,3114,15545,42,007,2013
"Berks County, Pennsylvania",413521,408463,200666,48447,19235,29212,124676,10959,113717,27543,2422,25121,207797,46129,18701,27428,127222,18477,108745,34446,4003,30443,42,011,2013
"Blair County, Pennsylvania",126314,124793,60104,12636,6194,6442,38171,4985,33186,9297,1008,8289,64689,12939,5569,7370,38345,6917,31428,13405,1736,11669,42,013,2013
"Bucks County, Pennsylvania",626976,620605,303840,69364,14579,54785,190889,8285,182604,43587,3442,40145,316765,66554,13232,53322,195283,13551,181732,54928,4957,49971,42,017,2013
"Butler County, Pennsylvania",185476,183416,90844,19750,4184,15566,57829,4126,53703,13265,1064,12201,92572,18816,4058,14758,57281,5505,51776,16475,2288,14187,42,019,2013
"Cambria County, Pennsylvania",140499,135689,65891,13504,5994,7510,41013,4600,36413,11374,1224,10150,69798,13273,5548,7725,41294,7273,34021,15231,2447,12784,42,021,2013
"Carbon County, Pennsylvania",64786,63954,31409,6407,2567,3840,19118,1753,17365,5884,536,5348,32545,6570,2540,4030,19830,2686,17144,6145,701,5444,42,025,2013
"Centre County, Pennsylvania",155403,152194,77646,11693,2439,9254,57152,2292,54860,8801,532,8269,74548,12090,2365,9725,52599,3309,49290,9859,592,9267,42,027,2013
"Chester County, Pennsylvania",509468,504192,247791,62146,11694,50452,154689,5027,149662,30956,1461,29495,256401,58395,11285,47110,159405,9023,150382,38601,2670,35931,42,029,2013
"Clearfield County, Pennsylvania",81174,75914,37153,7633,3594,4039,23026,3685,19341,6494,463,6031,38761,7836,3165,4671,22770,4340,18430,8155,1027,7128,42,033,2013
"Columbia County, Pennsylvania",66797,66048,31378,6314,2148,4166,20454,1580,18874,4610,410,4200,34670,6147,2300,3847,22281,2528,19753,6242,924,5318,42,037,2013
"Crawford County, Pennsylvania",87376,85878,42234,9680,4073,5607,25603,3378,22225,6951,776,6175,43644,9138,3247,5891,26259,4314,21945,8247,818,7429,42,039,2013
"Cumberland County, Pennsylvania",241212,234916,113331,24213,5159,19054,72520,4481,68039,16598,767,15831,121585,24658,5384,19274,75201,5884,69317,21726,2216,19510,42,041,2013
"Dauphin County, Pennsylvania",270937,267687,128938,31282,11039,20243,81416,7257,74159,16240,1286,14954,138749,29674,11154,18520,87235,11169,76066,21840,2625,19215,42,043,2013
"Delaware County, Pennsylvania",561973,554556,265112,64330,20466,43864,167535,14250,153285,33247,2732,30515,289444,61881,18412,43469,180427,24146,156281,47136,4964,42172,42,045,2013
"Erie County, Pennsylvania",280294,275132,134147,31177,14949,16228,85000,11742,73258,17970,1386,16584,140985,29710,13411,16299,87725,16278,71447,23550,3386,20164,42,049,2013
"Fayette County, Pennsylvania",134999,131664,63002,13394,5815,7579,39354,5531,33823,10254,968,9286,68662,13427,5915,7512,40708,8323,32385,14527,2573,11954,42,051,2013
"Franklin County, Pennsylvania",152085,150466,73909,18381,5637,12744,43733,3278,40455,11795,536,11259,76557,16855,5009,11846,45191,4990,40201,14511,1538,12973,42,055,2013
"Indiana County, Pennsylvania",87745,86184,43027,8511,2408,6103,28261,1886,26375,6255,402,5853,43157,7434,1727,5707,27835,3647,24188,7888,1083,6805,42,063,2013
"Lackawanna County, Pennsylvania",213931,210045,100788,21841,8739,13102,63295,6839,56456,15652,1895,13757,109257,20981,8245,12736,66380,13013,53367,21896,3436,18460,42,069,2013
"Lancaster County, Pennsylvania",529600,521932,253972,64504,18816,45688,153218,10888,142330,36250,2888,33362,267960,63910,15640,48270,159821,19340,140481,44229,3972,40257,42,071,2013
"Lawrence County, Pennsylvania",89333,88369,42887,8859,4015,4844,26711,3096,23615,7317,609,6708,45482,9265,4331,4934,26643,4577,22066,9574,1439,8135,42,073,2013
"Lebanon County, Pennsylvania",135486,133907,65522,15418,4782,10636,39735,2787,36948,10369,1130,9239,68385,15387,5700,9687,40068,3949,36119,12930,1764,11166,42,075,2013
"Lehigh County, Pennsylvania",355092,350316,170922,41640,15827,25813,106290,10908,95382,22992,1835,21157,179394,39319,15382,23937,110427,14975,95452,29648,2383,27265,42,077,2013
"Luzerne County, Pennsylvania",320103,312260,152477,32334,15881,16453,95822,9996,85826,24321,2374,21947,159783,30663,12979,17684,95981,15010,80971,33139,4491,28648,42,079,2013
"Lycoming County, Pennsylvania",116754,113718,57354,12619,3929,8690,36316,3939,32377,8419,740,7679,56364,11148,3429,7719,34631,5284,29347,10585,1406,9179,42,081,2013
"Mercer County, Pennsylvania",115195,111289,54073,11985,5189,6796,33125,4002,29123,8963,480,8483,57216,10816,3232,7584,34167,5191,28976,12233,1431,10802,42,085,2013
"Monroe County, Pennsylvania",167148,165998,82678,19093,5884,13209,52707,4187,48520,10878,372,10506,83320,16812,6570,10242,53663,4647,49016,12845,1506,11339,42,089,2013
"Montgomery County, Pennsylvania",812376,798377,385741,91909,16838,75071,240382,11327,229055,53450,3295,50155,412636,88335,16154,72181,253223,14403,238820,71078,5941,65137,42,091,2013
"Northampton County, Pennsylvania",299791,296689,145349,31937,8511,23426,92033,6322,85711,21379,2164,19215,151340,30119,8664,21455,94101,11133,82968,27120,3271,23849,42,095,2013
"Northumberland County, Pennsylvania",94076,90401,44513,9810,4382,5428,27314,2653,24661,7389,1017,6372,45888,8790,3238,5552,27279,3885,23394,9819,1437,8382,42,097,2013
"Philadelphia County, Pennsylvania",1553165,1538711,727316,175376,106870,68506,477565,80896,396669,74375,15730,58645,811395,169218,101363,67855,530706,125540,405166,111471,26501,84970,42,101,2013
"Schuylkill County, Pennsylvania",146920,140449,69506,15087,5786,9301,43111,4286,38825,11308,1191,10117,70943,13593,5441,8152,42441,6391,36050,14909,1813,13096,42,107,2013
"Somerset County, Pennsylvania",76520,71820,35358,7097,2386,4711,21652,2016,19636,6609,1131,5478,36462,7143,2372,4771,21464,2429,19035,7855,1187,6668,42,111,2013
"Washington County, Pennsylvania",208206,206583,101317,21504,6711,14793,63457,4258,59199,16356,1198,15158,105266,20042,5670,14372,64236,7602,56634,20988,3260,17728,42,125,2013
"Westmoreland County, Pennsylvania",362437,358332,174834,35298,12861,22437,108686,9256,99430,30850,2985,27865,183498,33549,10974,22575,109449,15815,93634,40500,4012,36488,42,129,2013
"York County, Pennsylvania",438965,434202,214327,50979,14750,36229,133283,9322,123961,30065,2537,27528,219875,48012,15543,32469,135617,15458,120159,36246,3706,32540,42,133,2013
"Kent County, Rhode Island",165035,163640,79615,16521,4291,12230,51599,3908,47691,11495,1005,10490,84025,15310,3411,11899,52671,6132,46539,16044,2307,13737,44,003,2013
"Newport County, Rhode Island",82397,79837,39248,7853,1639,6214,24561,1696,22865,6834,787,6047,40589,6909,1219,5690,25545,2087,23458,8135,535,7600,44,005,2013
"Providence County, Rhode Island",628600,618587,300774,69016,32243,36773,196474,22429,174045,35284,5440,29844,317813,63814,28451,35363,206030,38410,167620,47969,10252,37717,44,007,2013
"Washington County, Rhode Island",126259,125409,61104,11942,3006,8936,39736,2401,37335,9426,547,8879,64305,11365,2849,8516,41619,3728,37891,11321,980,10341,44,009,2013
"Aiken County, South Carolina",164176,162415,78836,18995,10120,8875,47697,5822,41875,12144,753,11391,83579,17265,8464,8801,51423,8167,43256,14891,1521,13370,45,003,2013
"Anderson County, South Carolina",190641,189425,91913,23194,8415,14779,55164,5238,49926,13555,1117,12438,97512,21392,9271,12121,58549,8174,50375,17571,1849,15722,45,007,2013
"Beaufort County, South Carolina",171838,165074,79452,17828,5471,12357,43186,2378,40808,18438,2620,15818,85622,17087,6530,10557,47702,4083,43619,20833,2266,18567,45,013,2013
"Berkeley County, South Carolina",194020,189106,92167,24662,8514,16148,57229,4430,52799,10276,874,9402,96939,22764,7286,15478,62003,7076,54927,12172,1567,10605,45,015,2013
"Charleston County, South Carolina",372803,367000,174733,37715,13081,24634,114547,6717,107830,22471,1599,20872,192267,37993,13391,24602,125498,11931,113567,28776,3008,25768,45,019,2013
"Darlington County, South Carolina",67935,66963,31498,7930,3374,4556,19110,2573,16537,4458,934,3524,35465,7747,4119,3628,21743,4429,17314,5975,1348,4627,45,031,2013
"Dorchester County, South Carolina",145397,142904,69305,19826,6146,13680,42416,3382,39034,7063,390,6673,73599,18002,6404,11598,47017,3471,43546,8580,1185,7395,45,035,2013
"Florence County, South Carolina",138326,136793,64650,17096,8725,8371,39502,4811,34691,8052,1332,6720,72143,16330,7736,8594,44871,9516,35355,10942,2811,8131,45,041,2013
"Greenville County, South Carolina",474266,469443,227148,57214,20776,36438,142288,11043,131245,27646,2427,25219,242295,54917,21264,33653,150751,16141,134610,36627,4549,32078,45,045,2013
"Greenwood County, South Carolina",69723,68497,32883,8644,4576,4068,19573,1404,18169,4666,634,4032,35614,7407,4091,3316,21807,4651,17156,6400,534,5866,45,047,2013
"Horry County, South Carolina",289650,288322,140519,29096,14426,14670,85105,6377,78728,26318,1935,24383,147803,27604,14900,12704,90752,11014,79738,29447,3626,25821,45,051,2013
"Lancaster County, South Carolina",80458,78673,37698,8625,2510,6115,22778,2030,20748,6295,747,5548,40975,9038,3101,5937,24241,4881,19360,7696,894,6802,45,057,2013
"Laurens County, South Carolina",66229,64827,31180,7199,4064,3135,19725,1573,18152,4256,474,3782,33647,7632,3323,4309,20479,2673,17806,5536,953,4583,45,059,2013
"Lexington County, South Carolina",273752,270542,130912,32139,11228,20911,82310,5039,77271,16463,1587,14876,139630,32419,11161,21258,87082,8151,78931,20129,2468,17661,45,063,2013
"Oconee County, South Carolina",75045,74545,36909,7566,4056,3510,21827,1720,20107,7516,729,6787,37636,7690,4279,3411,21925,3302,18623,8021,1557,6464,45,073,2013
"Orangeburg County, South Carolina",90942,90255,43068,11410,6804,4606,25421,2396,23025,6237,999,5238,47187,9076,5786,3290,29669,5478,24191,8442,2059,6383,45,075,2013
"Pickens County, South Carolina",119829,119141,59196,11636,4855,6781,39833,2953,36880,7727,216,7511,59945,11548,4539,7009,38628,3938,34690,9769,1877,7892,45,077,2013
"Richland County, South Carolina",399256,374828,175081,43929,17401,26528,114121,7624,106497,17031,1944,15087,199747,43296,16814,26482,131714,15701,116013,24737,3430,21307,45,079,2013
"Spartanburg County, South Carolina",290969,286707,136606,34512,14332,20180,83969,6389,77580,18125,914,17211,150101,34679,14891,19788,92037,10138,81899,23385,3444,19941,45,083,2013
"Sumter County, South Carolina",108123,104023,48780,13401,7409,5992,29339,3985,25354,6040,1225,4815,55243,13169,6980,6189,33395,5146,28249,8679,2157,6522,45,085,2013
"York County, South Carolina",239363,237952,113774,29384,8760,20624,71117,5218,65899,13273,1565,11708,124178,30180,8895,21285,77419,7412,70007,16579,1765,14814,45,091,2013
"Minnehaha County, South Dakota",179640,176731,88561,23239,6977,16262,56083,3288,52795,9239,738,8501,88170,21343,6367,14976,55673,4553,51120,11154,1254,9900,46,099,2013
"Barrow County, Georgia",71453,71309,35651,10742,3971,6771,21702,1017,20685,3207,340,2867,35658,8832,3672,5160,22411,2210,20201,4415,444,3971,13,013,2013
"Bartow County, Georgia",101273,100334,50630,12405,5391,7014,32271,3514,28757,5954,511,5443,49704,12129,4178,7951,30486,4737,25749,7089,1059,6030,13,015,2013
"Bibb County, Georgia",154721,151256,70963,20752,11866,8886,42058,4317,37741,8153,1104,7049,80293,18234,11057,7177,49957,8084,41873,12102,2225,9877,13,021,2013
"Bulloch County, Georgia",71214,70400,34222,6850,3395,3455,24039,515,23524,3333,457,2876,36178,7767,4538,3229,24425,1622,22803,3986,587,3399,13,031,2013
"Carroll County, Georgia",112355,110988,52753,13367,5322,8045,33941,3968,29973,5445,437,5008,58235,14292,6970,7322,36190,5720,30470,7753,1692,6061,13,045,2013
"Catoosa County, Georgia",65311,64835,31335,8532,3113,5419,18598,1594,17004,4205,380,3825,33500,7311,2300,5011,20626,1614,19012,5563,880,4683,13,047,2013
"Chatham County, Georgia",278434,270271,127638,31979,10109,21870,79914,5619,74295,15745,2081,13664,142633,29930,11542,18388,92292,7902,84390,20411,3317,17094,13,051,2013
"Cherokee County, Georgia",225106,224194,109989,30447,6085,24362,67795,3152,64643,11747,168,11579,114205,29618,7197,22421,70128,4651,65477,14459,1064,13395,13,057,2013
"Clarke County, Georgia",121265,120247,57251,11169,4551,6618,41865,2173,39692,4217,917,3300,62996,9958,4872,5086,46729,4589,42140,6309,859,5450,13,059,2013
"Clayton County, Georgia",264220,260407,122590,38287,21218,17069,75950,6170,69780,8353,1269,7084,137817,36570,21827,14743,89766,11864,77902,11481,1974,9507,13,063,2013
"Cobb County, Georgia",717190,712969,344625,90229,27538,62691,223338,6368,216970,31058,2590,28468,368344,87878,24135,63743,240245,10372,229873,40221,4341,35880,13,067,2013
"Columbia County, Georgia",135416,132208,63560,18218,3572,14646,39066,2626,36440,6276,586,5690,68648,17542,3125,14417,43037,2717,40320,8069,795,7274,13,073,2013
"Coweta County, Georgia",133180,132095,64246,17534,5409,12125,39361,2926,36435,7351,800,6551,67849,17310,5772,11538,41872,3060,38812,8667,1784,6883,13,077,2013
"DeKalb County, Georgia",713340,707353,336485,85630,39465,46165,222645,14680,207965,28210,3131,25079,370868,82637,38499,44138,247543,23628,223915,40688,6449,34239,13,089,2013
"Dougherty County, Georgia",92969,90668,41341,12112,6743,5369,24582,3008,21574,4647,517,4130,49327,11455,7238,4217,31056,5919,25137,6816,1460,5356,13,095,2013
"Douglas County, Georgia",136379,135327,64159,17774,8595,9179,40267,2821,37446,6118,576,5542,71168,18955,6896,12059,44932,3388,41544,7281,1268,6013,13,097,2013
"Fayette County, Georgia",108365,107302,51637,13035,2263,10772,31026,2342,28684,7576,85,7491,55665,13312,1433,11879,33408,1986,31422,8945,708,8237,13,113,2013
"Floyd County, Georgia",95821,93726,45404,11253,6087,5166,28340,3845,24495,5811,821,4990,48322,11246,5373,5873,29394,4988,24406,7682,1009,6673,13,115,2013
"Forsyth County, Georgia",195405,194927,96700,29147,5384,23763,57889,1772,56117,9664,405,9259,98227,28294,4104,24190,58619,1666,56953,11314,1378,9936,13,117,2013
"Fulton County, Georgia",984293,975744,471823,116591,36957,79634,314554,17014,297540,40678,4753,35925,503921,114255,37036,77219,332876,27134,305742,56790,9129,47661,13,121,2013
"Glynn County, Georgia",81508,80497,36402,8930,3534,5396,21508,1311,20197,5964,514,5450,44095,10490,5642,4848,26118,4249,21869,7487,1134,6353,13,127,2013
"Gwinnett County, Georgia",859304,853699,417189,122731,44115,78616,264255,10331,253924,30203,3215,26988,436510,119019,40264,78755,277854,14102,263752,39637,7238,32399,13,135,2013
"Hall County, Georgia",187745,186284,94994,28203,14197,14006,56231,2234,53997,10560,1666,8894,91290,22567,8696,13871,55387,3463,51924,13336,1888,11448,13,139,2013
"Henry County, Georgia",211128,209885,100670,30418,10429,19989,61369,3622,57747,8883,615,8268,109215,27981,9642,18339,69945,3430,66515,11289,940,10349,13,151,2013
"Houston County, Georgia",147658,144662,70639,20286,7508,12778,43029,1491,41538,7324,1124,6200,74023,17949,5290,12659,46914,3637,43277,9160,1980,7180,13,153,2013
"Liberty County, Georgia",64135,58585,27100,9325,2852,6473,16052,1290,14762,1723,102,1621,31485,9556,2624,6932,19505,1409,18096,2424,354,2070,13,179,2013
"Lowndes County, Georgia",112916,108164,51647,14119,5871,8248,32779,3470,29309,4749,512,4237,56517,14066,6096,7970,35884,3763,32121,6567,932,5635,13,185,2013
"Muscogee County, Georgia",202824,188959,86675,25550,9641,15909,52019,6327,45692,9106,1558,7548,102284,24287,8700,15587,64126,7749,56377,13871,3879,9992,13,215,2013
"Newton County, Georgia",102446,101630,47916,13722,4740,8982,29197,2651,26546,4997,1039,3958,53714,14191,6455,7736,33156,3120,30036,6367,1974,4393,13,217,2013
"Paulding County, Georgia",146950,146321,71205,21105,6334,14771,44742,1439,43303,5358,448,4910,75116,20498,6754,13744,47473,2265,45208,7145,1275,5870,13,223,2013
"Richmond County, Georgia",202003,193202,90840,24494,12329,12165,56259,7238,49021,10087,1243,8844,102362,23764,13569,10195,65325,10871,54454,13273,2156,11117,13,245,2013
"Rockdale County, Georgia",86919,86203,41071,11263,2548,8715,25225,1782,23443,4583,460,4123,45132,10999,3545,7454,28388,2432,25956,5745,1654,4091,13,247,2013
"Troup County, Georgia",69053,67587,31904,8883,3497,5386,19472,1365,18107,3549,321,3228,35683,9115,3565,5550,21453,3714,17739,5115,901,4214,13,285,2013
"Walker County, Georgia",68198,66959,32432,7924,2715,5209,19828,1357,18471,4680,950,3730,34527,7610,2491,5119,20523,2451,18072,6394,2073,4321,13,295,2013
"Walton County, Georgia",85754,85087,38873,10134,3815,6319,23937,1599,22338,4802,309,4493,46214,12158,4057,8101,27411,2981,24430,6645,1397,5248,13,297,2013
"Whitfield County, Georgia",102945,101994,50269,14136,7156,6980,30746,2058,28688,5387,800,4587,51725,13613,6510,7103,30878,3079,27799,7234,853,6381,13,313,2013
"Hawaii County, Hawaii",190821,189965,95295,22202,11440,10762,57737,10153,47584,15356,1602,13754,94670,20332,8842,11490,58106,10956,47150,16232,2046,14186,15,001,2013
"Honolulu County, Hawaii",983429,927294,450545,109049,29629,79420,276320,24919,251401,65176,9141,56035,476749,103955,28875,75080,288739,34994,253745,84055,12812,71243,15,003,2013
"Kauai County, Hawaii",69512,68845,34895,8326,2548,5778,21254,2170,19084,5315,276,5039,33950,7197,2790,4407,20503,2760,17743,6250,289,5961,15,007,2013
"Maui County, Hawaii",160195,158986,80593,18868,6120,12748,51010,4258,46752,10715,990,9725,78393,16919,4816,12103,48813,7282,41531,12661,1413,11248,15,009,2013
"Ada County, Idaho",416464,410727,204590,55546,11310,44236,126925,6013,120912,22119,2362,19757,206137,50741,9631,41110,127784,7128,120656,27612,4116,23496,16,001,2013
"Bannock County, Idaho",83249,81967,40710,11221,3407,7814,25004,2267,22737,4485,572,3913,41257,10812,3446,7366,25071,3073,21998,5374,605,4769,16,005,2013
"Bonneville County, Idaho",107517,106173,51904,16820,5999,10821,29652,2146,27506,5432,430,5002,54269,17005,6926,10079,30549,3548,27001,6715,398,6317,16,019,2013
"Canyon County, Idaho",198871,197258,97903,30913,16326,14587,55821,5931,49890,11169,926,10243,99355,29500,14419,15081,57286,9064,48222,12569,1141,11428,16,027,2013
"Kootenai County, Idaho",144265,143100,70569,17374,6333,11041,42179,3643,38536,11016,720,10296,72531,16553,6609,9944,43858,3716,40142,12120,1103,11017,16,055,2013
"Twin Falls County, Idaho",79957,79081,39243,11604,4048,7556,22406,1459,20947,5233,644,4589,39838,10543,3783,6760,23069,2409,20660,6226,836,5390,16,083,2013
"Adams County, Illinois",67130,65830,31978,7433,3007,4426,19441,3028,16413,5104,566,4538,33852,7124,2367,4757,20501,4224,16277,6227,697,5530,17,001,2013
"Champaign County, Illinois",204897,202827,102033,20215,6864,13351,71837,4616,67221,9981,831,9150,100794,18590,6262,12328,70244,8475,61769,11960,1004,10956,17,019,2013
"Cook County, Illinois",5240700,5195792,2520545,607903,295958,311945,1642512,139113,1503399,270130,33204,236926,2675247,588847,285694,303153,1715158,258819,1456339,371242,60569,310673,17,031,2013
"DeKalb County, Illinois",104741,103792,50698,11992,5697,6295,33990,2440,31550,4716,501,4215,53094,10922,4353,6569,36176,5631,30545,5996,683,5313,17,037,2013
"DuPage County, Illinois",932126,926095,455366,113109,27833,85276,290606,14767,275839,51651,3411,48240,470729,108662,26776,81886,296759,22721,274038,65308,4698,60610,17,043,2013
"Kane County, Illinois",523643,520509,258904,73040,28720,44320,159427,10282,149145,26437,1900,24537,261605,71445,31555,39890,158277,16211,142066,31883,2906,28977,17,089,2013
"Kankakee County, Illinois",112120,109878,53307,13941,6235,7706,32840,3927,28913,6526,536,5990,56571,13476,5703,7773,34224,6090,28134,8871,753,8118,17,091,2013
"Kendall County, Illinois",119348,119073,58437,18520,4832,13688,35828,2252,33576,4089,16,4073,60636,17431,4423,13008,38077,3927,34150,5128,16,5112,17,093,2013
"Lake County, Illinois",703019,688290,340767,92833,27798,65035,212369,10760,201609,35565,2217,33348,347523,88530,24991,63539,214114,17047,197067,44879,3871,41008,17,097,2013
"LaSalle County, Illinois",112183,109358,54212,12470,5262,7208,33775,3382,30393,7967,596,7371,55146,12447,5278,7169,32672,5516,27156,10027,941,9086,17,099,2013
"McHenry County, Illinois",307409,306139,152441,40406,8529,31877,95882,4798,91084,16153,765,15388,153698,37654,9538,28116,96981,7318,89663,19063,1291,17772,17,111,2013
"McLean County, Illinois",174647,173592,84396,19435,4241,15194,57024,3442,53582,7937,631,7306,89196,19165,4986,14179,59757,5757,54000,10274,602,9672,17,113,2013
"Macon County, Illinois",109278,106572,50730,11942,5334,6608,30740,3024,27716,8048,360,7688,55842,12352,5298,7054,33415,6592,26823,10075,1235,8840,17,115,2013
"Madison County, Illinois",267225,263878,128977,30934,10326,20608,80922,7523,73399,17121,1137,15984,134901,28367,9587,18780,84100,11734,72366,22434,2215,20219,17,119,2013
"Peoria County, Illinois",188429,186221,90018,22936,11185,11751,55263,5633,49630,11819,1044,10775,96203,21569,10540,11029,59207,9964,49243,15427,1980,13447,17,143,2013
"Rock Island County, Illinois",147258,144738,70504,16580,8304,8276,43225,3747,39478,10699,1460,9239,74234,16388,7386,9002,44275,7465,36810,13571,1087,12484,17,161,2013
"St. Clair County, Illinois",266955,261086,125655,33276,12857,20419,77178,5018,72160,15201,1243,13958,135431,31391,13804,17587,84669,18186,66483,19371,2364,17007,17,163,2013
"Sangamon County, Illinois",199145,197276,94390,22884,10241,12643,59021,4986,54035,12485,956,11529,102886,22990,9029,13961,63664,10215,53449,16232,1609,14623,17,167,2013
"Tazewell County, Illinois",136352,133774,66191,16191,4242,11949,40677,2794,37883,9323,262,9061,67583,15178,3728,11450,40544,4399,36145,11861,1432,10429,17,179,2013
"Vermilion County, Illinois",80329,77904,37849,9745,4001,5744,22229,2752,19477,5875,332,5543,40055,9568,4737,4831,23427,5073,18354,7060,856,6204,17,183,2013
"Will County, Illinois",682829,675757,333740,95201,25907,69294,206710,11260,195450,31829,2176,29653,342017,90328,24490,65838,212005,20076,191929,39684,3606,36078,17,197,2013
"Williamson County, Illinois",66924,64907,31309,7519,3449,4070,18994,1172,17822,4796,226,4570,33598,7065,2527,4538,20316,4446,15870,6217,469,5748,17,199,2013
"Winnebago County, Illinois",290666,287423,141126,36065,18736,17329,85800,8801,76999,19261,1907,17354,146297,34042,16720,17322,88813,16807,72006,23442,2657,20785,17,201,2013
"Allen County, Indiana",363014,359522,174691,47932,17907,30025,107594,7557,100037,19165,1477,17688,184831,47410,16021,31389,112387,12896,99491,25034,2440,22594,18,003,2013
"Bartholomew County, Indiana",79587,78641,39408,9913,2252,7661,24469,2347,22122,5026,81,4945,39233,9669,2592,7077,23194,1884,21310,6370,989,5381,18,005,2013
"Clark County, Indiana",112938,111322,54169,13617,4622,8995,33903,2635,31268,6649,630,6019,57153,12593,4907,7686,35962,2823,33139,8598,1221,7377,18,019,2013
"Delaware County, Indiana",117484,116175,55832,11086,4488,6598,37224,3651,33573,7522,634,6888,60343,11292,5329,5963,39419,4411,35008,9632,1347,8285,18,035,2013
"Elkhart County, Indiana",200563,198253,97284,28617,10181,18436,57663,3953,53710,11004,1024,9980,100969,27426,10478,16948,59372,7109,52263,14171,1769,12402,18,039,2013
"Floyd County, Indiana",76244,75297,36303,8859,1496,7363,22975,1151,21824,4469,197,4272,38994,9085,2111,6974,24348,1939,22409,5561,606,4955,18,043,2013
"Grant County, Indiana",69126,68211,32283,7213,3765,3448,19663,2322,17341,5407,644,4763,35928,7357,4066,3291,22160,4562,17598,6411,942,5469,18,053,2013
"Hamilton County, Indiana",296693,295399,144315,43921,2865,41056,87142,1326,85816,13252,773,12479,151084,42112,4041,38071,93024,2710,90314,15948,643,15305,18,057,2013
"Hancock County, Indiana",71575,70996,34602,8764,1536,7228,21166,1181,19985,4672,436,4236,36394,8322,1649,6673,22600,914,21686,5472,533,4939,18,059,2013
"Hendricks County, Indiana",153879,151592,74298,20029,2316,17713,46296,1512,44784,7973,460,7513,77294,20315,4074,16241,47183,2396,44787,9796,653,9143,18,063,2013
"Howard County, Indiana",82760,81884,39332,9610,3408,6202,23619,2290,21329,6103,107,5996,42552,9391,3825,5566,25347,3447,21900,7814,832,6982,18,067,2013
"Johnson County, Indiana",145535,143541,69718,19325,5401,13924,42268,2531,39737,8125,224,7901,73823,18075,5251,12824,45732,6072,39660,10016,584,9432,18,081,2013
"Kosciusko County, Indiana",77963,77240,39101,10103,2569,7534,23958,976,22982,5040,214,4826,38139,8810,2755,6055,23223,1998,21225,6106,564,5542,18,085,2013
"Lake County, Indiana",491456,487855,236223,61962,23589,38373,144840,11795,133045,29421,3948,25473,251632,59606,23299,36307,153430,20233,133197,38596,4563,34033,18,089,2013
"LaPorte County, Indiana",111281,102414,49038,12251,5288,6963,29565,2625,26940,7222,402,6820,53376,12266,4386,7880,32043,3887,28156,9067,836,8231,18,091,2013
"Madison County, Indiana",130482,125179,60994,15266,6511,8755,36501,3422,33079,9227,897,8330,64185,13913,6590,7323,38687,6426,32261,11585,1268,10317,18,095,2013
"Marion County, Indiana",928281,917796,441789,117891,58321,59570,282835,30815,252020,41063,4552,36511,476007,112343,53675,58668,305462,53941,251521,58202,8510,49692,18,097,2013
"Monroe County, Indiana",141888,140985,70182,11707,3845,7862,51730,2181,49549,6745,323,6422,70803,11029,3224,7805,51169,3995,47174,8605,1011,7594,18,105,2013
"Morgan County, Indiana",69782,69201,34053,8809,3205,5604,20690,1636,19054,4554,705,3849,35148,7966,2398,5568,21923,1905,20018,5259,815,4444,18,109,2013
"Porter County, Indiana",166557,165189,80744,18902,5975,12927,51808,1954,49854,10034,374,9660,84445,19565,6298,13267,52576,4066,48510,12304,978,11326,18,127,2013
"St. Joseph County, Indiana",266709,264278,126895,32031,11215,20816,79581,5200,74381,15283,1312,13971,137383,31920,11069,20851,84565,7865,76700,20898,2286,18612,18,141,2013
"Tippecanoe County, Indiana",180174,178582,91370,19356,7346,12010,64683,2157,62526,7331,671,6660,87212,17816,5020,12796,59202,4631,54571,10194,550,9644,18,157,2013
"Vanderburgh County, Indiana",181398,178759,86594,20607,8124,12483,55143,6409,48734,10844,1239,9605,92165,19139,8754,10385,58099,6849,51250,14927,1989,12938,18,163,2013
"Vigo County, Indiana",108291,103753,50403,11553,4121,7432,33211,3315,29896,5639,576,5063,53350,10937,3689,7248,34005,5501,28504,8408,1476,6932,18,167,2013
"Wayne County, Indiana",67893,66749,31705,7949,3230,4719,18992,2798,16194,4764,213,4551,35044,7236,3366,3870,21184,4044,17140,6624,661,5963,18,177,2013
"Black Hawk County, Iowa",132546,131219,63957,14300,5180,9120,41414,4247,37167,8243,804,7439,67262,14176,4868,9308,42617,7377,35240,10469,1143,9326,19,013,2013
"Dallas County, Iowa",74641,74016,36151,10641,1597,9044,21891,819,21072,3619,637,2982,37865,10918,1340,9578,23005,938,22067,3942,396,3546,19,049,2013
"Dubuque County, Iowa",95697,94393,46802,11353,3251,8102,29412,2828,26584,6037,406,5631,47591,10649,3334,7315,28831,3197,25634,8111,845,7266,19,061,2013
"Johnson County, Iowa",139155,137432,67686,14651,4847,9804,47621,2669,44952,5414,155,5259,69746,13410,2605,10805,49227,3669,45558,7109,448,6661,19,103,2013
"Linn County, Iowa",216111,213995,104365,26636,7213,19423,65244,5547,59697,12485,867,11618,109630,24879,6187,18692,68632,8950,59682,16119,2342,13777,19,113,2013
"Polk County, Iowa",451677,446825,220495,58477,21618,36859,140023,13448,126575,21995,1681,20314,226330,54925,18896,36029,143001,20539,122462,28404,3668,24736,19,153,2013
"Pottawattamie County, Iowa",92728,91351,44618,11062,3644,7418,27571,2262,25309,5985,633,5352,46733,10775,4545,6230,28384,3493,24891,7574,1380,6194,19,155,2013
"Scott County, Iowa",170385,168395,83116,21569,8152,13417,51502,4870,46632,10045,874,9171,85279,19506,7337,12169,53155,7296,45859,12618,1692,10926,19,163,2013
"Story County, Iowa",92406,91718,47264,8387,2147,6240,34826,1258,33568,4051,126,3925,44454,7650,2037,5613,31689,2298,29391,5115,311,4804,19,169,2013
"Woodbury County, Iowa",102130,101149,49405,12981,5577,7404,30664,2332,28332,5760,524,5236,51744,13655,7021,6634,30723,4624,26099,7366,1149,6217,19,193,2013
"Butler County, Kansas",65803,63894,31481,8819,2634,6185,18962,1210,17752,3700,409,3291,32413,8451,2983,5468,19125,1522,17603,4837,801,4036,20,015,2013
"Douglas County, Kansas",114322,113683,55331,10003,2959,7044,40519,1687,38832,4809,672,4137,58352,11221,2890,8331,40567,2697,37870,6564,456,6108,20,045,2013
"Johnson County, Kansas",566933,562733,275464,74325,12162,62163,171783,5196,166587,29356,2315,27041,287269,70901,10906,59995,178794,5925,172869,37574,2485,35089,20,091,2013
"Leavenworth County, Kansas",78185,71144,35014,10108,2597,7511,21067,975,20092,3839,300,3539,36130,9142,2526,6616,21986,1025,20961,5002,723,4279,20,103,2013
"Riley County, Kansas",75394,69135,34487,6813,1318,5495,25311,1205,24106,2363,205,2158,34648,6077,405,5672,25165,1495,23670,3406,216,3190,20,161,2013
"Sedgwick County, Kansas",505415,498547,245485,68491,23338,45153,150189,9662,140527,26805,2476,24329,253062,65745,26011,39734,153372,15054,138318,33945,4774,29171,20,173,2013
"Shawnee County, Kansas",178831,175854,85017,21788,8467,13321,51760,4297,47463,11469,1377,10092,90837,21581,8329,13252,54100,5840,48260,15156,1873,13283,20,177,2013
"Wyandotte County, Kansas",160384,159180,78613,23160,13979,9181,48087,4031,44056,7366,1220,6146,80567,22140,12715,9425,48585,6385,42200,9842,2328,7514,20,209,2013
"Boone County, Kentucky",124442,123651,60924,17399,2841,14558,37536,1029,36507,5989,870,5119,62727,16909,4054,12855,38331,1264,37067,7487,1295,6192,21,015,2013
"Bullitt County, Kentucky",76854,76640,38198,9128,2587,6541,24474,971,23503,4596,472,4124,38442,8739,2344,6395,24237,1545,22692,5466,525,4941,21,029,2013
"Campbell County, Kentucky",90988,89320,43736,10955,3044,7911,27837,1818,26019,4944,406,4538,45584,9907,3624,6283,29111,2376,26735,6566,762,5804,21,037,2013
"Christian County, Kentucky",74167,66137,31209,10056,2129,7927,17822,1401,16421,3331,434,2897,34928,10359,2301,8058,20098,1946,18152,4471,754,3717,21,047,2013
"Daviess County, Kentucky",98218,96326,46014,11605,3568,8037,28222,1651,26571,6187,819,5368,50312,12479,3789,8690,29288,3841,25447,8545,1507,7038,21,059,2013
"Fayette County, Kentucky",308428,303056,147080,32909,12966,19943,100138,5283,94855,14033,917,13116,155976,32178,11220,20958,103940,8641,95299,19858,2702,17156,21,067,2013
"Hardin County, Kentucky",108191,102691,49716,14179,2894,11285,29915,1162,28753,5622,520,5102,52975,13242,5026,8216,32747,3709,29038,6986,1058,5928,21,093,2013
"Jefferson County, Kentucky",756832,748627,360870,88162,34341,53821,229463,17113,212350,43245,4883,38362,387757,83912,34287,49625,243397,24352,219045,60448,6523,53925,21,111,2013
"Kenton County, Kentucky",163145,161649,79101,20627,7011,13616,50428,2604,47824,8046,1020,7026,82548,20317,6389,13928,51176,5657,45519,11055,758,10297,21,117,2013
"McCracken County, Kentucky",65373,64274,30595,7197,3258,3939,18559,1702,16857,4839,391,4448,33679,7608,3666,3942,19994,2788,17206,6077,1110,4967,21,145,2013
"Madison County, Kentucky",85590,84765,41221,9156,2368,6788,27238,2212,25026,4827,671,4156,43544,8991,2767,6224,28744,3568,25176,5809,1144,4665,21,151,2013
"Pike County, Kentucky",63380,62698,30311,6787,2838,3949,19539,3141,16398,3985,694,3291,32387,6734,2882,3852,20056,5140,14916,5597,998,4599,21,195,2013
"Warren County, Kentucky",118370,117113,57105,13775,4886,8889,37435,2224,35211,5895,1162,4733,60008,12782,5182,7600,39854,3933,35921,7372,1138,6234,21,227,2013
"Ascension Parish, Louisiana",114393,113506,54692,15626,5844,9782,34339,1490,32849,4727,443,4284,58814,16313,3926,12387,36480,2201,34279,6021,858,5163,22,005,2013
"Bossier Parish, Louisiana",123823,118437,55684,15404,6144,9260,33822,2011,31811,6458,1042,5416,62753,16022,7082,8940,38703,3491,35212,8028,1012,7016,22,015,2013
"Caddo Parish, Louisiana",254887,250714,118777,31001,17239,13762,73057,8752,64305,14719,2912,11807,131937,30881,16392,14489,81488,13998,67490,19568,4623,14945,22,017,2013
"Calcasieu Parish, Louisiana",195296,193139,93249,24359,11759,12600,57758,5277,52481,11132,1251,9881,99890,24157,12173,11984,61673,7279,54394,14060,2833,11227,22,019,2013
"East Baton Rouge Parish, Louisiana",445227,442439,213045,51558,23696,27862,139667,10988,128679,21820,2429,19391,229394,50082,24268,25814,149608,18791,130817,29704,3545,26159,22,033,2013
"Iberia Parish, Louisiana",73878,73005,34792,9333,4169,5164,21473,1754,19719,3986,221,3765,38213,10332,5773,4559,22745,3469,19276,5136,409,4727,22,045,2013
"Jefferson Parish, Louisiana",434767,431711,209754,48568,24423,24145,134396,13127,121269,26790,4044,22746,221957,46754,25001,21753,139275,20379,118896,35928,5701,30227,22,051,2013
"Lafayette Parish, Louisiana",230845,228359,111714,28421,9841,18580,72713,4815,67898,10580,2008,8572,116645,26790,9734,17056,76589,6790,69799,13266,1976,11290,22,055,2013
"Lafourche Parish, Louisiana",97141,96363,46233,11002,5671,5331,29629,2228,27401,5602,786,4816,50130,12088,5684,6404,31247,4850,26397,6795,1219,5576,22,057,2013
"Livingston Parish, Louisiana",134053,132887,64446,17949,6041,11908,39844,1457,38387,6653,838,5815,68441,17496,5683,11813,42947,5275,37672,7998,1764,6234,22,063,2013
"Orleans Parish, Louisiana",378715,374027,178556,39759,23216,16543,120455,18952,101503,18342,3141,15201,195471,38033,21865,16168,132420,29567,102853,25018,5134,19884,22,071,2013
"Ouachita Parish, Louisiana",156220,149102,68614,20652,11766,8886,40208,4450,35758,7754,490,7264,80488,19375,9768,9607,49763,6629,43134,11350,1756,9594,22,073,2013
"Rapides Parish, Louisiana",132723,130405,62404,17134,9070,8064,37449,5556,31893,7821,1154,6667,68001,16313,7769,8544,40811,5783,35028,10877,3636,7241,22,079,2013
"St. Landry Parish, Louisiana",83454,82387,39154,10844,5640,5204,23177,2115,21062,5133,373,4760,43233,11080,6326,4754,25710,3765,21945,6443,1415,5028,22,097,2013
"St. Tammany Parish, Louisiana",242333,239887,115733,30454,11435,19019,69729,2879,66850,15550,1727,13823,124154,29733,10900,18833,75352,6279,69073,19069,2610,16459,22,103,2013
"Tangipahoa Parish, Louisiana",125412,124617,60533,16132,10053,6079,37572,4010,33562,6829,856,5973,64084,14947,8259,6688,40530,6072,34458,8607,1422,7185,22,105,2013
"Terrebonne Parish, Louisiana",112749,111421,54684,13986,5959,8027,34019,2253,31766,6679,969,5710,56737,14466,5325,9141,35466,4530,30936,6805,1573,5232,22,109,2013
"Androscoggin County, Maine",107604,106636,52551,12442,6074,6368,32985,6836,26149,7124,1068,6056,54085,11362,5357,6005,33999,8512,25487,8724,1910,6814,23,001,2013
"Aroostook County, Maine",70055,68898,33959,6711,3561,3150,20949,4979,15970,6299,1485,4814,34939,6440,3139,3301,21001,5085,15916,7498,2085,5413,23,003,2013
"Cumberland County, Maine",285456,282054,136397,29439,9948,19491,87965,11078,76887,18993,2054,16939,145657,27095,9585,17510,93282,16157,77125,25280,4692,20588,23,005,2013
"Kennebec County, Maine",121164,119736,58661,12301,5476,6825,37298,4994,32304,9062,1417,7645,61075,11732,4924,6808,38143,8400,29743,11200,2033,9167,23,011,2013
"Penobscot County, Maine",153364,151693,74305,14713,5942,8771,48860,8278,40582,10732,1578,9154,77388,14108,6829,7279,50362,10469,39893,12918,2875,10043,23,019,2013
"York County, Maine",199431,197659,96612,20620,6968,13652,60714,6530,54184,15278,1330,13948,101047,18902,4623,14279,63478,9777,53701,18667,2493,16174,23,031,2013
"Allegany County, Maryland",73521,68051,33138,6472,2507,3965,21040,2882,18158,5626,358,5268,34913,6380,2811,3569,21127,4353,16774,7406,1122,6284,24,001,2013
"Anne Arundel County, Maryland",555743,535307,259799,64875,13316,51559,163114,9036,154078,31810,2948,28862,275508,61517,13293,48224,174711,14281,160430,39280,4274,35006,24,003,2013
"Baltimore County, Maryland",823015,814946,386803,90468,26931,63537,244265,18830,225435,52070,4175,47895,428143,86923,25083,61840,270356,28262,242094,70864,8202,62662,24,005,2013
"Calvert County, Maryland",90484,89131,44057,11179,1642,9537,27974,1255,26719,4904,169,4735,45074,11060,2514,8546,28009,1646,26363,6005,814,5191,24,009,2013
"Carroll County, Maryland",167564,165608,81050,19210,2994,16216,51458,3431,48027,10382,409,9973,84558,19139,3822,15317,51969,4151,47818,13450,1385,12065,24,013,2013
"Cecil County, Maryland",101913,101004,50496,12560,3659,8901,31992,3229,28763,5944,470,5474,50508,11542,3048,8494,31510,3166,28344,7456,439,7017,24,015,2013
"Charles County, Maryland",152864,150233,71050,19407,4351,15056,44773,3053,41720,6870,713,6157,79183,19144,5167,13977,51344,4836,46508,8695,797,7898,24,017,2013
"Frederick County, Maryland",241409,238758,117881,30166,5838,24328,74766,4181,70585,12949,1241,11708,120877,28050,5439,22611,76105,5130,70975,16722,1467,15255,24,021,2013
"Harford County, Maryland",249215,246835,120831,30122,6142,23980,75857,5856,70001,14852,1399,13453,126004,28134,7348,20786,78991,8966,70025,18879,1448,17431,24,025,2013
"Howard County, Maryland",304580,302179,148597,39344,6529,32815,93475,5976,87499,15778,1442,14336,153582,36422,6257,30165,98018,6386,91632,19142,2154,16988,24,027,2013
"Montgomery County, Maryland",1016677,1008246,486440,121918,34144,87774,307711,14850,292861,56811,5302,51509,521806,117600,29321,88279,329366,21374,307992,74840,8832,66008,24,031,2013
"Prince George's County, Maryland",890081,883076,424017,102816,40167,62649,281676,21068,260608,39525,3768,35757,459059,99239,41793,57446,305494,33842,271652,54326,8370,45956,24,033,2013
"St. Mary's County, Maryland",109633,106402,52883,14033,2932,11101,33183,2895,30288,5667,433,5234,53519,13493,2153,11340,34269,4155,30114,5757,605,5152,24,037,2013
"Washington County, Maryland",149588,140782,68287,16711,6589,10122,42116,4921,37195,9460,783,8677,72495,16402,6033,10369,43996,5823,38173,12097,1957,10140,24,043,2013
"Wicomico County, Maryland",100896,99694,47611,10639,4973,5666,31082,3819,27263,5890,574,5316,52083,11024,4560,6464,33666,5524,28142,7393,1576,5817,24,045,2013
"Baltimore city, Maryland",622104,611236,284782,66517,40805,25712,189346,39123,150223,28919,5950,22969,326454,64553,39066,25487,218658,52835,165823,43243,9608,33635,24,510,2013
"Barnstable County, Massachusetts",214990,212611,100437,17552,6529,11023,57947,10176,47771,24938,2537,22401,112174,17179,6288,10891,63203,12400,50803,31792,4047,27745,25,001,2013
"Berkshire County, Massachusetts",129585,127187,61006,11726,4457,7269,38523,9080,29443,10757,935,9822,66181,11535,4465,7070,40625,11269,29356,14021,1914,12107,25,003,2013
"Bristol County, Massachusetts",552780,545342,265256,60978,22990,37988,168616,34125,134491,35662,5137,30525,280086,56828,20351,36477,177847,44479,133368,45411,8996,36415,25,005,2013
"Essex County, Massachusetts",762550,754490,362790,86725,29287,57438,227965,41236,186729,48100,7020,41080,391700,82445,29028,53417,245770,54393,191377,63485,14165,49320,25,009,2013
"Franklin County, Massachusetts",71221,70518,34146,6698,2577,4121,22085,4667,17418,5363,895,4468,36372,6525,2723,3802,22881,5161,17720,6966,1613,5353,25,011,2013
"Hampden County, Massachusetts",467319,461796,222750,54450,31594,22856,139056,33478,105578,29244,5889,23355,239046,51704,28345,23359,149085,53804,95281,38257,8121,30136,25,013,2013
"Hampshire County, Massachusetts",159596,158284,74128,13173,3818,9355,51199,6484,44715,9756,1258,8498,84156,11455,3345,8110,60805,7544,53261,11896,1080,10816,25,015,2013
"Middlesex County, Massachusetts",1552802,1536894,748433,163828,35919,127909,495317,56011,439306,89288,12714,76574,788461,157338,36305,121033,512363,76876,435487,118760,21517,97243,25,017,2013
"Norfolk County, Massachusetts",687802,679305,324946,76575,15075,61500,205117,24854,180263,43254,5426,37828,354359,73445,14062,59383,221842,29758,192084,59072,10569,48503,25,021,2013
"Plymouth County, Massachusetts",501915,493312,238066,59061,16330,42731,146392,20002,126390,32613,4831,27782,255246,55597,14803,40794,156515,27658,128857,43134,5542,37592,25,023,2013
"Suffolk County, Massachusetts",755503,748381,360879,66188,35960,30228,261830,59622,202208,32861,8956,23905,387502,63970,34168,29802,277631,70339,207292,45901,14414,31487,25,025,2013
"Worcester County, Massachusetts",809106,798021,392542,92154,29961,62193,253904,48073,205831,46484,8722,37762,405479,86785,29048,57737,258374,58245,200129,60320,14276,46044,25,027,2013
"Allegan County, Michigan",112531,111826,56178,14320,5405,8915,33944,3456,30488,7914,993,6921,55648,13898,6087,7811,33497,4493,29004,8253,975,7278,26,005,2013
"Bay County, Michigan",106832,105824,52340,11952,5509,6443,32430,4241,28189,7958,816,7142,53484,10492,5372,5120,32540,6755,25785,10452,910,9542,26,017,2013
"Berrien County, Michigan",155252,154090,75162,17973,6945,11028,45439,4614,40825,11750,1480,10270,78928,17258,7772,9486,47231,8026,39205,14439,1733,12706,26,021,2013
"Calhoun County, Michigan",135012,133401,64692,15769,6334,9435,39689,4732,34957,9234,739,8495,68709,15631,6901,8730,41198,7276,33922,11880,1516,10364,26,025,2013
"Clinton County, Michigan",76739,76085,37310,8873,1720,7153,23242,1938,21304,5195,349,4846,38775,8751,1680,7071,24190,2089,22101,5834,503,5331,26,037,2013
"Eaton County, Michigan",108348,107649,53446,13404,4923,8481,32469,3455,29014,7573,906,6667,54203,10668,3986,6682,34399,4631,29768,9136,990,8146,26,045,2013
"Genesee County, Michigan",415376,412734,198683,50184,25652,24532,121886,23948,97938,26613,3049,23564,214051,48083,27287,20796,131118,37695,93423,34850,4049,30801,26,049,2013
"Grand Traverse County, Michigan",89987,88152,42571,9882,3968,5914,26372,3325,23047,6317,706,5611,45581,9570,3125,6445,27890,4049,23841,8121,825,7296,26,055,2013
"Ingham County, Michigan",282234,280504,136010,28747,11430,17317,93628,13216,80412,13635,799,12836,144494,28366,12205,16161,98145,17721,80424,17983,2219,15764,26,065,2013
"Isabella County, Michigan",70436,69890,33624,5963,2446,3517,24263,1636,22627,3398,300,3098,36266,6234,2291,3943,25919,3136,22783,4113,378,3735,26,073,2013
"Jackson County, Michigan",160369,152765,75480,18669,7384,11285,46103,6029,40074,10708,1038,9670,77285,17129,7186,9943,47270,8814,38456,12886,1116,11770,26,075,2013
"Kalamazoo County, Michigan",256725,254858,125011,29375,10103,19272,81327,7031,74296,14309,1246,13063,129847,27429,8822,18607,83996,11179,72817,18422,2178,16244,26,077,2013
"Kent County, Michigan",621700,617483,303127,80627,25616,55011,191221,16649,174572,31279,2843,28436,314356,76878,27077,49801,197076,25088,171988,40402,4081,36321,26,081,2013
"Lapeer County, Michigan",88389,86956,42601,9784,3144,6640,26630,2765,23865,6187,439,5748,44355,10062,3224,6838,27223,3628,23595,7070,898,6172,26,087,2013
"Lenawee County, Michigan",99188,96101,47869,11616,4861,6755,29499,3189,26310,6754,362,6392,48232,10154,4161,5993,29614,4037,25577,8464,1119,7345,26,091,2013
"Livingston County, Michigan",184443,183664,91654,22071,4466,17605,57412,3037,54375,12171,1331,10840,92010,21324,3947,17377,56936,4343,52593,13750,1184,12566,26,093,2013
"Macomb County, Michigan",854769,848478,411976,97229,34924,62305,260437,28187,232250,54310,7023,47287,436502,91841,33058,58783,271823,38400,233423,72838,10302,62536,26,099,2013
"Marquette County, Michigan",67700,65952,32784,6173,2212,3961,21588,1911,19677,5023,752,4271,33168,6148,1932,4216,21822,2267,19555,5198,874,4324,26,103,2013
"Midland County, Michigan",83919,83370,40698,9254,2912,6342,25940,2942,22998,5504,471,5033,42672,9189,2504,6685,26246,4117,22129,7237,556,6681,26,111,2013
"Monroe County, Michigan",150376,149488,74280,17372,5505,11867,46819,3152,43667,10089,1053,9036,75208,16847,6161,10686,46209,6781,39428,12152,1024,11128,26,115,2013
"Muskegon County, Michigan",171008,166362,80244,20534,11137,9397,48738,6795,41943,10972,1137,9835,86118,20609,10057,10552,52023,11840,40183,13486,2089,11397,26,121,2013
"Oakland County, Michigan",1231640,1225920,595017,141107,32982,108125,377031,25044,351987,76879,6464,70415,630903,135201,30671,104530,396171,36628,359543,99531,10433,89098,26,125,2013
"Ottawa County, Michigan",272701,271281,133776,35583,12272,23311,82762,6445,76317,15431,650,14781,137505,32966,8806,24160,85594,7442,78152,18945,1654,17291,26,139,2013
"Saginaw County, Michigan",196542,193213,92615,22038,9933,12105,56827,8626,48201,13750,1867,11883,100598,21421,9903,11518,61429,12041,49388,17748,3009,14739,26,145,2013
"St. Clair County, Michigan",160469,159338,79221,18566,7147,11419,49220,5135,44085,11435,1429,10006,80117,17576,6544,11032,49158,7758,41400,13383,1832,11551,26,147,2013
"Shiawassee County, Michigan",68900,68467,33803,7919,3865,4054,21160,2380,18780,4724,262,4462,34664,7421,3052,4369,21357,4050,17307,5886,650,5236,26,155,2013
"Van Buren County, Michigan",75455,74992,36639,8952,3148,5804,22251,3055,19196,5436,461,4975,38353,9376,4311,5065,23006,4036,18970,5971,688,5283,26,159,2013
"Washtenaw County, Michigan",354240,348866,172039,36114,8530,27584,118381,9204,109177,17544,1361,16183,176827,34406,8316,26090,120333,10448,109885,22088,2654,19434,26,161,2013
"Wayne County, Michigan",1775273,1763380,847091,218426,115039,103387,530785,87340,443445,97880,15689,82191,916289,211530,110467,101063,567996,132968,435028,136763,24710,112053,26,163,2013
"Anoka County, Minnesota",339534,337256,168579,43143,9354,33789,108813,10305,98508,16623,1528,15095,168677,40399,7507,32892,107725,12902,94823,20553,2404,18149,27,003,2013
"Blue Earth County, Minnesota",65528,65008,32020,6130,1390,4740,22386,2275,20111,3504,109,3395,32988,6754,1993,4761,21953,2534,19419,4281,426,3855,27,013,2013
"Carver County, Minnesota",95562,95301,47209,13987,2069,11918,29314,819,28495,3908,51,3857,48092,13330,1375,11955,29885,1513,28372,4877,317,4560,27,019,2013
"Dakota County, Minnesota",408509,406964,200481,52571,10414,42157,127224,8328,118896,20686,1608,19078,206483,50302,8674,41628,130002,12049,117953,26179,2459,23720,27,037,2013
"Hennepin County, Minnesota",1198778,1188991,584519,136342,41007,95335,387720,34258,353462,60457,5744,54713,604472,131268,36583,94685,393394,51236,342158,79810,8427,71383,27,053,2013
"Olmsted County, Minnesota",149226,147100,70578,18678,3130,15548,43749,4069,39680,8151,436,7715,76522,18481,3941,14540,47161,5208,41953,10880,630,10250,27,109,2013
"Ramsey County, Minnesota",526714,522674,253874,62361,24959,37402,164277,19614,144663,27236,3145,24091,268800,60319,22233,38086,171775,29220,142555,36706,3904,32802,27,123,2013
"Rice County, Minnesota",65049,62495,31000,8048,1840,6208,19214,1568,17646,3738,326,3412,31495,7275,998,6277,19446,2107,17339,4774,378,4396,27,131,2013
"St. Louis County, Minnesota",200540,197220,99157,19885,6916,12969,64502,8492,56010,14770,1404,13366,98063,18390,5425,12965,62233,9791,52442,17440,3214,14226,27,137,2013
"Scott County, Minnesota",137232,135943,66734,18993,1838,17155,42258,1087,41171,5483,465,5018,69209,20825,3224,17601,42146,3008,39138,6238,313,5925,27,139,2013
"Sherburne County, Minnesota",90158,88060,43868,12759,2206,10553,27203,3131,24072,3906,468,3438,44192,12588,2076,10512,27127,3065,24062,4477,513,3964,27,141,2013
"Stearns County, Minnesota",152092,150941,76070,17896,4784,13112,49816,4072,45744,8358,489,7869,74871,16562,3228,13334,47629,5525,42104,10680,1053,9627,27,145,2013
"Washington County, Minnesota",246603,243823,119879,31769,3381,28388,74726,3842,70884,13384,590,12794,123944,30962,4226,26736,76280,5577,70703,16702,1659,15043,27,163,2013
"Wright County, Minnesota",128470,127742,64476,19475,3813,15662,38967,2265,36702,6034,340,5694,63266,17874,3141,14733,38127,3547,34580,7265,635,6630,27,171,2013
"DeSoto County, Mississippi",168240,167404,81017,22879,5678,17201,49678,2911,46767,8460,936,7524,86387,22746,5987,16759,53306,4295,49011,10335,1210,9125,28,033,2013
"Forrest County, Mississippi",77059,76167,37097,9944,5057,4887,23521,2768,20753,3632,466,3166,39070,7778,4453,3325,25943,4612,21331,5349,1237,4112,28,035,2013
"Harrison County, Mississippi",196500,190132,92584,24582,11504,13078,56722,4064,52658,11280,1985,9295,97548,23117,11814,11303,60739,7064,53675,13692,2757,10935,28,047,2013
"Hinds County, Mississippi",244899,242313,112661,31042,18068,12974,70499,7236,63263,11120,2239,8881,129652,30945,18692,12253,82351,14656,67695,16356,3659,12697,28,049,2013
"Jackson County, Mississippi",140450,138992,67268,16485,6099,10386,41936,3779,38157,8847,838,8009,71724,17761,6634,11127,43465,4237,39228,10498,1522,8976,28,059,2013
"Jones County, Mississippi",68961,68101,32549,8622,4826,3796,19563,4051,15512,4364,498,3866,35552,8888,4668,4220,20801,3761,17040,5863,1281,4582,28,067,2013
"Lauderdale County, Mississippi",80254,77306,35974,9779,5771,4008,21565,1758,19807,4630,516,4114,41332,9366,6774,2592,25229,4889,20340,6737,1391,5346,28,075,2013
"Lee County, Mississippi",85340,84304,39820,10961,5138,5823,24171,1923,22248,4688,82,4606,44484,11157,5321,5836,26763,3428,23335,6564,894,5670,28,081,2013
"Madison County, Mississippi",100412,99184,47018,13317,2955,10362,28775,1974,26801,4926,636,4290,52166,12597,4082,8515,33005,2332,30673,6564,1268,5296,28,089,2013
"Rankin County, Mississippi",146767,140995,66452,17282,4936,12346,41409,2756,38653,7761,627,7134,74543,19001,5781,13220,45215,4052,41163,10327,1807,8520,28,121,2013
"Boone County, Missouri",170773,169549,81237,17282,5348,11934,56419,2051,54368,7536,452,7084,88312,17135,5219,11916,61895,3800,58095,9282,708,8574,29,019,2013
"Buchanan County, Missouri",89631,86447,42396,10537,4373,6164,26756,2690,24066,5103,352,4751,44051,10123,4630,5493,27069,3906,23163,6859,456,6403,29,021,2013
"Cape Girardeau County, Missouri",77320,76294,37293,9101,3639,5462,23143,1663,21480,5049,426,4623,39001,8156,3150,5006,24600,1771,22829,6245,578,5667,29,031,2013
"Cass County, Missouri",100641,99668,47885,12753,2986,9767,28759,1868,26891,6373,263,6110,51783,12892,2466,10426,31129,2686,28443,7762,708,7054,29,037,2013
"Christian County, Missouri",80899,80338,38248,10543,1502,9041,22658,812,21846,5047,298,4749,42090,11153,2617,8536,25151,1332,23819,5786,372,5414,29,043,2013
"Clay County, Missouri",230473,228977,112123,29588,7033,22555,70050,3010,67040,12485,1069,11416,116854,28373,6009,22364,73188,4784,68404,15293,1152,14141,29,047,2013
"Cole County, Missouri",76699,72629,33845,7888,2869,5019,21654,1921,19733,4303,177,4126,38784,9877,3622,6255,23318,2428,20890,5589,592,4997,29,051,2013
"Franklin County, Missouri",101816,101072,50503,12823,3526,9297,31008,1686,29322,6672,459,6213,50569,11459,3011,8448,31029,2755,28274,8081,1046,7035,29,071,2013
"Greene County, Missouri",283870,280025,136658,31195,13048,18147,88114,5900,82214,17349,1481,15868,143367,28221,11006,17215,92141,11330,80811,23005,1512,21493,29,077,2013
"Jackson County, Missouri",679996,673673,326072,83402,30060,53342,205693,15314,190379,36977,4040,32937,347601,79643,26809,52834,218062,21412,196650,49896,5147,44749,29,095,2013
"Jasper County, Missouri",116398,115153,56014,14828,5581,9247,34374,2542,31832,6812,660,6152,59139,14553,5734,8819,35949,4325,31624,8637,1071,7566,29,097,2013
"Jefferson County, Missouri",221396,219668,108896,27433,6904,20529,68991,2362,66629,12472,756,11716,110772,26231,6281,19950,69886,5005,64881,14655,926,13729,29,099,2013
"Platte County, Missouri",93310,92005,44794,11637,2120,9517,27937,620,27317,5220,344,4876,47211,11021,2195,8826,29955,2305,27650,6235,266,5969,29,165,2013
"St. Charles County, Missouri",373495,371664,182618,47024,5221,41803,115223,3241,111982,20371,621,19750,189046,44890,6129,38761,118053,5213,112840,26103,1222,24881,29,183,2013
"St. Francois County, Missouri",66215,59693,29664,7157,3552,3605,18148,2682,15466,4359,463,3896,30029,6854,3335,3519,17983,3305,14678,5192,1150,4042,29,187,2013
"St. Louis County, Missouri",1001444,989380,469033,114681,28750,85931,289711,13715,275996,64641,2980,61661,520347,110382,28052,82330,321091,24716,296375,88874,6601,82273,29,189,2013
"St. Louis city, Missouri",318416,313330,150956,33498,18865,14633,103862,11788,92074,13596,2568,11028,162374,31140,16328,14812,110760,19936,90824,20474,3204,17270,29,510,2013
"Cascade County, Montana",82384,78016,37616,9571,3169,6402,22087,1979,20108,5958,315,5643,40400,8715,3173,5542,24599,1800,22799,7086,452,6634,30,013,2013
"Flathead County, Montana",93068,92507,45635,10902,4303,6599,27746,2312,25434,6987,273,6714,46872,10249,3168,7081,29118,2290,26828,7505,692,6813,30,029,2013
"Gallatin County, Montana",94720,94276,48465,9820,2774,7046,33865,776,33089,4780,168,4612,45811,9815,1482,8333,30971,1300,29671,5025,254,4771,30,031,2013
"Lewis and Clark County, Montana",65338,64711,32179,7559,2836,4723,20009,1498,18511,4611,195,4416,32532,6692,2126,4566,20775,1518,19257,5065,398,4667,30,049,2013
"Missoula County, Montana",111807,111277,55624,11093,4698,6395,37703,3150,34553,6828,285,6543,55653,10353,2777,7576,37592,3369,34223,7708,623,7085,30,063,2013
"Yellowstone County, Montana",154162,151831,74449,18163,6146,12017,46275,2987,43288,10011,1435,8576,77382,17908,5329,12579,46740,3939,42801,12734,1585,11149,30,111,2013
"Douglas County, Nebraska",537256,531530,260856,69981,22760,47221,165378,8638,156740,25497,2805,22692,270674,68095,22681,45414,169820,13064,156756,32759,3638,29121,31,055,2013
"Lancaster County, Nebraska",297036,292919,145280,34625,10221,24404,95383,4162,91221,15272,1955,13317,147639,33910,10224,23686,94748,8038,86710,18981,2520,16461,31,109,2013
"Sarpy County, Nebraska",169331,165490,81944,24589,4487,20102,50135,2489,47646,7220,529,6691,83546,23362,4568,18794,51276,3027,48249,8908,741,8167,31,153,2013
"Clark County, Nevada",2027868,2006374,1000429,249227,70915,178312,630837,32988,597849,120365,13047,107318,1005945,240051,68726,171325,629011,52325,576686,136883,20595,116288,32,003,2013
"Washoe County, Nevada",433731,431040,215092,50654,12431,38223,136395,7572,128823,28043,2000,26043,215948,47915,12594,35321,136043,9298,126745,31990,4206,27784,32,031,2013
"Cheshire County, New Hampshire",76610,75856,36579,6984,1552,5432,24254,1964,22290,5341,533,4808,39277,7220,1674,5546,25272,2625,22647,6785,378,6407,33,005,2013
"Grafton County, New Hampshire",89629,88778,44070,8035,2592,5443,29044,1446,27598,6991,587,6404,44708,7732,2369,5363,28949,1771,27178,8027,261,7766,33,009,2013
"Hillsborough County, New Hampshire",403985,399914,198836,45418,14082,31336,130513,6357,124156,22905,1670,21235,201078,43745,14440,29305,128607,10604,118003,28726,2452,26274,33,011,2013
"Merrimack County, New Hampshire",146849,143935,70771,15212,5162,10050,45871,3381,42490,9688,832,8856,73164,14348,4666,9682,47279,3218,44061,11537,1175,10362,33,013,2013
"Rockingham County, New Hampshire",299134,297273,146324,31920,6751,25169,94761,2915,91846,19643,818,18825,150949,31244,5135,26109,96294,4511,91783,23411,1519,21892,33,015,2013
"Strafford County, New Hampshire",124593,123120,59760,12339,3998,8341,40070,2371,37699,7351,368,6983,63360,12342,3796,8546,42089,3679,38410,8929,439,8490,33,017,2013
"Atlantic County, New Jersey",275862,272662,131901,32153,12751,19402,81466,9003,72463,18282,1984,16298,140761,29552,11305,18247,88170,12689,75481,23039,3527,19512,34,001,2013
"Bergen County, New Jersey",925328,919404,444575,103517,17792,85725,280583,14308,266275,60475,6273,54202,474829,98871,14691,84180,293944,17357,276587,82014,11073,70941,34,003,2013
"Burlington County, New Jersey",450838,436497,210388,49579,8994,40585,132148,8114,124034,28661,2308,26353,226109,48959,8660,40299,139478,8854,130624,37672,3517,34155,34,005,2013
"Camden County, New Jersey",512854,507458,245217,61758,23138,38620,154063,15467,138596,29396,3321,26075,262241,58616,22082,36534,163804,24382,139422,39821,6245,33576,34,007,2013
"Cape May County, New Jersey",95897,94002,44784,8618,2257,6361,26431,2013,24418,9735,849,8886,49218,8645,1942,6703,27861,2592,25269,12712,1489,11223,34,009,2013
"Cumberland County, New Jersey",157332,146002,69862,18523,8949,9574,42954,6270,36684,8385,988,7397,76140,18600,8601,9999,46058,9179,36879,11482,2020,9462,34,011,2013
"Essex County, New Jersey",789565,778152,371023,97538,42488,55050,235872,22120,213752,37613,6337,31276,407129,94167,37236,56931,257444,38130,219314,55518,12894,42624,34,013,2013
"Gloucester County, New Jersey",290265,288716,140332,34836,9413,25423,88682,6576,82106,16814,1973,14841,148384,32849,9568,23281,93652,12608,81044,21883,2932,18951,34,015,2013
"Hudson County, New Jersey",660282,656691,326574,68510,35702,32808,229916,19018,210898,28148,5115,23033,330117,65569,32994,32575,224552,33745,190807,39996,9782,30214,34,017,2013
"Hunterdon County, New Jersey",126250,120677,59774,14055,1684,12371,37140,1210,35930,8579,534,8045,60903,12243,1138,11105,38649,1324,37325,10011,694,9317,34,019,2013
"Mercer County, New Jersey",370414,364371,176980,41338,9928,31410,115152,8819,106333,20490,2546,17944,187391,39828,11709,28119,119793,11317,108476,27770,4458,23312,34,021,2013
"Middlesex County, New Jersey",828919,819388,401021,94375,22342,72033,261670,13069,248601,44976,4156,40820,418367,89883,21941,67942,268016,18452,249564,60468,8411,52057,34,023,2013
"Monmouth County, New Jersey",629672,625583,304758,72582,14878,57704,191854,10125,181729,40322,2991,37331,320825,69814,14961,54853,198343,13618,184725,52668,6363,46305,34,025,2013
"Morris County, New Jersey",499397,495336,242420,57594,5212,52382,152669,4752,147917,32157,2477,29680,252916,55332,4738,50594,155992,5280,150712,41592,5157,36435,34,027,2013
"Ocean County, New Jersey",583414,577707,276841,69064,25095,43969,155237,14481,140756,52540,3591,48949,300866,67861,25732,42129,162067,17643,144424,70938,6360,64578,34,029,2013
"Passaic County, New Jersey",505672,502213,244751,63199,30433,32766,154427,19582,134845,27125,3471,23654,257462,60166,29546,30620,161118,28192,132926,36178,5361,30817,34,031,2013
"Salem County, New Jersey",65166,64054,31010,7461,3610,3851,19119,2057,17062,4430,196,4234,33044,7205,3406,3799,20323,3338,16985,5516,857,4659,34,033,2013
"Somerset County, New Jersey",330585,327875,160718,40170,6881,33289,101917,3354,98563,18631,1063,17568,167157,37546,3607,33939,104874,4321,100553,24737,2554,22183,34,035,2013
"Sussex County, New Jersey",145992,144495,72074,16773,2350,14423,45949,1241,44708,9352,519,8833,72421,15287,2617,12670,46541,2586,43955,10593,1198,9395,34,037,2013
"Union County, New Jersey",548256,544004,265848,67388,21766,45622,169605,11982,157623,28855,2031,26824,278156,64050,22661,41389,174591,17266,157325,39515,6572,32943,34,039,2013
"Warren County, New Jersey",107379,106365,51186,11707,3101,8606,32702,2607,30095,6777,698,6079,55179,11931,2475,9456,34011,3270,30741,9237,798,8439,34,041,2013
"Bernalillo County, New Mexico",674221,667049,325804,79558,39814,39744,206716,25347,181369,39530,5439,34091,341245,76757,37990,38767,213745,35286,178459,50743,7762,42981,35,001,2013
"Chaves County, New Mexico",65823,65000,31393,8741,5226,3515,18463,3134,15329,4189,820,3369,33607,9363,5350,4013,19341,5089,14252,4903,1339,3564,35,005,2013
"Doña Ana County, New Mexico",213460,210561,102512,27997,17123,10874,61454,6793,54661,13061,1776,11285,108049,26954,16653,10301,65843,11996,53847,15252,2434,12818,35,013,2013
"Lea County, New Mexico",68062,66398,33468,10241,3404,6837,20095,1236,18859,3132,627,2505,32930,10264,3945,6319,18890,1396,17494,3776,626,3150,35,025,2013
"McKinley County, New Mexico",73308,72952,35894,11785,6333,5452,20962,4220,16742,3147,1238,1909,37058,10174,5758,4416,22975,5683,17292,3909,1806,2103,35,031,2013
"Otero County, New Mexico",65616,60452,29534,8067,3858,4209,16134,2440,13694,5333,663,4670,30918,7492,2971,4521,18477,3848,14629,4949,702,4247,35,035,2013
"Sandoval County, New Mexico",136575,135788,66713,17584,7572,10012,40040,4939,35101,9089,822,8267,69075,16700,8430,8270,42015,4496,37519,10360,973,9387,35,043,2013
"San Juan County, New Mexico",126503,125375,62375,17919,10210,7709,37610,3237,34373,6846,1773,5073,63000,17209,8516,8693,37372,7455,29917,8419,1582,6837,35,045,2013
"Santa Fe County, New Mexico",147423,145864,70487,14980,7679,7301,43282,5131,38151,12225,1182,11043,75377,14626,8174,6452,45956,5476,40480,14795,2059,12736,35,049,2013
"Valencia County, New Mexico",76284,74824,36987,9488,5644,3844,22325,3869,18456,5174,481,4693,37837,9711,6919,2792,22502,4510,17992,5624,1569,4055,35,061,2013
"Albany County, New York",306945,302969,147236,30039,9715,20324,98443,9919,88524,18754,2348,16406,155733,28079,7994,20085,103294,15727,87567,24360,2231,22129,36,001,2013
"Bronx County, New York",1418733,1394745,654411,185870,122540,63330,411495,122469,289026,57046,18450,38596,740334,178625,123306,55319,470770,195686,275084,90939,38258,52681,36,005,2013
"Broome County, New York",197534,194329,94713,19454,7916,11538,61257,11163,50094,14002,1578,12424,99616,19357,8902,10455,62125,14435,47690,18134,2499,15635,36,007,2013
"Cattaraugus County, New York",78892,78189,38589,9282,4838,4444,23369,4353,19016,5938,796,5142,39600,8622,3610,5012,23889,5550,18339,7089,970,6119,36,009,2013
"Cayuga County, New York",79477,76515,37845,8123,3354,4769,23409,3139,20270,6313,486,5827,38670,8183,3214,4969,23383,3597,19786,7104,836,6268,36,011,2013
"Chautauqua County, New York",133080,130363,64013,14600,6239,8361,39804,7993,31811,9609,803,8806,66350,13343,5637,7706,40260,8470,31790,12747,1785,10962,36,013,2013
"Chemung County, New York",88506,84943,40629,9767,3536,6231,24901,4793,20108,5961,435,5526,44314,9487,3719,5768,27071,5565,21506,7756,905,6851,36,015,2013
"Clinton County, New York",81591,76912,37689,7669,4075,3594,25117,4358,20759,4903,429,4474,39223,7328,3700,3628,25374,5731,19643,6521,775,5746,36,019,2013
"Dutchess County, New York",296916,289013,140967,30303,8135,22168,91696,9027,82669,18968,1956,17012,148046,30368,7894,22474,94004,12510,81494,23674,2605,21069,36,027,2013
"Erie County, New York",919866,908063,436924,96920,36759,60161,279136,36491,242645,60868,5536,55332,471139,93435,34901,58534,293188,54721,238467,84516,10994,73522,36,029,2013
"Jefferson County, New York",119504,106786,51301,16150,7077,9073,29280,4737,24543,5871,661,5210,55485,13674,3756,9918,34234,6280,27954,7577,1544,6033,36,045,2013
"Kings County, New York",2592149,2581940,1222721,308646,178973,129673,791640,183966,607674,122435,40553,81882,1359219,295976,169018,126958,880574,252687,627887,182669,71604,111065,36,047,2013
"Livingston County, New York",64705,62241,30887,6482,2518,3964,19968,1675,18293,4437,234,4203,31354,5826,1710,4116,20342,3219,17123,5186,202,4984,36,051,2013
"Madison County, New York",72382,71752,35574,7524,2395,5129,23070,2712,20358,4980,317,4663,36178,7167,2186,4981,23319,3608,19711,5692,810,4882,36,053,2013
"Monroe County, New York",749606,742340,359008,82856,31398,51458,229345,29262,200083,46807,4201,42606,383332,79200,28143,51057,242672,44207,198465,61460,8489,52971,36,055,2013
"Nassau County, New York",1352146,1341887,650792,154674,26690,127984,405819,28762,377057,90299,8509,81790,691095,146740,25108,121632,423213,34938,388275,121142,16033,105109,36,059,2013
"New York County, New York",1626159,1615690,762090,121111,42262,78849,550073,85104,464969,90906,23814,67092,853600,116986,45242,71744,602177,108021,494156,134437,39012,95425,36,061,2013
"Niagara County, New York",214249,212169,103595,22443,8783,13660,65511,9994,55517,15641,1943,13698,108574,21478,8818,12660,67973,12675,55298,19123,3557,15566,36,063,2013
"Oneida County, New York",233585,224756,109729,25189,12224,12965,67889,13230,54659,16651,2146,14505,115027,24359,12081,12278,70093,17427,52666,20575,2640,17935,36,065,2013
"Onondaga County, New York",468387,463204,223337,52797,18497,34300,141824,18029,123795,28716,3006,25710,239867,50333,17649,32684,151301,24900,126401,38233,4096,34137,36,067,2013
"Ontario County, New York",109103,108185,52020,11654,3851,7803,32502,2941,29561,7864,804,7060,56165,11460,3662,7798,34564,4631,29933,10141,957,9184,36,069,2013
"Orange County, New York",375592,365897,180034,50406,17466,32940,110199,13098,97101,19429,3231,16198,185863,48083,16608,31475,113331,16699,96632,24449,3797,20652,36,071,2013
"Oswego County, New York",121165,120513,60217,13282,5787,7495,39404,7117,32287,7531,869,6662,60296,13096,5288,7808,38202,8060,30142,8998,1216,7782,36,075,2013
"Putnam County, New York",99645,98954,49624,11509,1518,9991,31801,1412,30389,6314,652,5662,49330,10325,1388,8937,31444,1884,29560,7561,802,6759,36,079,2013
"Queens County, New York",2296175,2281237,1108768,239844,112504,127340,745328,130198,615130,123596,26814,96782,1172469,228725,109325,119400,769073,170550,598523,174671,49247,125424,36,081,2013
"Rensselaer County, New York",159918,158112,78929,17240,6150,11090,51776,5420,46356,9913,1100,8813,79183,15442,5276,10166,51425,8399,43026,12316,1481,10835,36,083,2013
"Richmond County, New York",472621,468623,226396,54134,18285,35849,144839,19540,125299,27423,2314,25109,242227,52196,18305,33891,153323,25558,127765,36708,4843,31865,36,085,2013
"Rockland County, New York",320903,318334,155887,45791,19577,26214,90960,12851,78109,19136,2205,16931,162447,43446,17712,25734,92778,13755,79023,26223,3786,22437,36,087,2013
"St. Lawrence County, New York",111963,108317,53649,11965,4085,7880,34619,6050,28569,7065,839,6226,54668,11225,4684,6541,34816,7255,27561,8627,1288,7339,36,089,2013
"Saratoga County, New York",223865,220787,108221,24714,5589,19125,68644,5037,63607,14863,1005,13858,112566,23422,4502,18920,71172,7476,63696,17972,1915,16057,36,091,2013
"Schenectady County, New York",155333,153754,73319,16806,6771,10035,46914,7699,39215,9599,1158,8441,80435,17437,7413,10024,50302,10324,39978,12696,1231,11465,36,093,2013
"Steuben County, New York",98650,97488,48216,11157,4703,6454,29782,4244,25538,7277,964,6313,49272,11007,4015,6992,29432,4837,24595,8833,970,7863,36,101,2013
"Suffolk County, New York",1499738,1483614,729786,173747,35401,138346,462710,38787,423923,93329,6318,87011,753828,165351,33180,132171,466464,43288,423176,122013,13876,108137,36,103,2013
"Sullivan County, New York",76665,74011,38154,9542,4154,5388,22945,3953,18992,5667,858,4809,35857,7141,3779,3362,22948,4098,18850,5768,874,4894,36,105,2013
"Tompkins County, New York",103617,102634,50414,8568,1854,6714,36526,2757,33769,5320,434,4886,52220,7883,2368,5515,37624,3575,34049,6713,618,6095,36,109,2013
"Ulster County, New York",180998,176619,86141,17204,4409,12795,56090,6425,49665,12847,999,11848,90478,16962,4354,12608,57562,7766,49796,15954,2647,13307,36,111,2013
"Warren County, New York",65337,64782,31837,6443,1981,4462,19956,2607,17349,5438,747,4691,32945,6146,2307,3839,20086,2666,17420,6713,707,6006,36,113,2013
"Wayne County, New York",92473,91380,44964,10584,4002,6582,27764,4052,23712,6616,347,6269,46416,10234,3071,7163,28443,3544,24899,7739,530,7209,36,117,2013
"Westchester County, New York",968802,955751,461309,113800,32107,81693,287120,25036,262084,60389,6825,53564,494442,108715,29061,79654,302257,36955,265302,83470,12773,70697,36,119,2013
"Alamance County, North Carolina",154378,153232,73021,17747,7980,9767,45240,3041,42199,10034,1178,8856,80211,17430,7523,9907,49141,4499,44642,13640,1332,12308,37,001,2013
"Brunswick County, North Carolina",115301,114406,55230,10543,5759,4784,30343,3541,26802,14344,783,13561,59176,9892,4849,5043,34263,5642,28621,15021,1542,13479,37,019,2013
"Buncombe County, North Carolina",247912,244601,118986,26552,11111,15441,74440,4959,69481,17994,2304,15690,125615,22341,8505,13836,79934,8156,71778,23340,3247,20093,37,021,2013
"Burke County, North Carolina",89842,87969,42715,8588,4956,3632,27535,3606,23929,6592,722,5870,45254,9592,5117,4475,27426,5545,21881,8236,807,7429,37,023,2013
"Cabarrus County, North Carolina",187226,185784,90119,25362,7730,17632,54964,3265,51699,9793,386,9407,95665,24143,7669,16474,58424,4728,53696,13098,2199,10899,37,025,2013
"Caldwell County, North Carolina",81990,81185,39385,8477,4125,4352,24498,2686,21812,6410,869,5541,41800,8954,2517,6437,25549,4571,20978,7297,936,6361,37,027,2013
"Carteret County, North Carolina",68434,66316,32562,6749,2840,3909,19234,1930,17304,6579,542,6037,33754,5982,2300,3682,20133,2310,17823,7639,798,6841,37,031,2013
"Catawba County, North Carolina",154810,153468,75297,18634,9075,9559,46303,4685,41618,10360,773,9587,78171,17133,8002,9131,48150,5301,42849,12888,908,11980,37,035,2013
"Chatham County, North Carolina",66817,66063,31711,6977,3114,3863,18001,1754,16247,6733,648,6085,34352,6591,3277,3314,19661,1705,17956,8100,833,7267,37,037,2013
"Cleveland County, North Carolina",97047,96781,46522,11268,6368,4900,28506,3154,25352,6748,461,6287,50259,10702,6822,3880,30442,4908,25534,9115,1427,7688,37,045,2013
"Craven County, North Carolina",104489,96611,46036,12326,5091,7235,26284,2348,23936,7426,709,6717,50575,11412,5320,6092,29663,3944,25719,9500,1239,8261,37,049,2013
"Cumberland County, North Carolina",325871,293591,131555,42588,17579,25009,74864,6989,67875,14103,1701,12402,162036,41988,17220,24768,100899,13991,86908,19149,2571,16578,37,051,2013
"Davidson County, North Carolina",163420,161493,78673,19041,10928,8113,47983,6347,41636,11649,1223,10426,82820,17990,10462,7528,50594,7934,42660,14236,2466,11770,37,057,2013
"Durham County, North Carolina",288133,282888,133567,31589,12217,19372,89715,5230,84485,12263,1686,10577,149321,31765,13900,17865,100373,6547,93826,17183,1712,15471,37,063,2013
"Forsyth County, North Carolina",361220,358274,169728,43321,21397,21924,105278,7754,97524,21129,1971,19158,188546,42754,18235,24519,117637,11171,106466,28155,2806,25349,37,067,2013
"Gaston County, North Carolina",209420,207335,99729,24553,11426,13127,62429,5997,56432,12747,1211,11536,107606,24169,10816,13353,66276,10642,55634,17161,2823,14338,37,071,2013
"Guilford County, North Carolina",506610,502653,238786,59299,25248,34051,151708,11031,140677,27779,2791,24988,263867,56208,22431,33777,169920,20151,149769,37739,4450,33289,37,081,2013
"Harnett County, North Carolina",124987,118585,55935,17153,6510,10643,33096,2993,30103,5686,824,4862,62650,17400,5780,11620,37981,4750,33231,7269,1237,6032,37,085,2013
"Henderson County, North Carolina",109540,108467,53163,11755,6217,5538,30271,2302,27969,11137,721,10416,55304,9848,4545,5303,31732,4171,27561,13724,1107,12617,37,089,2013
"Iredell County, North Carolina",164517,163472,82162,22158,7617,14541,49853,2959,46894,10151,833,9318,81310,17687,4366,13321,50461,4657,45804,13162,1530,11632,37,097,2013
"Johnston County, North Carolina",177967,176325,86048,24456,9461,14995,52718,4208,48510,8874,619,8255,90277,23153,8898,14255,55830,5110,50720,11294,1884,9410,37,101,2013
"Lincoln County, North Carolina",79740,79182,39160,8981,2987,5994,24474,1440,23034,5705,798,4907,40022,8892,3364,5528,24744,3545,21199,6386,288,6098,37,109,2013
"Mecklenburg County, North Carolina",990977,985591,474423,124296,42489,81807,310740,15460,295280,39387,3102,36285,511168,121015,45746,75269,335636,26300,309336,54517,7412,47105,37,119,2013
"Moore County, North Carolina",91587,88754,42104,9820,3647,6173,22712,1863,20849,9572,813,8759,46650,9691,4187,5504,25177,2924,22253,11782,1232,10550,37,125,2013
"Nash County, North Carolina",95093,93765,44655,10763,6004,4759,27932,2426,25506,5960,625,5335,49110,10722,5853,4869,29750,3847,25903,8638,2611,6027,37,127,2013
"New Hanover County, North Carolina",213267,210900,100965,20548,7648,12900,66426,4419,62007,13991,1027,12964,109935,21287,9631,11656,70974,6859,64115,17674,2518,15156,37,129,2013
"Onslow County, North Carolina",185220,153507,71446,23942,5765,18177,41427,4161,37266,6077,1508,4569,82061,23337,5714,17623,50607,4768,45839,8117,1984,6133,37,133,2013
"Orange County, North Carolina",140352,139617,65398,14219,4154,10065,44769,2225,42544,6410,510,5900,74219,14333,4052,10281,51290,2521,48769,8596,730,7866,37,135,2013
"Pitt County, North Carolina",174263,173155,82188,20371,9951,10420,53817,6007,47810,8000,938,7062,90967,17984,7434,10550,62357,6053,56304,10626,2061,8565,37,147,2013
"Randolph County, North Carolina",142577,141436,69914,17689,7966,9723,42313,3387,38926,9912,1068,8844,71522,15982,8728,7254,43582,4625,38957,11958,2274,9684,37,151,2013
"Robeson County, North Carolina",134841,132822,63406,17537,11511,6026,38734,6560,32174,7135,1840,5295,69416,17565,11765,5800,42709,10025,32684,9142,2802,6340,37,155,2013
"Rockingham County, North Carolina",91878,90875,44003,10284,5473,4811,26534,2511,24023,7185,849,6336,46872,8993,4154,4839,28873,4926,23947,9006,1119,7887,37,157,2013
"Rowan County, North Carolina",138323,135836,67107,17037,8728,8309,41132,4387,36745,8938,962,7976,68729,14685,7853,6832,42155,5593,36562,11889,1339,10550,37,159,2013
"Rutherford County, North Carolina",66956,66168,32397,7550,5426,2124,19234,2127,17107,5613,939,4674,33771,6792,3698,3094,20012,4435,15577,6967,1567,5400,37,161,2013
"Surry County, North Carolina",73050,72314,35628,8322,4180,4142,21490,2596,18894,5816,516,5300,36686,7933,4072,3861,21505,2734,18771,7248,1221,6027,37,171,2013
"Union County, North Carolina",212756,211827,104343,31375,8179,23196,63035,2002,61033,9933,804,9129,107484,30572,8209,22363,64624,4313,60311,12288,1310,10978,37,179,2013
"Wake County, North Carolina",974289,964694,469269,124933,35761,89172,304861,12280,292581,39475,3273,36202,495425,121030,34745,86285,322764,18777,303987,51631,4362,47269,37,183,2013
"Wayne County, North Carolina",124583,119660,56643,15663,7279,8384,33931,3731,30200,7049,224,6825,63017,15159,7692,7467,38145,6578,31567,9713,1545,8168,37,191,2013
"Wilkes County, North Carolina",69023,68166,33370,7749,4232,3517,19878,2804,17074,5743,220,5523,34796,6968,3611,3357,20607,2848,17759,7221,1345,5876,37,193,2013
"Wilson County, North Carolina",81667,80513,39039,10893,5058,5835,22909,1801,21108,5237,654,4583,41474,8535,4141,4394,25760,3382,22378,7179,899,6280,37,195,2013
"Burleigh County, North Dakota",88457,86679,42644,10112,2096,8016,27445,1110,26335,5087,525,4562,44035,9786,1688,8098,27485,2071,25414,6764,468,6296,38,015,2013
"Cass County, North Dakota",162829,161730,82128,18244,5014,13230,56619,3027,53592,7265,1000,6265,79602,17231,4059,13172,53304,5395,47909,9067,1141,7926,38,017,2013
"Grand Forks County, North Dakota",69179,67043,34343,7381,1846,5535,23767,1188,22579,3195,210,2985,32700,6316,1406,4910,22403,1717,20686,3981,314,3667,38,035,2013
"Ward County, North Dakota",67990,64012,32486,7982,1751,6231,21134,724,20410,3370,693,2677,31526,7187,957,6230,20208,1225,18983,4131,591,3540,38,101,2013
"Allen County, Ohio",105298,102659,50522,12266,4172,8094,31311,3650,27661,6945,643,6302,52137,12230,5691,6539,30826,4563,26263,9081,904,8177,39,003,2013
"Ashtabula County, Ohio",99811,96578,46745,11556,4997,6559,28441,3540,24901,6748,623,6125,49833,11127,4699,6428,29848,5385,24463,8858,886,7972,39,007,2013
"Belmont County, Ohio",69571,65702,31951,6815,2036,4779,20251,2856,17395,4885,424,4461,33751,6376,2888,3488,20331,3201,17130,7044,977,6067,39,013,2013
"Butler County, Ohio",371272,368137,180362,46041,13502,32539,113869,9383,104486,20452,1246,19206,187775,44351,13211,31140,118129,12861,105268,25295,2447,22848,39,017,2013
"Clark County, Ohio",136167,134276,65005,15770,8063,7707,39128,4967,34161,10107,1398,8709,69271,15409,6951,8458,41315,7127,34188,12547,1817,10730,39,023,2013
"Clermont County, Ohio",200218,198928,98408,25517,4462,21055,60922,3623,57299,11969,823,11146,100520,23681,4945,18736,62536,5858,56678,14303,1186,13117,39,025,2013
"Columbiana County, Ohio",105893,102369,50009,11152,5643,5509,30894,3174,27720,7963,396,7567,52360,11090,4234,6856,31572,5335,26237,9698,614,9084,39,029,2013
"Cuyahoga County, Ohio",1263154,1248358,594111,138732,55700,83032,374765,45092,329673,80614,8868,71746,654247,134986,57049,77937,404716,72975,331741,114545,15306,99239,39,035,2013
"Delaware County, Ohio",184979,184044,91018,26821,3817,23004,55106,1407,53699,9091,303,8788,93026,25124,2944,22180,57323,3196,54127,10579,248,10331,39,041,2013
"Erie County, Ohio",76048,75117,36729,8144,3386,4758,22224,2871,19353,6361,327,6034,38388,7868,2973,4895,23395,4699,18696,7125,955,6170,39,043,2013
"Fairfield County, Ohio",148867,146340,71682,18931,6260,12671,44065,3639,40426,8686,803,7883,74658,18095,6733,11362,44994,7491,37503,11569,1178,10391,39,045,2013
"Franklin County, Ohio",1212263,1204191,586580,146555,53829,92726,388179,32366,355813,51846,5678,46168,617611,140637,53407,87230,404105,53892,350213,72869,9243,63626,39,049,2013
"Geauga County, Ohio",93972,93444,46023,11604,1943,9661,26896,1741,25155,7523,433,7090,47421,11374,2007,9367,27333,1975,25358,8714,521,8193,39,055,2013
"Greene County, Ohio",163204,158686,75979,16793,5054,11739,48055,2887,45168,11131,903,10228,82707,17222,3506,13716,51922,5062,46860,13563,1176,12387,39,057,2013
"Hamilton County, Ohio",804520,796793,382896,94293,36572,57721,244056,19707,224349,44547,5287,39260,413897,92942,35405,57537,258770,39497,219273,62185,6757,55428,39,061,2013
"Hancock County, Ohio",75773,74989,37822,9986,3359,6627,23110,2612,20498,4726,75,4651,37167,7794,2931,4863,23340,1890,21450,6033,696,5337,39,063,2013
"Jefferson County, Ohio",67964,67194,32273,6512,2812,3700,20206,2439,17767,5555,329,5226,34921,6799,3128,3671,21037,2444,18593,7085,1218,5867,39,081,2013
"Lake County, Ohio",229857,227783,111608,25547,5048,20499,69406,4462,64944,16655,788,15867,116175,23390,5045,18345,70860,6462,64398,21925,2382,19543,39,085,2013
"Licking County, Ohio",168375,166969,81703,20222,6316,13906,50368,3764,46604,11113,856,10257,85266,20040,6043,13997,52353,6933,45420,12873,1254,11619,39,089,2013
"Lorain County, Ohio",302827,296843,144252,35688,13836,21852,88041,6400,81641,20523,1662,18861,152591,33986,12315,21671,92784,14184,78600,25821,1917,23904,39,093,2013
"Lucas County, Ohio",436393,430982,208425,51603,22045,29558,131127,17840,113287,25695,3976,21719,222557,49389,20407,28982,138990,27121,111869,34178,4114,30064,39,095,2013
"Mahoning County, Ohio",233869,227692,108977,24648,9915,14733,67024,7661,59363,17305,1147,16158,118715,23682,9901,13781,70704,14141,56563,24329,3944,20385,39,099,2013
"Marion County, Ohio",65905,60131,29896,7116,3990,3126,18602,2523,16079,4178,375,3803,30235,6633,2965,3668,18034,3699,14335,5568,789,4779,39,101,2013
"Medina County, Ohio",174915,173846,85190,20996,3894,17102,52303,2634,49669,11891,941,10950,88656,20947,3566,17381,53968,4302,49666,13741,969,12772,39,103,2013
"Miami County, Ohio",103439,102708,49884,11592,3597,7995,30815,1686,29129,7477,296,7181,52824,12239,4034,8205,31225,3061,28164,9360,1009,8351,39,109,2013
"Montgomery County, Ohio",535846,528389,253473,60855,29229,31626,157188,17121,140067,35430,3428,32002,274916,58973,26139,32834,168156,29783,138373,47787,5884,41903,39,113,2013
"Muskingum County, Ohio",85231,84401,41157,10669,5525,5144,24925,4679,20246,5563,262,5301,43244,9408,4516,4892,26080,6028,20052,7756,690,7066,39,119,2013
"Portage County, Ohio",163862,162909,79574,15827,5026,10801,53423,4408,49015,10324,739,9585,83335,15586,5823,9763,56067,6653,49414,11682,1512,10170,39,133,2013
"Richland County, Ohio",121773,115272,55744,13165,5103,8062,33660,3922,29738,8919,1511,7408,59528,13154,6243,6911,34613,5679,28934,11761,2289,9472,39,139,2013
"Ross County, Ohio",77910,72185,35174,8977,4235,4742,21481,2850,18631,4716,585,4131,37011,8120,3230,4890,22890,5222,17668,6001,778,5223,39,141,2013
"Scioto County, Ohio",78153,75299,37064,8919,3982,4937,22873,4033,18840,5272,701,4571,38235,8178,4588,3590,23353,5074,18279,6704,1326,5378,39,145,2013
"Stark County, Ohio",375432,370661,180139,42385,16170,26215,110641,10854,99787,27113,1534,25579,190522,40448,13163,27285,115384,17742,97642,34690,4019,30671,39,151,2013
"Summit County, Ohio",541824,536727,260289,60557,21369,39188,164293,11730,152563,35439,3716,31723,276438,57722,18326,39396,171587,22477,149110,47129,6720,40409,39,153,2013
"Trumbull County, Ohio",206442,202887,97710,22108,11183,10925,59096,5834,53262,16506,1020,15486,105177,21628,9877,11751,62881,9539,53342,20668,1696,18972,39,155,2013
"Tuscarawas County, Ohio",92672,91689,45236,10780,3644,7136,27672,2086,25586,6784,180,6604,46453,10531,3346,7185,27049,2959,24090,8873,667,8206,39,157,2013
"Warren County, Ohio",219169,212080,104048,29705,4405,25300,61829,3714,58115,12514,449,12065,108032,28000,4863,23137,65773,4887,60886,14259,747,13512,39,165,2013
"Wayne County, Ohio",115071,114025,56280,14771,5509,9262,33696,2275,31421,7813,610,7203,57745,13718,3794,9924,34352,4237,30115,9675,993,8682,39,169,2013
"Wood County, Ohio",129264,128126,62783,13475,2608,10867,41989,2554,39435,7319,500,6819,65343,13507,3474,10033,42857,2806,40051,8979,649,8330,39,173,2013
"Canadian County, Oklahoma",126123,124207,61262,17439,4545,12894,37325,1257,36068,6498,176,6322,62945,16060,4050,12010,39193,1606,37587,7692,249,7443,40,017,2013
"Cleveland County, Oklahoma",269340,264741,130530,30921,11128,19793,86480,4243,82237,13129,570,12559,134211,29724,9421,20303,88234,7521,80713,16253,657,15596,40,027,2013
"Comanche County, Oklahoma",124937,111825,54334,16099,5895,10204,32680,2136,30544,5555,731,4824,57491,14537,4779,9758,35649,3987,31662,7305,1216,6089,40,031,2013
"Creek County, Oklahoma",70470,69664,34445,8850,3614,5236,20530,1222,19308,5065,695,4370,35219,8218,2974,5244,20886,2506,18380,6115,690,5425,40,037,2013
"Muskogee County, Oklahoma",70303,67482,32724,8710,4587,4123,19557,1458,18099,4457,527,3930,34758,8544,4353,4191,20643,2702,17941,5571,1044,4527,40,101,2013
"Oklahoma County, Oklahoma",755245,742625,361065,98745,43563,55182,223615,12577,211038,38705,3666,35039,381560,93627,40127,53500,235996,25072,210924,51937,7612,44325,40,109,2013
"Payne County, Oklahoma",79066,78048,39409,8214,3473,4741,27371,935,26436,3824,296,3528,38639,7861,3371,4490,26037,2071,23966,4741,389,4352,40,119,2013
"Pottawatomie County, Oklahoma",71158,68338,33523,8844,4486,4358,19994,2228,17766,4685,393,4292,34815,8455,3780,4675,20782,2537,18245,5578,425,5153,40,125,2013
"Rogers County, Oklahoma",89044,88014,43496,11009,3761,7248,26524,1658,24866,5963,472,5491,44518,10976,3455,7521,26853,1771,25082,6689,728,5961,40,131,2013
"Tulsa County, Oklahoma",622409,617534,300962,80975,32718,48257,186973,10669,176304,33014,1994,31020,316572,77254,33159,44095,195222,20124,175098,44096,4807,39289,40,143,2013
"Wagoner County, Oklahoma",75700,75350,37343,10319,3408,6911,21978,1212,20766,5046,180,4866,38007,9132,3321,5811,23233,2395,20838,5642,528,5114,40,145,2013
"Benton County, Oregon",86591,86381,43134,7572,1881,5691,30126,3196,26930,5436,192,5244,43247,7296,1790,5506,29487,3001,26486,6464,549,5915,41,003,2013
"Clackamas County, Oregon",388263,386928,192322,45986,10500,35486,119176,6996,112180,27160,2508,24652,194606,41127,7440,33687,120757,8689,112068,32722,2574,30148,41,005,2013
"Deschutes County, Oregon",165954,165405,83249,19341,5304,14037,50264,5115,45149,13644,1123,12521,82156,16583,5717,10866,50946,4657,46289,14627,862,13765,41,017,2013
"Douglas County, Oregon",106940,106171,51711,10754,4165,6589,29773,3343,26430,11184,775,10409,54460,10433,4425,6008,31262,5309,25953,12765,1612,11153,41,019,2013
"Jackson County, Oregon",208545,207553,101265,22659,12228,10431,60222,6003,54219,18384,1747,16637,106288,22022,10049,11973,63058,8657,54401,21208,2708,18500,41,029,2013
"Josephine County, Oregon",83306,82653,39255,8026,4741,3285,22305,3885,18420,8924,1586,7338,43398,8459,4231,4228,24070,4777,19293,10869,2120,8749,41,033,2013
"Klamath County, Oregon",65910,65363,32868,7321,2975,4346,19686,2405,17281,5861,752,5109,32495,7000,2666,4334,19425,3708,15717,6070,787,5283,41,035,2013
"Lane County, Oregon",356212,354928,174235,34703,12750,21953,112710,12269,100441,26822,3155,23667,180693,33440,14382,19058,115146,15840,99306,32107,4268,27839,41,039,2013
"Linn County, Oregon",118765,118244,58557,14362,6064,8298,35290,4345,30945,8905,1948,6957,59687,13624,4803,8821,35755,5950,29805,10308,2307,8001,41,043,2013
"Williamson County, Texas",471014,467504,229151,66418,10266,56152,141213,4701,136512,21520,1961,19559,238353,63553,10730,52823,147912,6456,141456,26888,2477,24411,48,491,2013
"Cache County, Utah",116909,116174,57791,18508,3903,14605,34846,1437,33409,4437,335,4102,58383,17816,3027,14789,35543,2332,33211,5024,556,4468,49,005,2013
"Davis County, Utah",322094,318508,158757,55648,6781,48867,90185,4906,85279,12924,805,12119,159751,52369,6934,45435,92263,6611,85652,15119,1229,13890,49,011,2013
"Salt Lake County, Utah",1079721,1072254,536983,157296,34496,122800,334751,17198,317553,44936,4290,40646,535271,150243,34871,115372,330330,25079,305251,54698,7301,47397,49,035,2013
"Utah County, Utah",551891,548176,275005,98763,16210,82553,158943,8979,149964,17299,1536,15763,273171,93443,16743,76700,158748,11040,147708,20980,3085,17895,49,049,2013
"Washington County, Utah",147800,146238,71972,21900,5912,15988,36745,2726,34019,13327,788,12539,74266,20756,5714,15042,39152,3353,35799,14358,1525,12833,49,053,2013
"Weber County, Utah",238519,235862,117392,35452,7398,28054,70389,4011,66378,11551,813,10738,118470,34566,7781,26785,70029,6056,63973,13875,1334,12541,49,057,2013
"Chittenden County, Vermont",159515,158481,77585,15604,4357,11247,53396,7098,46298,8585,645,7940,80896,14344,2922,11422,55527,6796,48731,11025,1724,9301,50,007,2013
"Albemarle County, Virginia",103000,101503,48320,11096,1771,9325,30339,868,29471,6885,216,6669,53183,10660,1432,9228,33765,1602,32163,8758,541,8217,51,003,2013
"Arlington County, Virginia",224906,220452,108374,18053,1858,16195,81168,1714,79454,9153,1186,7967,112078,19260,1132,18128,81234,1763,79471,11584,1948,9636,51,013,2013
"Augusta County, Virginia",73912,70401,34252,7380,1460,5920,20576,1303,19273,6296,99,6197,36149,7327,1867,5460,21713,1802,19911,7109,860,6249,51,015,2013
"Bedford County, Virginia",69825,69490,34368,7448,1698,5750,20703,1006,19697,6217,248,5969,35122,7610,1896,5714,20891,1333,19558,6621,411,6210,51,019,2013
"Chesterfield County, Virginia",327745,325564,155422,40662,7742,32920,97203,3998,93205,17557,1684,15873,170142,40308,6492,33816,107754,5672,102082,22080,1823,20257,51,041,2013
"Fairfax County, Virginia",1130924,1119123,551225,138777,21773,117004,355413,6859,348554,57035,4523,52512,567898,132631,19805,112826,368689,10624,358065,66578,6109,60469,51,059,2013
"Fauquier County, Virginia",67207,66854,33258,8569,1644,6925,20038,633,19405,4651,361,4290,33596,7676,848,6828,20830,596,20234,5090,536,4554,51,061,2013
"Frederick County, Virginia",81319,80678,39887,9751,1333,8418,24486,568,23918,5650,327,5323,40791,9511,1374,8137,24938,944,23994,6342,501,5841,51,069,2013
"Hanover County, Virginia",101330,100146,48393,11798,1530,10268,30058,1135,28923,6537,464,6073,51753,11694,1086,10608,31663,843,30820,8396,456,7940,51,085,2013
"Henrico County, Virginia",318611,316674,148820,38062,10874,27188,93732,3880,89852,17026,1186,15840,167854,37291,9732,27559,105514,6141,99373,25049,1364,23685,51,087,2013
"James City County, Virginia",70516,69018,33077,7113,1280,5833,18801,742,18059,7163,5,7158,35941,7578,1698,5880,19928,1496,18432,8435,201,8234,51,095,2013
"Loudoun County, Virginia",349679,347719,172502,53489,5029,48460,107759,2301,105458,11254,964,10290,175217,50478,5412,45066,110536,2431,108105,14203,1407,12796,51,107,2013
"Montgomery County, Virginia",96207,95493,48113,8071,1098,6973,35695,1431,34264,4347,147,4200,47380,7088,2352,4736,34878,1560,33318,5414,506,4908,51,121,2013
"Prince William County, Virginia",438580,431343,212439,63696,11517,52179,133334,3225,130109,15409,799,14610,218904,60752,14445,46307,139496,4793,134703,18656,1652,17004,51,153,2013
"Roanoke County, Virginia",93524,91856,42901,10146,2510,7636,25805,1529,24276,6950,185,6765,48955,9513,2629,6884,28991,3530,25461,10451,422,10029,51,161,2013
"Rockingham County, Virginia",77741,77310,38566,9752,1358,8394,22798,989,21809,6016,453,5563,38744,7941,1573,6368,23433,1388,22045,7370,783,6587,51,165,2013
"Spotsylvania County, Virginia",127348,126681,61326,16582,2556,14026,38427,967,37460,6317,323,5994,65355,16683,2809,13874,40810,1334,39476,7862,1027,6835,51,177,2013
"Stafford County, Virginia",136788,130661,63957,19023,4069,14954,39331,818,38513,5603,346,5257,66704,17862,3383,14479,42995,2251,40744,5847,609,5238,51,179,2013
"York County, Virginia",66269,62496,29465,8022,1062,6960,17277,256,17021,4166,178,3988,33031,8119,591,7528,19918,761,19157,4994,157,4837,51,199,2013
"Alexandria city, Virginia",148892,146770,70192,12978,4541,8437,51249,982,50267,5965,219,5746,76578,13347,5123,8224,55269,929,54340,7962,837,7125,51,510,2013
"Chesapeake city, Virginia",230571,217707,102108,28895,4699,24196,62234,2762,59472,10979,1059,9920,115599,27808,5104,22704,72887,4179,68708,14904,1866,13038,51,550,2013
"Hampton city, Virginia",136699,131929,62319,16012,5917,10095,39223,1868,37355,7084,648,6436,69610,13807,4104,9703,45528,4767,40761,10275,1611,8664,51,650,2013
"Lynchburg city, Virginia",78014,76494,35710,7744,3197,4547,23793,1630,22163,4173,209,3964,40784,8033,4216,3817,26670,3745,22925,6081,548,5533,51,680,2013
"Newport News city, Virginia",182020,174002,81399,22206,10401,11805,50633,3256,47377,8560,748,7812,92603,20724,9210,11514,59929,6883,53046,11950,798,11152,51,700,2013
"Norfolk city, Virginia",246139,219005,106981,26411,12840,13571,70813,5450,65363,9757,1335,8422,112024,23719,10899,12820,74633,8802,65831,13672,2319,11353,51,710,2013
"Portsmouth city, Virginia",96205,92539,44483,11593,5308,6285,27679,1861,25818,5211,748,4463,48056,10948,4846,6102,29562,3141,26421,7546,773,6773,51,740,2013
"Richmond city, Virginia",214114,211609,100348,19594,11650,7944,71191,5796,65395,9563,1501,8062,111261,19869,12073,7796,77257,13146,64111,14135,2906,11229,51,760,2013
"Roanoke city, Virginia",98465,96957,46291,11581,6656,4925,29449,2530,26919,5261,382,4879,50666,10163,4689,5474,32243,4452,27791,8260,647,7613,51,770,2013
"Suffolk city, Virginia",85728,83739,39490,11059,3085,7974,23909,1136,22773,4522,111,4411,44249,10567,3891,6676,27861,3106,24755,5821,861,4960,51,800,2013
"Virginia Beach city, Virginia",448479,426696,202700,53150,11380,41770,127122,4244,122878,22428,923,21505,223996,50419,10052,40367,144040,7611,136429,29537,2805,26732,51,810,2013
"Benton County, Washington",184486,182949,91658,25930,9356,16574,54881,3227,51654,10847,893,9954,91291,23654,9557,14097,55271,6365,48906,12366,2109,10257,53,005,2013
"Chelan County, Washington",73967,73391,35424,8340,4724,3616,21513,1333,20180,5571,558,5013,37967,9390,5598,3792,22070,2579,19491,6507,804,5703,53,007,2013
"Clallam County, Washington",72312,71508,35848,7199,3583,3616,19779,2245,17534,8870,500,8370,35660,5665,2953,2712,19774,4096,15678,10221,1209,9012,53,009,2013
"Clark County, Washington",443817,441142,218175,58837,18942,39895,133036,9444,123592,26302,1866,24436,222967,54986,19367,35619,136536,14340,122196,31445,3867,27578,53,011,2013
"Cowlitz County, Washington",101860,100981,49169,10731,4541,6190,29676,3228,26448,8762,921,7841,51812,12600,5457,7143,30324,5700,24624,8888,966,7922,53,015,2013
"Franklin County, Washington",86638,84638,42921,14458,8824,5634,24627,3489,21138,3836,432,3404,41717,15639,9763,5876,22477,3860,18617,3601,448,3153,53,021,2013
"Grant County, Washington",91878,91453,46082,13992,8634,5358,26677,2332,24345,5413,639,4774,45371,14058,7141,6917,25661,4133,21528,5652,524,5128,53,025,2013
"Grays Harbor County, Washington",71078,67630,33238,7532,4309,3223,20006,1190,18816,5700,336,5364,34392,7090,2961,4129,20378,3326,17052,6924,954,5970,53,027,2013
"Island County, Washington",78801,73542,34699,7594,580,7014,19240,1388,17852,7865,579,7286,38843,7596,911,6685,22475,2159,20316,8772,1080,7692,53,029,2013
"King County, Washington",2044449,2030401,1012657,220086,63836,156250,687137,37320,649817,105434,10969,94465,1017744,210954,58340,152614,674551,47669,626882,132239,19590,112649,53,033,2013
"Kitsap County, Washington",253968,241678,117586,27224,8032,19192,72974,5299,67675,17388,1633,15755,124092,26662,7118,19544,77344,7030,70314,20086,1643,18443,53,035,2013
"Lewis County, Washington",75081,74036,36512,8316,4409,3907,21739,3269,18470,6457,499,5958,37524,8270,4434,3836,21603,3693,17910,7651,626,7025,53,041,2013
"Pierce County, Washington",819743,795318,388399,101364,36452,64912,243211,24644,218567,43824,4418,39406,406919,97037,35963,61074,255774,26579,229195,54108,6791,47317,53,053,2013
"Skagit County, Washington",118837,117693,57965,13766,7510,6256,34379,3696,30683,9820,816,9004,59728,13049,6152,6897,35149,5181,29968,11530,1171,10359,53,057,2013
"Snohomish County, Washington",745913,738141,367856,88589,24948,63641,241214,15954,225260,38053,3946,34107,370285,85647,23853,61794,237481,19614,217867,47157,7023,40134,53,061,2013
"Spokane County, Washington",479398,470857,230031,55480,24690,30790,144956,16063,128893,29595,4156,25439,240826,52650,21760,30890,150688,21099,129589,37488,4068,33420,53,063,2013
"Thurston County, Washington",262388,254631,121688,29344,7639,21705,75338,6145,69193,17006,2267,14739,132943,28932,7597,21335,83576,8445,75131,20435,1892,18543,53,067,2013
"Whatcom County, Washington",206353,204545,100385,20780,9347,11433,66025,5247,60778,13580,1366,12214,104160,21266,9079,12187,66575,8603,57972,16319,1923,14396,53,073,2013
"Yakima County, Washington",247044,244254,122071,37977,15853,22124,69958,5455,64503,14136,1516,12620,122183,36072,16714,19358,70392,9554,60838,15719,2082,13637,53,077,2013
"Berkeley County, West Virginia",108706,108075,52997,13097,3622,9475,33509,2393,31116,6391,185,6206,55078,12996,4662,8334,34964,3527,31437,7118,778,6340,54,003,2013
"Cabell County, West Virginia",97133,95506,46541,9925,4807,5118,29727,3780,25947,6889,707,6182,48965,9407,3977,5430,30671,4647,26024,8887,1365,7522,54,011,2013
"Harrison County, West Virginia",68972,68403,33717,7748,3961,3787,20985,1843,19142,4984,292,4692,34686,7171,2820,4351,21072,2998,18074,6443,564,5879,54,033,2013
"Kanawha County, West Virginia",191275,189375,90118,19478,7546,11932,57022,5686,51336,13618,735,12883,99257,19671,8032,11639,60491,8977,51514,19095,2785,16310,54,039,2013
"Monongalia County, West Virginia",102274,100875,51148,8943,2617,6326,37497,1836,35661,4708,354,4354,49727,7760,2373,5387,36281,3086,33195,5686,210,5476,54,061,2013
"Raleigh County, West Virginia",78833,75316,36487,8657,4618,4039,22021,3541,18480,5809,713,5096,38829,8028,3751,4277,23359,5204,18155,7442,788,6654,54,081,2013
"Wood County, West Virginia",86569,86134,41788,9559,4102,5457,25379,3209,22170,6850,458,6392,44346,9166,4609,4557,26420,4148,22272,8760,1344,7416,54,107,2013
"Brown County, Wisconsin",254586,251609,126658,33629,11988,21641,79174,7598,71576,13855,948,12907,124951,28558,9584,18974,79382,12822,66560,17011,1881,15130,55,009,2013
"Dane County, Wisconsin",509939,506249,250838,55432,11989,43443,169814,10126,159688,25592,2746,22846,255411,52423,14585,37838,171840,13673,158167,31148,4090,27058,55,025,2013
"Dodge County, Wisconsin",88344,84187,42721,9133,2230,6903,27333,3363,23970,6255,999,5256,41466,9343,2561,6782,24957,3184,21773,7166,1538,5628,55,027,2013
"Eau Claire County, Wisconsin",101438,100842,48916,10951,3585,7366,32178,3235,28943,5787,401,5386,51926,10607,3269,7338,34025,3609,30416,7294,1165,6129,55,035,2013
"Fond du Lac County, Wisconsin",101798,100202,49537,11347,2909,8438,31337,2848,28489,6853,415,6438,50665,10980,2202,8778,30368,3065,27303,9317,1081,8236,55,039,2013
"Jefferson County, Wisconsin",84509,84060,41755,10012,2929,7083,26475,2730,23745,5268,747,4521,42305,9313,3542,5771,26492,4210,22282,6500,1181,5319,55,055,2013
"Kenosha County, Wisconsin",167757,165977,82279,21553,8707,12846,52331,4643,47688,8395,1484,6911,83698,19673,6686,12987,52707,9441,43266,11318,2021,9297,55,059,2013
"La Crosse County, Wisconsin",116713,115431,56948,12789,3872,8917,37060,4216,32844,7099,1110,5989,58483,11267,3262,8005,38500,5521,32979,8716,1567,7149,55,063,2013
"Manitowoc County, Wisconsin",80654,80007,39506,8284,1886,6398,25042,2320,22722,6180,267,5913,40501,8876,2174,6702,23694,2716,20978,7931,877,7054,55,071,2013
"Marathon County, Wisconsin",135416,134226,67512,16663,5383,11280,41779,5038,36741,9070,881,8189,66714,15385,4355,11030,40389,6254,34135,10940,1482,9458,55,073,2013
"Milwaukee County, Wisconsin",956023,946394,455223,118846,63505,55341,291184,41642,249542,45193,8793,36400,491171,115406,61583,53823,310489,73079,237410,65276,13065,52211,55,079,2013
"Outagamie County, Wisconsin",180345,178885,89054,22595,4210,18385,56582,3768,52814,9877,1062,8815,89831,21183,5481,15702,56134,6069,50065,12514,1695,10819,55,087,2013
"Ozaukee County, Wisconsin",87054,86543,42678,10235,972,9263,25884,1556,24328,6559,966,5593,43865,8979,1112,7867,26883,2443,24440,8003,729,7274,55,089,2013
"Portage County, Wisconsin",70380,70091,35302,7352,2156,5196,23434,1916,21518,4516,439,4077,34789,6749,2387,4362,22751,2623,20128,5289,827,4462,55,097,2013
"Racine County, Wisconsin",195041,190893,93626,24204,8836,15368,57411,5371,52040,12011,1675,10336,97267,22752,7428,15324,59426,8941,50485,15089,1781,13308,55,101,2013
"Rock County, Wisconsin",160739,159282,77395,18978,8149,10829,48610,5797,42813,9807,921,8886,81887,19519,8417,11102,49988,8794,41194,12380,1203,11177,55,105,2013
"St. Croix County, Wisconsin",85930,85038,42041,11257,2410,8847,26245,2720,23525,4539,267,4272,42997,11398,2698,8700,26404,3721,22683,5195,368,4827,55,109,2013
"Sheboygan County, Wisconsin",114922,112589,55807,13571,4625,8946,34259,3754,30505,7977,740,7237,56782,13022,3763,9259,34067,4633,29434,9693,1058,8635,55,117,2013
"Walworth County, Wisconsin",102945,102124,51505,11961,4155,7806,32716,3153,29563,6828,414,6414,50619,11035,3410,7625,31771,4049,27722,7813,1018,6795,55,127,2013
"Washington County, Wisconsin",132739,131849,65648,15765,3438,12327,41226,2505,38721,8657,738,7919,66201,15078,3303,11775,40183,5010,35173,10940,1241,9699,55,131,2013
"Waukesha County, Wisconsin",393843,391464,193754,46121,8227,37894,120227,5106,115121,27406,1958,25448,197710,42971,5849,37122,120981,7736,113245,33758,1837,31921,55,133,2013
"Winnebago County, Wisconsin",169541,163945,80435,18054,5678,12376,52021,3974,48047,10360,660,9700,83510,17590,6437,11153,52949,7596,45353,12971,1517,11454,55,139,2013
"Wood County, Wisconsin",73959,73318,36656,8105,2640,5465,22702,3289,19413,5849,941,4908,36662,7687,3155,4532,21842,4077,17765,7133,660,6473,55,141,2013
"Laramie County, Wyoming",95809,92909,46173,12110,2447,9663,28296,1023,27273,5767,479,5288,46736,10572,2487,8085,29110,1952,27158,7054,181,6873,56,021,2013
"Natrona County, Wyoming",80973,79954,40305,10151,2455,7696,25777,936,24841,4377,643,3734,39649,9630,3177,6453,24882,1584,23298,5137,845,4292,56,025,2013
"Arecibo Municipio, Puerto Rico",93396,91642,43444,10361,6426,3935,25729,11267,14462,7354,2402,4952,48198,9638,5661,3977,29009,15512,13497,9551,2686,6865,72,013,2013
"Bayamón Municipio, Puerto Rico",198958,194039,89926,21614,9698,11916,53695,15798,37897,14617,4221,10396,104113,20011,9419,10592,62968,20962,42006,21134,7002,14132,72,021,2013
"Caguas Municipio, Puerto Rico",139559,139321,65200,16144,9141,7003,39607,14694,24913,9449,2726,6723,74121,15162,8491,6671,45171,18657,26514,13788,4861,8927,72,025,2013
"Carolina Municipio, Puerto Rico",169597,169036,77935,18503,9776,8727,47000,9908,37092,12432,2974,9458,91101,17723,8200,9523,55046,18651,36395,18332,4731,13601,72,031,2013
"Guaynabo Municipio, Puerto Rico",94645,94362,44773,9588,3608,5980,28281,6095,22186,6904,1238,5666,49589,8941,3212,5729,30629,7961,22668,10019,2536,7483,72,061,2013
"Mayagüez Municipio, Puerto Rico",84170,83600,39892,8392,5495,2897,24848,11224,13624,6652,1648,5004,43708,7875,5301,2574,26017,12677,13340,9816,4182,5634,72,097,2013
"Ponce Municipio, Puerto Rico",157118,154453,73063,18435,13685,4750,43200,19885,23315,11428,4281,7147,81390,17547,12770,4777,48330,26764,21566,15513,4847,10666,72,113,2013
"San Juan Municipio, Puerto Rico",374682,370620,169732,38996,21069,17927,104026,26200,77826,26710,6590,20120,200888,37895,20031,17864,121510,38082,83428,41483,11751,29732,72,127,2013
"Toa Alta Municipio, Puerto Rico",75292,75247,36308,9635,4081,5554,22987,7984,15003,3686,922,2764,38939,9190,3559,5631,25167,8632,16535,4582,1114,3468,72,135,2013
"Toa Baja Municipio, Puerto Rico",85971,85758,40322,10036,4971,5065,24507,10477,14030,5779,1963,3816,45436,9583,5169,4414,28270,11777,16493,7583,3143,4440,72,137,2013
"Trujillo Alto Municipio, Puerto Rico",72581,72124,34030,8798,3554,5244,20942,6608,14334,4290,1437,2853,38094,8041,3756,4285,23914,7831,16083,6139,1604,4535,72,139,2013
"Pennington County, South Dakota",105761,103079,51315,13304,5771,7533,31075,2377,28698,6936,328,6608,51764,11928,3885,8043,31819,3144,28675,8017,782,7235,46,103,2013
"Anderson County, Tennessee",75542,74701,36377,8165,4158,4007,21939,2554,19385,6273,996,5277,38324,8196,4051,4145,22657,4686,17971,7471,893,6578,47,001,2013
"Blount County, Tennessee",125099,123979,59926,13411,5165,8246,36705,4747,31958,9810,1590,8220,64053,13310,4927,8383,38918,6224,32694,11825,1703,10122,47,009,2013
"Bradley County, Tennessee",101848,100956,49708,12425,4186,8239,30697,3402,27295,6586,1140,5446,51248,10711,4421,6290,31791,4317,27474,8746,1242,7504,47,011,2013
"Davidson County, Tennessee",658602,651095,313445,71910,32841,39069,213080,14282,198798,28455,3031,25424,337650,70191,30682,39509,226842,26410,200432,40617,6869,33748,47,037,2013
"Greene County, Tennessee",68267,67091,32472,6632,3164,3468,20095,2901,17194,5745,814,4931,34619,7128,3319,3809,20662,3729,16933,6829,873,5956,47,059,2013
"Hamilton County, Tennessee",348673,345224,166275,38804,17998,20806,105305,9613,95692,22166,3506,18660,178949,35823,14750,21073,112476,17958,94518,30650,3647,27003,47,065,2013
"Knox County, Tennessee",444622,441184,213999,48381,16118,32263,139374,9723,129651,26244,2093,24151,227185,46734,16026,30708,145631,17077,128554,34820,3697,31123,47,093,2013
"Madison County, Tennessee",98733,97532,46090,11662,5499,6163,28323,3541,24782,6105,829,5276,51442,11206,5738,5468,32417,5051,27366,7819,1758,6061,47,113,2013
"Maury County, Tennessee",83761,82463,39376,9871,4282,5589,24599,1931,22668,4906,657,4249,43087,9790,4038,5752,26782,2680,24102,6515,844,5671,47,119,2013
"Montgomery County, Tennessee",184119,170850,79625,25100,8331,16769,47980,3977,44003,6545,920,5625,91225,25064,7103,17961,57908,6977,50931,8253,996,7257,47,125,2013
"Putnam County, Tennessee",73525,72672,34828,7613,4249,3364,22383,2626,19757,4832,865,3967,37844,8066,4427,3639,23711,4690,19021,6067,1256,4811,47,141,2013
"Robertson County, Tennessee",67383,66544,33306,9256,3039,6217,20129,964,19165,3921,501,3420,33238,7921,2630,5291,20886,2451,18435,4431,425,4006,47,147,2013
"Rutherford County, Tennessee",281029,278564,136927,35770,8880,26890,90249,4686,85563,10908,1488,9420,141637,35333,9517,25816,91964,8861,83103,14340,1516,12824,47,149,2013
"Sevier County, Tennessee",93570,92790,45181,10191,5050,5141,27627,3498,24129,7363,745,6618,47609,9926,4491,5435,29453,4248,25205,8230,986,7244,47,155,2013
"Shelby County, Tennessee",939465,927160,439466,122066,58625,63441,275458,26259,249199,41942,6191,35751,487694,118262,55577,62685,308723,53299,255424,60709,9659,51050,47,157,2013
"Sullivan County, Tennessee",156595,154936,74684,16049,6768,9281,45444,4879,40565,13191,1266,11925,80252,15291,7038,8253,47500,8246,39254,17461,3329,14132,47,163,2013
"Sumner County, Tennessee",168888,167323,82675,21479,8225,13254,50588,5091,45497,10608,693,9915,84648,19310,6137,13173,52155,6774,45381,13183,1987,11196,47,165,2013
"Washington County, Tennessee",125546,123693,60774,12794,4024,8770,38953,3019,35934,9027,790,8237,62919,11921,4710,7211,40467,4807,35660,10531,1205,9326,47,179,2013
"Williamson County, Tennessee",198901,198326,96582,28569,2546,26023,58109,1312,56797,9904,379,9525,101744,28126,3467,24659,62019,1633,60386,11599,703,10896,47,187,2013
"Wilson County, Tennessee",121945,121022,60252,15755,5176,10579,37034,2052,34982,7463,1111,6352,60770,13742,3027,10715,38132,3426,34706,8896,1764,7132,47,189,2013
"Angelina County, Texas",87441,85409,41340,12051,5927,6124,24283,2691,21592,5006,768,4238,44069,11133,4810,6323,25792,4287,21505,7144,795,6349,48,005,2013
"Bastrop County, Texas",75825,73737,37017,10187,3686,6501,22336,1375,20961,4494,640,3854,36720,9237,3593,5644,22296,2927,19369,5187,519,4668,48,021,2013
"Bell County, Texas",326843,307575,148209,46632,13893,32739,88602,6536,82066,12975,2232,10743,159366,43941,14997,28944,98269,12206,86063,17156,3147,14009,48,027,2013
"Bexar County, Texas",1817610,1788679,874851,242864,106230,136634,546838,45711,501127,85149,12697,72452,913828,234469,101820,132649,568765,62172,506593,110594,22434,88160,48,029,2013
"Bowie County, Texas",93487,88337,42543,11566,4349,7217,25308,2825,22483,5669,163,5506,45794,10739,3942,6797,27118,4185,22933,7937,1124,6813,48,037,2013
"Brazoria County, Texas",330242,319558,157338,45265,13120,32145,96854,3463,93391,15219,1660,13559,162220,43504,14057,29447,100277,3493,96784,18439,2274,16165,48,039,2013
"Brazos County, Texas",203164,199712,101543,22128,8286,13842,72440,1923,70517,6975,728,6247,98169,19692,7337,12355,69333,2992,66341,9144,1285,7859,48,041,2013
"Cameron County, Texas",417276,414567,200693,67900,42473,25427,110852,10200,100652,21941,5267,16674,213874,65392,37744,27648,121371,14388,106983,27111,9710,17401,48,061,2013
"Collin County, Texas",854778,852019,419287,120576,14875,105701,263965,6969,256996,34746,2173,32573,432732,115340,19168,96172,274410,7738,266672,42982,4008,38974,48,085,2013
"Comal County, Texas",118480,117376,58417,14207,3547,10660,35017,2570,32447,9193,783,8410,58959,12864,3050,9814,35757,1939,33818,10338,899,9439,48,091,2013
"Coryell County, Texas",76192,58656,26732,10059,1619,8440,14197,468,13729,2476,77,2399,31924,8792,2237,6555,20070,1077,18993,3062,126,2936,48,099,2013
"Dallas County, Texas",2480331,2459529,1212606,342715,166575,176140,772207,48118,724089,97684,12866,84818,1246923,328240,166330,161910,787858,79697,708161,130825,22308,108517,48,113,2013
"Denton County, Texas",728799,723529,356027,98325,22812,75513,231160,5960,225200,26542,1851,24691,367502,93767,22298,71469,241379,9585,231794,32356,3929,28427,48,121,2013
"Ector County, Texas",149378,147855,74953,23235,7396,15839,45383,2758,42625,6335,1295,5040,72902,20952,7770,13182,44378,6055,38323,7572,1286,6286,48,135,2013
"Ellis County, Texas",155976,154720,76350,22445,8279,14166,46638,2335,44303,7267,548,6719,78370,20139,6875,13264,49085,3588,45497,9146,1147,7999,48,139,2013
"El Paso County, Texas",827718,801538,383392,121696,57823,63873,224286,17643,206643,37410,9896,27514,418146,117297,58655,58642,249763,28875,220888,51086,19564,31522,48,141,2013
"Fort Bend County, Texas",652365,647922,317306,94813,22255,72558,196318,5039,191279,26175,2119,24056,330616,90121,15524,74597,209510,9135,200375,30985,5613,25372,48,157,2013
"Galveston County, Texas",306782,302593,150449,39985,13357,26628,93429,4779,88650,17035,2306,14729,152144,36660,12500,24160,95491,7976,87515,19993,2877,17116,48,167,2013
"Grayson County, Texas",122353,121112,59257,14916,6022,8894,35373,2610,32763,8968,533,8435,61855,13810,5756,8054,36892,4834,32058,11153,1203,9950,48,181,2013
"Gregg County, Texas",123024,121179,59812,16853,7366,9487,35841,2391,33450,7118,417,6701,61367,15083,6911,8172,36936,4120,32816,9348,1141,8207,48,183,2013
"Guadalupe County, Texas",143183,140986,70201,20328,6405,13923,42117,2024,40093,7756,565,7191,70785,17660,4664,12996,43500,2781,40719,9625,1271,8354,48,187,2013
"Harris County, Texas",4336853,4316297,2147762,604838,265563,339275,1373887,95448,1278439,169037,23899,145138,2168535,581768,258032,323736,1373505,154500,1219005,213262,37516,175746,48,201,2013
"Harrison County, Texas",66886,66280,32873,9127,4010,5117,19916,1633,18283,3830,229,3601,33407,7650,2692,4958,20637,2503,18134,5120,881,4239,48,203,2013
"Hays County, Texas",176026,174509,85995,21565,6416,15149,56729,2198,54531,7701,894,6807,88514,20545,6050,14495,58818,2639,56179,9151,927,8224,48,209,2013
"Henderson County, Texas",78675,77772,38353,9094,4728,4366,21917,2832,19085,7342,365,6977,39419,8327,4159,4168,22905,2432,20473,8187,1214,6973,48,213,2013
"Hidalgo County, Texas",815996,807364,392057,140970,87132,53838,214803,13477,201326,36284,11051,25233,415307,136548,82762,53786,234959,24341,210618,43800,18527,25273,48,215,2013
"Hunt County, Texas",87048,86289,41258,9606,2657,6949,26169,1577,24592,5483,686,4797,45031,11313,2832,8481,26705,2652,24053,7013,1214,5799,48,231,2013
"Jefferson County, Texas",252358,239901,117141,29675,14717,14958,74024,5649,68375,13442,1625,11817,122760,29781,13737,16044,74757,7617,67140,18222,2503,15719,48,245,2013
"Johnson County, Texas",154707,152056,75218,21454,6492,14962,44510,1921,42589,9254,720,8534,76838,19547,7069,12478,46112,3019,43093,11179,1071,10108,48,251,2013
"Kaufman County, Texas",108568,107715,52992,15509,4624,10885,32126,1411,30715,5357,532,4825,54723,14808,5159,9649,32969,2670,30299,6946,842,6104,48,257,2013
"Liberty County, Texas",76907,70145,35067,9134,4040,5094,21053,1424,19629,4880,708,4172,35078,10083,4808,5275,20168,3726,16442,4827,975,3852,48,291,2013
"Lubbock County, Texas",289324,284699,140110,35676,12484,23192,90352,5129,85223,14082,1844,12238,144589,33855,13462,20393,92286,7545,84741,18448,3428,15020,48,303,2013
"McLennan County, Texas",241481,237025,114893,30578,13908,16670,71107,5669,65438,13208,1234,11974,122132,28567,14952,13615,76606,7069,69537,16959,1799,15160,48,309,2013
"Midland County, Texas",151468,150321,75145,21994,6047,15947,46390,1282,45108,6761,842,5919,75176,19668,4925,14743,47011,3498,43513,8497,1317,7180,48,329,2013
"Montgomery County, Texas",499137,495781,244188,68262,18074,50188,150032,7957,142075,25894,1255,24639,251593,66410,16951,49459,153846,10872,142974,31337,3072,28265,48,339,2013
"Nacogdoches County, Texas",65330,64504,30420,7518,3111,4407,19673,1863,17810,3229,264,2965,34084,7715,3290,4425,21388,1751,19637,4981,880,4101,48,347,2013
"Nueces County, Texas",352107,346833,169972,45258,20959,24299,106116,6221,99895,18598,2536,16062,176861,44011,19639,24372,108250,13284,94966,24600,5635,18965,48,355,2013
"Orange County, Texas",82957,82240,40783,10519,4112,6407,25097,1739,23358,5167,773,4394,41457,9729,2902,6827,25672,2506,23166,6056,486,5570,48,361,2013
"Parker County, Texas",121418,118127,57549,14557,4460,10097,34866,1634,33232,8126,664,7462,60578,15439,4532,10907,36573,2569,34004,8566,331,8235,48,367,2013
"Potter County, Texas",121661,114927,56390,17273,7873,9400,33870,1692,32178,5247,858,4389,58537,16159,7925,8234,34811,3117,31694,7567,1266,6301,48,375,2013
"Randall County, Texas",126474,125635,60896,15591,4854,10737,38113,1861,36252,7192,484,6708,64739,15345,3859,11486,39997,2706,37291,9397,717,8680,48,381,2013
"Rockwall County, Texas",85245,84451,41107,12678,2941,9737,23925,433,23492,4504,100,4404,43344,11452,2489,8963,27040,1215,25825,4852,318,4534,48,397,2013
"San Patricio County, Texas",66137,65256,32212,9108,3713,5395,19164,983,18181,3940,280,3660,33044,8995,3450,5545,18965,1224,17741,5084,1117,3967,48,409,2013
"Smith County, Texas",216080,213699,101433,26770,9839,16931,61018,3359,57659,13645,737,12908,112266,27262,11627,15635,66885,6024,60861,18119,1678,16441,48,423,2013
"Tarrant County, Texas",1911541,1895516,929560,266784,100021,166763,582472,28336,554136,80304,9469,70835,965956,255268,95386,159882,607502,49566,557936,103186,14515,88671,48,439,2013
"Taylor County, Texas",134117,129384,61933,16725,7234,9491,37373,2390,34983,7835,1010,6825,67451,15841,7007,8834,41877,3438,38439,9733,2016,7717,48,441,2013
"Tom Green County, Texas",114954,109413,53408,13669,3159,10510,32371,2379,29992,7368,1116,6252,56005,13187,4406,8781,33986,3407,30579,8832,1648,7184,48,451,2013
"Travis County, Texas",1120954,1113959,561061,133647,47623,86024,387961,22457,365504,39453,3343,36110,552898,127257,42047,85210,376468,26868,349600,49173,6674,42499,48,453,2013
"Victoria County, Texas",90028,88971,43908,12127,5252,6875,25979,2075,23904,5802,404,5398,45063,11258,3913,7345,27210,2194,25016,6595,529,6066,48,469,2013
"Walker County, Texas",68817,49594,21893,5401,1666,3735,13381,540,12841,3111,136,2975,27701,5272,1938,3334,18366,1744,16622,4063,422,3641,48,471,2013
"Webb County, Texas",262495,260531,127490,46388,27764,18624,71982,4605,67377,9120,2052,7068,133041,43697,27469,16228,76858,8844,68014,12486,5567,6919,48,479,2013
"Wichita County, Texas",132047,117443,56205,16326,7000,9326,32717,2671,30046,7162,404,6758,61238,14009,7437,6572,37781,4645,33136,9448,1027,8421,48,485,2013
"Baldwin County, Alabama",200111,197501,96154,22487,9572,12915,56028,3700,52328,17639,996,16643,101347,22068,8090,13978,59665,6035,53630,19614,2150,17464,01,003,2014
"Calhoun County, Alabama",115916,114583,54810,12896,6553,6343,34186,3023,31163,7728,1366,6362,59773,12695,6561,6134,36725,5648,31077,10353,1974,8379,01,015,2014
"Cullman County, Alabama",81289,80363,39488,9398,4342,5056,24033,2893,21140,6057,966,5091,40875,8910,3809,5101,24139,2520,21619,7826,955,6871,01,043,2014
"DeKalb County, Alabama",71065,70329,35673,9711,5697,4014,20965,1042,19923,4997,1462,3535,34656,8120,4007,4113,20942,3450,17492,5594,1987,3607,01,049,2014
"Elmore County, Alabama",80977,75906,36084,9936,3963,5973,20855,1920,18935,5293,191,5102,39822,8655,1994,6661,25607,2182,23425,5560,790,4770,01,051,2014
"Etowah County, Alabama",103531,102664,50008,11697,6088,5609,30719,2911,27808,7592,1690,5902,52656,10870,5143,5727,31999,5766,26233,9787,2106,7681,01,055,2014
"Houston County, Alabama",104193,103448,49384,12873,6182,6691,29351,2858,26493,7160,654,6506,54064,11788,6038,5750,32938,6004,26934,9338,1308,8030,01,069,2014
"Jefferson County, Alabama",660793,653190,307591,77392,36829,40563,192060,18851,173209,38139,4250,33889,345599,75234,34393,40841,216712,30321,186391,53653,7697,45956,01,073,2014
"Lauderdale County, Alabama",93096,92363,43889,9502,4502,5000,27084,2388,24696,7303,324,6979,48474,9809,3851,5958,29406,2293,27113,9259,1327,7932,01,077,2014
"Lee County, Alabama",154255,152493,75022,17334,7105,10229,50742,4267,46475,6946,495,6451,77471,15918,7387,8531,52931,5202,47729,8622,1000,7622,01,081,2014
"Limestone County, Alabama",90787,87799,42905,10773,3056,7717,26747,1839,24908,5385,402,4983,44894,10439,3410,7029,27698,2791,24907,6757,1040,5717,01,083,2014
"Madison County, Alabama",350299,345064,166586,39582,14164,25418,106740,4730,102010,20264,1702,18562,178478,38906,13722,25184,112755,8899,103856,26817,3581,23236,01,089,2014
"Marshall County, Alabama",94636,93767,46025,11984,5771,6213,27661,1405,26256,6380,538,5842,47742,11254,4807,6447,28049,2867,25182,8439,1921,6518,01,095,2014
"Mobile County, Alabama",415123,405479,190653,50821,23085,27736,115132,10075,105057,24700,3065,21635,214826,48909,23143,25766,132072,16963,115109,33845,5616,28229,01,097,2014
"Montgomery County, Alabama",226189,220971,103683,27954,14856,13098,63417,5659,57758,12312,2018,10294,117288,26154,13320,12834,73940,12524,61416,17194,3347,13847,01,101,2014
"Morgan County, Alabama",119607,117946,56628,13033,6506,6527,35717,3032,32685,7878,639,7239,61318,15258,7079,8179,36178,3521,32657,9882,1722,8160,01,103,2014
"St. Clair County, Alabama",86697,84976,41835,10754,2884,7870,25095,1841,23254,5986,1046,4940,43141,9213,3143,6070,26655,2923,23732,7273,939,6334,01,115,2014
"Shelby County, Alabama",206655,204897,99874,26008,4837,21171,61805,1933,59872,12061,1082,10979,105023,24140,6429,17711,66084,4097,61987,14799,1577,13222,01,117,2014
"Talladega County, Alabama",81322,78281,37722,9351,6361,2990,22677,3567,19110,5694,939,4755,40559,8506,5699,2807,25242,5261,19981,6811,1787,5024,01,121,2014
"Tuscaloosa County, Alabama",202212,200765,96851,21403,7320,14083,65495,6055,59440,9953,973,8980,103914,21089,7420,13669,69635,9922,59713,13190,2416,10774,01,125,2014
"Walker County, Alabama",65471,64765,31118,7094,3135,3959,19103,2006,17097,4921,502,4419,33647,7369,3627,3742,19712,2837,16875,6566,1134,5432,01,127,2014
"Anchorage Municipality, Alaska",301010,289048,143126,37431,11706,25725,93828,6076,87752,11867,1238,10629,145922,37272,10130,27142,94090,9153,84937,14560,4001,10559,02,020,2014
"Fairbanks North Star Borough, Alaska",99357,92543,48553,12698,1782,10916,31990,2296,29694,3865,481,3384,43990,11204,1887,9317,28801,2444,26357,3985,809,3176,02,090,2014
"Matanuska-Susitna Borough, Alaska",97882,95874,49460,14011,5344,8667,30486,3040,27446,4963,735,4228,46414,12794,4826,7968,29191,3787,25404,4429,799,3630,02,170,2014
"Apache County, Arizona",71828,70673,34073,10131,5572,4559,19680,6740,12940,4262,1431,2831,36600,10750,5857,4893,20739,8357,12382,5111,2030,3081,04,001,2014
"Cochise County, Arizona",127448,117109,55786,14088,6535,7553,29676,4499,25177,12022,1593,10429,61323,14252,4648,9604,34288,7120,27168,12783,2936,9847,04,003,2014
"Coconino County, Arizona",137682,136815,66525,14626,4962,9664,44630,6629,38001,7269,1027,6242,70290,15404,5457,9947,46781,8033,38748,8105,1347,6758,04,005,2014
"Maricopa County, Arizona",4087191,4056449,1998625,521815,185251,336564,1224464,143917,1080547,252346,24615,227731,2057824,501419,181481,319938,1249170,204095,1045075,307235,38016,269219,04,013,2014
"Mohave County, Arizona",203361,200894,99352,18657,8602,10055,53685,13179,40506,27010,2314,24696,101542,19330,7760,11570,54673,15571,39102,27539,2282,25257,04,015,2014
"Navajo County, Arizona",108101,105611,51607,15271,8340,6931,28292,9456,18836,8044,1271,6773,54004,15104,8451,6653,30058,11288,18770,8842,1811,7031,04,017,2014
"Pima County, Arizona",1004516,984428,477175,112063,43057,69006,285887,41550,244337,79225,9104,70121,507253,107309,42669,64640,303865,59876,243989,96079,11849,84230,04,019,2014
"Pinal County, Arizona",401918,376100,185951,51667,21282,30385,100554,13900,86654,33730,2770,30960,190149,46508,18019,28489,106608,22727,83881,37033,3469,33564,04,021,2014
"Yavapai County, Arizona",218844,217181,105488,19464,7144,12320,56810,7266,49544,29214,3300,25914,111693,18518,6857,11661,61426,10301,51125,31749,2452,29297,04,025,2014
"Yuma County, Arizona",203247,197005,98611,27404,11817,15587,54157,11063,43094,17050,2752,14298,98394,25776,11275,14501,53931,15196,38735,18687,3206,15481,04,027,2014
"Benton County, Arkansas",242321,241113,120238,34267,12865,21402,71835,4438,67397,14136,1292,12844,120875,31284,13332,17952,73057,5791,67266,16534,1820,14714,05,007,2014
"Craighead County, Arkansas",102518,101546,48484,12372,7688,4684,30285,5475,24810,5827,377,5450,53062,12513,7748,4765,33310,7118,26192,7239,1573,5666,05,031,2014
"Faulkner County, Arkansas",120768,119641,58024,14139,6106,8033,38049,4275,33774,5836,160,5676,61617,14329,4624,9705,40297,5640,34657,6991,1302,5689,05,045,2014
"Garland County, Arkansas",97322,96166,47194,11088,6110,4978,26777,3709,23068,9329,745,8584,48972,9001,4251,4750,28771,7223,21548,11200,1113,10087,05,051,2014
"Jefferson County, Arkansas",72297,68393,33040,8769,6033,2736,19804,2610,17194,4467,689,3778,35353,7614,5137,2477,22034,5330,16704,5705,1182,4523,05,069,2014
"Lonoke County, Arkansas",71557,70001,34069,9710,3413,6297,20615,1725,18890,3744,185,3559,35932,9431,4067,5364,21688,3103,18585,4813,626,4187,05,085,2014
"Pulaski County, Arkansas",392702,386949,184153,47101,19085,28016,115423,13513,101910,21629,3112,18517,202796,46093,17671,28422,127157,21454,105703,29546,4718,24828,05,119,2014
"Saline County, Arkansas",115719,114583,55781,14167,6762,7405,32981,2263,30718,8633,724,7909,58802,14168,7489,6679,34598,5539,29059,10036,1227,8809,05,125,2014
"Sebastian County, Arkansas",126776,125840,62569,16177,8450,7727,38888,5942,32946,7504,926,6578,63271,14693,7694,6999,38668,7026,31642,9910,1909,8001,05,131,2014
"Washington County, Arkansas",220792,218983,108931,27224,12192,15032,71457,3651,67806,10250,849,9401,110052,27264,12960,14304,69788,8308,61480,13000,2162,10838,05,143,2014
"White County, Arkansas",78592,77900,38298,9834,4375,5459,23356,2757,20599,5108,376,4732,39602,8799,3754,5045,24346,4554,19792,6457,782,5675,05,145,2014
"Alameda County, California",1610921,1598489,781991,175578,53992,121586,520002,64121,455881,86411,13476,72935,816498,168855,51576,117279,537257,92477,444780,110386,23376,87010,06,001,2014
"Butte County, California",224241,222187,110668,23903,11776,12127,69876,15816,54060,16889,1941,14948,111519,21637,9889,11748,69749,17963,51786,20133,3410,16723,06,007,2014
"Contra Costa County, California",1111339,1106138,538755,132121,37259,94862,338529,40482,298047,68105,7824,60281,567383,127831,36773,91058,352247,49618,302629,87305,13589,73716,06,013,2014
"El Dorado County, California",183087,181798,90461,19449,4644,14805,55054,8616,46438,15958,1888,14070,91337,18765,5128,13637,55592,9068,46524,16980,2052,14928,06,017,2014
"Fresno County, California",965974,954248,472320,141563,83761,57802,283532,63892,219640,47225,10912,36313,481928,136863,83025,53838,286314,85241,201073,58751,14364,44387,06,019,2014
"Humboldt County, California",134809,133660,65962,12887,6988,5899,43984,10503,33481,9091,1015,8076,67698,13249,7145,6104,43413,12220,31193,11036,732,10304,06,023,2014
"Imperial County, California",179091,169800,81250,25483,11065,14418,46039,11374,34665,9728,4058,5670,88550,25589,12676,12913,51253,14470,36783,11708,6912,4796,06,025,2014
"Kern County, California",874589,844922,420027,130360,70511,59849,250996,51626,199370,38671,5541,33130,424895,126532,69323,57209,252143,72874,179269,46220,9702,36518,06,029,2014
"Kings County, California",150269,131200,64333,19901,9364,10537,38443,8152,30291,5989,691,5298,66867,21455,10273,11182,38362,9433,28929,7050,1841,5209,06,031,2014
"Lake County, California",64184,63459,30787,5962,3453,2509,18681,5439,13242,6144,883,5261,32672,7095,4739,2356,19134,6483,12651,6443,1107,5336,06,033,2014
"Los Angeles County, California",10116705,10047322,4938188,1173724,565081,608643,3243415,486537,2756878,521049,123592,397457,5109134,1126246,547460,578786,3297973,670060,2627913,684915,206467,478448,06,037,2014
"Madera County, California",154548,146693,71137,21183,10814,10369,40780,8669,32111,9174,2243,6931,75556,21357,13168,8189,44281,15521,28760,9918,2334,7584,06,039,2014
"Marin County, California",260750,255967,123431,27267,7237,20030,74917,8002,66915,21247,2490,18757,132536,26516,5672,20844,78338,8783,69555,27682,2587,25095,06,041,2014
"Mendocino County, California",87869,87059,42951,9451,5968,3483,25730,5286,20444,7770,777,6993,44108,9707,6548,3159,25521,9755,15766,8880,2092,6788,06,045,2014
"Merced County, California",266353,263387,131700,40800,23731,17069,78180,20399,57781,12720,3241,9479,131687,38854,22821,16033,77563,26513,51050,15270,4659,10611,06,047,2014
"Monterey County, California",431344,414823,206110,58154,29607,28547,125864,17309,108555,22092,4390,17702,208713,55444,28484,26960,125524,25380,100144,27745,6919,20826,06,053,2014
"Napa County, California",141667,139919,69037,15192,5091,10101,42682,5045,37637,11163,569,10594,70882,15152,5112,10040,43165,5676,37489,12565,1720,10845,06,055,2014
"Nevada County, California",98893,98029,48804,9808,3018,6790,28289,3510,24779,10707,766,9941,49225,7932,2930,5002,29256,4290,24966,12037,1148,10889,06,057,2014
"Orange County, California",3145515,3128778,1543446,368912,132183,236729,994291,110246,884045,180243,24056,156187,1585332,351953,129773,222180,1005772,137941,867831,227607,41235,186372,06,059,2014
"Placer County, California",371694,368394,179382,43883,7444,36439,105766,8672,97094,29733,2563,27170,189012,41303,8127,33176,111423,10566,100857,36286,2796,33490,06,061,2014
"Riverside County, California",2329271,2308528,1140600,311314,138888,172426,690518,107973,582545,138768,19675,119093,1167928,301259,130796,170463,701147,143493,557654,165522,29577,135945,06,065,2014
"Sacramento County, California",1482026,1463393,709739,184199,75931,108268,446041,80204,365837,79499,14962,64537,753654,176014,74652,101362,471213,105848,365365,106427,22308,84119,06,067,2014
"San Bernardino County, California",2112619,2063133,1008577,293941,148331,145610,618954,111342,507612,95682,16612,79070,1054556,280842,141639,139203,656035,154477,501558,117679,27498,90181,06,071,2014
"San Diego County, California",3263431,3164291,1555300,370570,119339,251231,1004191,102624,901567,180539,26694,153845,1608991,356077,108198,247879,1024984,135224,889760,227930,43359,184571,06,073,2014
"San Francisco County, California",852469,847976,431373,57776,13705,44071,319879,45709,274170,53718,14762,38956,416603,56409,15666,40743,293615,42052,251563,66579,20222,46357,06,075,2014
"San Joaquin County, California",715597,706958,349531,101415,51481,49934,212406,40621,171785,35710,7268,28442,357427,97022,48222,48800,214771,59559,155212,45634,11579,34055,06,077,2014
"San Luis Obispo County, California",279083,272601,135720,26472,7155,19317,86765,9489,77276,22483,1867,20616,136881,24387,7442,16945,86613,10284,76329,25881,3118,22763,06,079,2014
"San Mateo County, California",758581,754754,370253,82034,18753,63281,240488,25461,215027,47731,5292,42439,384501,80349,18582,61767,242086,26921,215165,62066,10439,51627,06,081,2014
"Santa Barbara County, California",440668,433326,213615,49931,22984,26947,137281,16101,121180,26403,3328,23075,219711,48657,23326,25331,137386,19080,118306,33668,4966,28702,06,083,2014
"Santa Clara County, California",1894605,1885783,947507,223814,59162,164652,623206,62007,561199,100487,18801,81686,938276,213515,57152,156363,598200,79313,518887,126561,32073,94488,06,085,2014
"Santa Cruz County, California",271804,270520,134595,28015,13290,14725,90410,11645,78765,16170,1808,14362,135925,26152,13559,12593,90151,15008,75143,19622,3005,16617,06,087,2014
"Shasta County, California",179804,178296,86710,18992,7194,11798,52139,10078,42061,15579,2321,13258,91586,19589,8586,11003,53519,11815,41704,18478,3481,14997,06,089,2014
"Solano County, California",431131,419494,202805,50020,16379,33641,127531,17542,109989,25254,3077,22177,216689,48671,15985,32686,135930,23245,112685,32088,4405,27683,06,095,2014
"Sonoma County, California",500292,496323,242769,52552,18788,33764,154186,16746,137440,36031,3455,32576,253554,50369,16381,33988,158264,24373,133891,44921,6063,38858,06,097,2014
"Stanislaus County, California",531997,528728,261867,74414,37647,36767,159484,32840,126644,27969,6122,21847,266861,70784,37735,33049,161467,44665,116802,34610,7815,26795,06,099,2014
"Sutter County, California",95847,94848,46578,12371,5091,7280,27991,5980,22011,6216,1493,4723,48270,12555,6341,6214,28115,6969,21146,7600,2133,5467,06,101,2014
"Tulare County, California",458198,453934,226711,73994,44111,29883,131726,28465,103261,20991,4417,16574,227223,70491,40587,29904,131961,36971,94990,24771,6480,18291,06,107,2014
"Ventura County, California",846178,840584,413623,103235,35590,67645,259768,28852,230916,50620,5697,44923,426961,100851,35640,65211,263206,38335,224871,62904,9823,53081,06,111,2014
"Yolo County, California",207590,206136,99975,22619,6511,16108,66826,8230,58596,10530,1530,9000,106161,22362,7717,14645,71134,11489,59645,12665,2529,10136,06,113,2014
"Yuba County, California",73966,71912,35272,10498,5355,5143,20930,4214,16716,3844,664,3180,36640,10050,5278,4772,21861,7286,14575,4729,896,3833,06,115,2014
"Adams County, Colorado",480718,477669,239405,67625,30759,36866,151624,17543,134081,20156,2494,17662,238264,65361,30475,34886,147510,29464,118046,25393,4282,21111,08,001,2014
"Arapahoe County, Colorado",618821,614425,302566,77529,28479,49050,193545,17556,175989,31492,2646,28846,311859,73417,24509,48908,198155,25514,172641,40287,3888,36399,08,005,2014
"Boulder County, Colorado",313333,311305,156298,32826,11324,21502,106628,7283,99345,16844,1441,15403,155007,30658,8630,22028,104103,11319,92784,20246,2017,18229,08,013,2014
"Denver County, Colorado",663862,657775,328941,70191,33404,36787,228206,29070,199136,30544,5688,24856,328834,68088,30078,38010,220873,36375,184498,39873,7249,32624,08,031,2014
"Douglas County, Colorado",314638,313890,155959,45977,4523,41454,95418,3943,91475,14564,222,14342,157931,43201,4156,39045,98073,3982,94091,16657,640,16017,08,035,2014
"El Paso County, Colorado",663519,633357,308872,84983,25873,59110,190817,25304,165513,33072,2994,30078,324485,81165,22654,58511,201625,31920,169705,41695,4164,37531,08,041,2014
"Jefferson County, Colorado",558503,551994,274075,59847,14222,45625,178113,12966,165147,36115,3736,32379,277919,56435,15035,41400,177680,16572,161108,43804,4191,39613,08,059,2014
"Larimer County, Colorado",324122,321651,159184,33277,10335,22942,105523,10460,95063,20384,783,19601,162467,32962,10697,22265,105622,13116,92506,23883,1242,22641,08,069,2014
"Mesa County, Colorado",148255,146978,72993,16828,6873,9955,45127,6509,38618,11038,622,10416,73985,15809,7545,8264,44990,8740,36250,13186,1371,11815,08,077,2014
"Pueblo County, Colorado",161875,158041,77214,19133,10930,8203,45864,9180,36684,12217,1469,10748,80827,18363,10309,8054,48242,13188,35054,14222,2673,11549,08,101,2014
"Weld County, Colorado",277670,275353,138445,38644,11413,27231,85510,7881,77629,14291,1276,13015,136908,35972,12481,23491,84745,12092,72653,16191,1957,14234,08,123,2014
"Fairfield County, Connecticut",945438,937004,456631,114396,32966,81430,285612,26897,258715,56623,4999,51624,480373,108507,29508,78999,297371,40386,256985,74495,8921,65574,09,001,2014
"Hartford County, Connecticut",897985,882754,425192,98802,36100,62702,269162,39958,229204,57228,6707,50521,457562,95825,36364,59461,284515,59058,225457,77222,13363,63859,09,003,2014
"Litchfield County, Connecticut",184993,183610,90532,18191,5261,12930,57347,7522,49825,14994,1446,13548,93078,17619,5178,12441,57382,8815,48567,18077,2215,15862,09,005,2014
"Middlesex County, Connecticut",164943,162823,79692,16492,4447,12045,50769,4647,46122,12431,1030,11401,83131,15350,4249,11101,52602,6433,46169,15179,1639,13540,09,007,2014
"New Haven County, Connecticut",861277,850529,409662,92645,38089,54556,261623,38581,223042,55394,6427,48967,440867,88822,32675,56147,278866,57436,221430,73179,13101,60078,09,009,2014
"New London County, Connecticut",273676,260843,127399,27751,11139,16612,80104,11860,68244,19544,1856,17688,133444,27716,11206,16510,82827,17534,65293,22901,3908,18993,09,011,2014
"Tolland County, Connecticut",151367,148518,73842,14633,3500,11133,49597,3777,45820,9612,666,8946,74676,13379,3398,9981,50587,7362,43225,10710,1429,9281,09,013,2014
"Windham County, Connecticut",116998,115201,56475,12093,5104,6989,37264,6705,30559,7118,827,6291,58726,11800,5232,6568,38108,8880,29228,8818,1459,7359,09,015,2014
"Kent County, Delaware",171987,168813,80744,21023,8152,12871,48408,7598,40810,11313,1358,9955,88069,19504,8795,10709,53888,11640,42248,14677,1824,12853,10,001,2014
"New Castle County, Delaware",552778,543799,260673,61482,18935,42547,167037,17925,149112,32154,3602,28552,283126,60697,17311,43386,180933,28843,152090,41496,4803,36693,10,003,2014
"Sussex County, Delaware",210849,208318,102206,21526,9694,11832,56714,8509,48205,23966,1530,22436,106112,19182,8709,10473,60810,12596,48214,26120,1898,24222,10,005,2014
"District of Columbia, District of Columbia",658893,647966,303791,58140,28183,29957,216572,45099,171473,29079,5839,23240,344175,56694,29887,26807,244580,60250,184330,42901,11625,31276,11,001,2014
"Alachua County, Florida",256380,253696,121764,23072,8728,14344,85104,5488,79616,13588,1125,12463,131932,23188,8715,14473,91418,8913,82505,17326,1882,15444,12,001,2014
"Bay County, Florida",178985,174763,84625,18317,8504,9813,52885,6213,46672,13423,1325,12098,90138,20256,10204,10052,54845,9650,45195,15037,2534,12503,12,005,2014
"Brevard County, Florida",556885,552033,269416,52955,20134,32821,159522,14679,144843,56939,5322,51617,282617,50666,18340,32326,164847,21022,143825,67104,7446,59658,12,009,2014
"Broward County, Florida",1869235,1857803,900263,204419,81730,122689,573033,41780,531253,122811,17001,105810,957540,197816,79709,118107,599457,63606,535851,160267,23820,136447,12,011,2014
"Charlotte County, Florida",168474,165179,80670,11216,6057,5159,39320,4464,34856,30134,1771,28363,84509,10024,5269,4755,42589,4984,37605,31896,2104,29792,12,015,2014
"Citrus County, Florida",139377,137651,66142,10611,6812,3799,32286,5771,26515,23245,1873,21372,71509,10296,5664,4632,36091,8380,27711,25122,2103,23019,12,017,2014
"Clay County, Florida",199798,196181,94807,24391,9056,15335,57359,4814,52545,13057,1173,11884,101374,23858,6892,16966,62360,9693,52667,15156,2241,12915,12,019,2014
"Collier County, Florida",348777,346842,170249,32377,13639,18738,89590,5851,83739,48282,2716,45566,176593,31289,12610,18679,92314,6771,85543,52990,4066,48924,12,021,2014
"Columbia County, Florida",67857,63137,30282,7652,4339,3313,17808,3202,14606,4822,401,4421,32855,7356,3346,4010,18953,2891,16062,6546,827,5719,12,023,2014
"Duval County, Florida",897698,879141,420346,104136,48838,55298,268781,29541,239240,47429,4435,42994,458795,100445,47091,53354,293885,48428,245457,64465,9954,54511,12,031,2014
"Escambia County, Florida",310659,295437,143918,33644,12004,21640,89103,7987,81116,21171,1666,19505,151519,30974,12807,18167,94171,13192,80979,26374,2986,23388,12,033,2014
"Flagler County, Florida",102408,102046,48845,9552,3499,6053,25497,2046,23451,13796,2366,11430,53201,8842,2772,6070,29132,4341,24791,15227,3765,11462,12,035,2014
"Hernando County, Florida",175855,173606,83306,16791,8384,8407,44289,5778,38511,22226,2009,20217,90300,16009,8026,7983,48963,7466,41497,25328,3236,22092,12,053,2014
"Highlands County, Florida",98236,97255,47576,9647,4787,4860,22644,3198,19446,15285,1895,13390,49679,8376,4876,3500,23988,4280,19708,17315,1796,15519,12,055,2014
"Hillsborough County, Florida",1316298,1303869,632625,156164,64569,91595,401650,38310,363340,74811,11006,63805,671244,148863,62615,86248,427308,58033,369275,95073,17765,77308,12,057,2014
"Indian River County, Florida",144755,143568,68516,13307,6538,6769,35036,2977,32059,20173,1098,19075,75052,12112,5415,6697,39704,7064,32640,23236,2738,20498,12,061,2014
"Lake County, Florida",315690,312266,149973,31255,13794,17461,80575,6206,74369,38143,2586,35557,162293,31018,10819,20199,87631,11450,76181,43644,4320,39324,12,069,2014
"Lee County, Florida",679513,673330,329233,65014,28233,36781,179874,15341,164533,84345,5856,78489,344097,62220,24730,37490,189493,20116,169377,92384,9027,83357,12,071,2014
"Leon County, Florida",283988,280511,134033,27779,9692,18087,92906,6424,86482,13348,1266,12082,146478,26272,9961,16311,102673,9596,93077,17533,2135,15398,12,073,2014
"Manatee County, Florida",351746,349007,168952,35467,14736,20731,92298,7525,84773,41187,3421,37766,180055,32771,11719,21052,99274,10534,88740,48010,3655,44355,12,081,2014
"Marion County, Florida",339167,329631,157248,32259,13671,18588,81598,9469,72129,43391,2997,40394,172383,31761,14127,17634,91009,14193,76816,49613,5169,44444,12,083,2014
"Martin County, Florida",153392,150372,73149,12334,3779,8555,40473,2366,38107,20342,1848,18494,77223,12983,3683,9300,40768,3067,37701,23472,2340,21132,12,085,2014
"Miami-Dade County, Florida",2662874,2635307,1272254,280372,145129,135243,826392,78417,747975,165490,54805,110685,1363053,267758,139660,128098,862595,108540,754055,232700,95026,137674,12,086,2014
"Monroe County, Florida",77136,74442,38175,6470,2924,3546,23808,1533,22275,7897,507,7390,36267,5090,2062,3028,23328,2862,20466,7849,914,6935,12,087,2014
"Nassau County, Florida",76619,75946,36956,7722,2595,5127,22172,2575,19597,7062,307,6755,38990,7874,3233,4641,23136,2361,20775,7980,743,7237,12,089,2014
"Okaloosa County, Florida",196512,185588,89866,21523,5891,15632,54765,4005,50760,13578,1094,12484,95722,22008,6431,15577,57957,6360,51597,15757,1115,14642,12,091,2014
"Orange County, Florida",1253001,1242421,608627,145698,61362,84336,404963,29056,375907,57966,8088,49878,633794,138647,54912,83735,420828,47517,373311,74319,14447,59872,12,095,2014
"Osceola County, Florida",310211,308223,150957,39476,19226,20250,93808,12326,81482,17673,3608,14065,157266,38174,17574,20600,97707,14096,83611,21385,4941,16444,12,097,2014
"Palm Beach County, Florida",1397710,1385937,668764,138624,54901,83723,392753,31197,361556,137387,12974,124413,717173,133471,56911,76560,408619,42126,366493,175083,22174,152909,12,099,2014
"Pasco County, Florida",485331,479404,232120,50367,19282,31085,132846,16441,116405,48907,5493,43414,247284,48504,19070,29434,140750,20127,120623,58030,8776,49254,12,101,2014
"Pinellas County, Florida",938098,927012,443708,81113,31081,50032,270380,26099,244281,92215,7979,84236,483304,78807,30238,48569,287930,35106,252824,116567,11184,105383,12,103,2014
"Polk County, Florida",634638,627031,304951,73714,35944,37770,175019,25304,149715,56218,6734,49484,322080,70868,32295,38573,185209,30353,154856,66003,9154,56849,12,105,2014
"Putnam County, Florida",72143,70649,33932,7591,3655,3936,19556,3064,16492,6785,901,5884,36717,8094,4856,3238,20818,4545,16273,7805,1785,6020,12,107,2014
"St. Johns County, Florida",217919,216272,105142,24140,6043,18097,62599,2427,60172,18403,473,17930,111130,23787,5591,18196,66535,4560,61975,20808,1868,18940,12,109,2014
"St. Lucie County, Florida",291028,288810,140010,30703,14353,16350,79057,8769,70288,30250,3332,26918,148800,29653,15526,14127,84616,14162,70454,34531,4308,30223,12,111,2014
"Santa Rosa County, Florida",163422,154632,75633,18727,5771,12956,46165,3683,42482,10741,624,10117,78999,18268,5785,12483,48247,6127,42120,12484,820,11664,12,113,2014
"Sarasota County, Florida",396962,393180,186807,29719,9801,19918,96586,7768,88818,60502,3092,57410,206373,29505,9164,20341,105159,9635,95524,71709,4921,66788,12,115,2014
"Seminole County, Florida",442516,439591,214331,50806,18656,32150,136425,11041,125384,27100,2720,24380,225260,44741,13943,30798,145312,16269,129043,35207,3914,31293,12,117,2014
"Sumter County, Florida",114350,104978,49647,4684,2224,2460,15691,1707,13984,29272,1595,27677,55331,3799,1228,2571,21211,2650,18561,30321,1187,29134,12,119,2014
"Volusia County, Florida",507531,502446,244579,46767,20906,25861,145296,14430,130866,52516,5984,46532,257867,44725,18820,25905,150417,20432,129985,62725,8147,54578,12,127,2014
"Barrow County, Georgia",73240,73088,35305,9764,3835,5929,22185,1981,20204,3356,671,2685,37783,10268,5399,4869,22301,2977,19324,5214,929,4285,13,013,2014
"DeSoto County, Mississippi",170913,170175,82806,23278,6728,16550,50849,2616,48233,8679,720,7959,87369,22188,7886,14302,53680,4452,49228,11501,1843,9658,28,033,2014
"Forrest County, Mississippi",76330,75699,36363,9515,4672,4843,22994,1930,21064,3854,843,3011,39336,8147,4418,3729,25876,6236,19640,5313,1285,4028,28,035,2014
"Harrison County, Mississippi",199058,191560,93141,24759,10977,13782,56615,5988,50627,11767,863,10904,98419,23599,9292,14307,60696,10667,50029,14124,1958,12166,28,047,2014
"Hinds County, Mississippi",243729,241170,112175,30911,15647,15264,69967,8799,61168,11297,2149,9148,128995,29762,16259,13503,81847,12850,68997,17386,4378,13008,28,049,2014
"Jackson County, Mississippi",141137,139948,68840,17882,6412,11470,42023,3508,38515,8935,387,8548,71108,16394,6286,10108,43999,5299,38700,10715,891,9824,28,059,2014
"Jones County, Mississippi",68290,67559,33482,9573,6250,3323,19425,3684,15741,4484,327,4157,34077,7794,4424,3370,20610,4619,15991,5673,846,4827,28,067,2014
"Lauderdale County, Mississippi",79739,76753,37269,10306,6452,3854,22020,1874,20146,4943,1482,3461,39484,8414,4413,4001,24284,4504,19780,6786,1370,5416,28,075,2014
"Lee County, Mississippi",85246,84282,39857,11049,5163,5886,23873,1727,22146,4935,736,4199,44425,10845,4520,6325,26936,4474,22462,6644,1097,5547,28,081,2014
"Madison County, Mississippi",101688,100479,47430,12841,4211,8630,29203,2381,26822,5386,244,5142,53049,13138,4873,8265,33069,3330,29739,6842,964,5878,28,089,2014
"Rankin County, Mississippi",148070,142456,68256,17997,5142,12855,42187,2154,40033,8072,1019,7053,74200,17308,4065,13243,46016,3013,43003,10876,1962,8914,28,121,2014
"Boone County, Missouri",172717,171418,82532,17654,4398,13256,56960,2463,54497,7918,754,7164,88886,17487,4471,13016,61613,3816,57797,9786,1620,8166,29,019,2014
"Buchanan County, Missouri",89486,86227,41475,10348,3178,7170,25749,2156,23593,5378,279,5099,44752,10098,2142,7956,27504,3855,23649,7150,1002,6148,29,021,2014
"Cape Girardeau County, Missouri",78043,77030,37672,8504,2899,5605,24217,1777,22440,4951,299,4652,39358,8119,3205,4914,24892,2544,22348,6347,603,5744,29,031,2014
"Cass County, Missouri",100889,100106,49190,12895,3126,9769,29660,1854,27806,6635,456,6179,50916,12005,3883,8122,30764,3302,27462,8147,558,7589,29,037,2014
"Christian County, Missouri",82101,81714,40284,10615,3703,6912,24183,1260,22923,5486,211,5275,41430,10414,3755,6659,24741,1633,23108,6275,499,5776,29,043,2014
"Clay County, Missouri",233682,232345,114660,30317,4555,25762,71571,3474,68097,12772,487,12285,117685,27953,5027,22926,73517,5405,68112,16215,747,15468,29,047,2014
"Cole County, Missouri",76557,72381,35089,9075,3758,5317,21391,1604,19787,4623,289,4334,37292,8539,2148,6391,23127,2322,20805,5626,143,5483,29,051,2014
"Franklin County, Missouri",102084,101346,50163,12581,2956,9625,30370,1785,28585,7212,538,6674,51183,11504,2826,8678,31270,2497,28773,8409,746,7663,29,071,2014
"Greene County, Missouri",285865,282004,137174,30349,11103,19246,88633,7386,81247,18192,819,17373,144830,29243,9502,19741,91619,9773,81846,23968,2178,21790,29,077,2014
"Jackson County, Missouri",683191,676684,328401,84031,29929,54102,206450,16182,190268,37920,3599,34321,348283,79501,28739,50762,217998,23609,194389,50784,4340,46444,29,095,2014
"Jasper County, Missouri",117543,116538,56556,15598,7765,7833,34410,2574,31836,6548,429,6119,59982,14357,6262,8095,36803,4197,32606,8822,1263,7559,29,097,2014
"Jefferson County, Missouri",222716,221199,110109,27779,7848,19931,69241,3292,65949,13089,830,12259,111090,25851,7287,18564,69045,6418,62627,16194,1083,15111,29,099,2014
"Platte County, Missouri",94788,93824,46347,11329,1845,9484,29692,864,28828,5326,329,4997,47477,11465,1221,10244,29750,1533,28217,6262,453,5809,29,165,2014
"St. Charles County, Missouri",379493,377733,185664,47116,6214,40902,116366,3400,112966,22182,1185,20997,192069,45159,5232,39927,119158,4547,114611,27752,1084,26668,29,183,2014
"St. Francois County, Missouri",65960,59525,29802,7017,1681,5336,18547,2035,16512,4238,217,4021,29723,6820,2889,3931,17625,2173,15452,5278,564,4714,29,187,2014
"St. Louis County, Missouri",1001876,989965,468579,113059,24615,88444,290045,13138,276907,65475,3645,61830,521386,109823,22080,87743,320653,22925,297728,90910,6464,84446,29,189,2014
"St. Louis city, Missouri",317419,312683,150094,32583,17738,14845,103262,12572,90690,14249,1676,12573,162589,31223,19723,11500,110776,21514,89262,20590,4317,16273,29,510,2014
"Cascade County, Montana",82344,78583,38043,9876,3008,6868,21807,2472,19335,6360,202,6158,40540,8785,3423,5362,24648,2564,22084,7107,821,6286,30,013,2014
"Flathead County, Montana",94924,94349,46826,10951,4937,6014,28060,1870,26190,7815,534,7281,47523,9996,3408,6588,29109,2114,26995,8418,622,7796,30,029,2014
"Gallatin County, Montana",97308,96945,50332,10135,2923,7212,35207,976,34231,4990,165,4825,46613,9769,3388,6381,31317,1417,29900,5527,513,5014,30,031,2014
"Lewis and Clark County, Montana",65856,65260,32389,7661,2347,5314,19701,1773,17928,5027,714,4313,32871,6697,2146,4551,20738,2320,18418,5436,782,4654,30,049,2014
"Missoula County, Montana",112684,111896,56704,11528,4308,7220,37996,2254,35742,7180,823,6357,55192,10189,3507,6682,37377,3063,34314,7626,803,6823,30,063,2014
"Yellowstone County, Montana",155634,153223,74962,18668,5081,13587,45959,2946,43013,10335,910,9425,78261,18100,6391,11709,47632,4615,43017,12529,1184,11345,30,111,2014
"Douglas County, Nebraska",543244,537123,265074,72027,23239,48788,166469,10329,156140,26578,2603,23975,272049,67496,23066,44430,170576,16065,154511,33977,4102,29875,31,055,2014
"Lancaster County, Nebraska",301795,297848,146535,34993,10687,24306,95848,5633,90215,15694,1133,14561,151313,34461,11367,23094,96888,8497,88391,19964,1534,18430,31,109,2014
"Sarpy County, Nebraska",172193,168339,83599,25341,2086,23255,50898,1586,49312,7360,521,6839,84740,23239,3787,19452,51888,3183,48705,9613,821,8792,31,153,2014
"Clark County, Nevada",2069681,2046770,1018638,251502,81021,170481,639470,56577,582893,127666,15581,112085,1028132,240078,81245,158833,643276,79035,564241,144778,19957,124821,32,003,2014
"Washoe County, Nevada",440078,437673,219423,50082,18793,31289,139044,14275,124769,30297,2216,28081,218250,48001,15371,32630,136856,17141,119715,33393,3870,29523,32,031,2014
"Cheshire County, New Hampshire",76115,75432,37315,7316,2932,4384,24160,1308,22852,5839,499,5340,38117,6892,2392,4500,24548,1952,22596,6677,956,5721,33,005,2014
"Grafton County, New Hampshire",89658,88820,43659,8012,2933,5079,28333,2554,25779,7314,736,6578,45161,7553,2871,4682,29558,2888,26670,8050,650,7400,33,009,2014
"Hillsborough County, New Hampshire",405184,401419,199195,44469,12755,31714,130618,6233,124385,24108,1550,22558,202224,43186,10185,33001,129426,9304,120122,29612,2394,27218,33,011,2014
"Merrimack County, New Hampshire",147171,144345,70145,14935,4164,10771,45382,2562,42820,9828,300,9528,74200,14252,3826,10426,47376,3985,43391,12572,886,11686,33,013,2014
"Rockingham County, New Hampshire",300621,298472,147519,31792,5484,26308,95356,2653,92703,20371,953,19418,150953,30322,7653,22669,96260,5596,90664,24371,1773,22598,33,015,2014
"Strafford County, New Hampshire",125604,124317,59654,12963,4040,8923,39453,2249,37204,7238,511,6727,64663,12058,3670,8388,43393,3262,40131,9212,777,8435,33,017,2014
"Atlantic County, New Jersey",275209,272979,132118,30885,11145,19740,82660,8760,73900,18573,3201,15372,140861,29817,11082,18735,87652,14623,73029,23392,3702,19690,34,001,2014
"Bergen County, New Jersey",933572,927350,449168,103113,16084,87029,283520,16850,266670,62535,5267,57268,478182,98840,19211,79629,296424,23379,273045,82918,9159,73759,34,003,2014
"Burlington County, New Jersey",449722,434934,208490,49037,10981,38056,130510,9445,121065,28943,1810,27133,226444,47652,9560,38092,139849,13112,126737,38943,3826,35117,34,005,2014
"Camden County, New Jersey",511038,505201,243232,60898,22952,37946,152581,15837,136744,29753,3598,26155,261969,58109,21755,36354,163190,25100,138090,40670,5908,34762,34,007,2014
"Cape May County, New Jersey",95344,93363,45890,9145,3925,5220,26456,3829,22627,10289,919,9370,47473,7832,3323,4509,27717,4271,23446,11924,645,11279,34,009,2014
"Cumberland County, New Jersey",157389,146304,71225,19186,10810,8376,43151,7139,36012,8888,1107,7781,75079,18126,10315,7811,45531,13120,32411,11422,1940,9482,34,011,2014
"Essex County, New Jersey",795723,784635,374397,97302,42657,54645,238540,26808,211732,38555,6303,32252,410238,94506,40002,54504,259299,49154,210145,56433,11798,44635,34,013,2014
"Gloucester County, New Jersey",290951,289654,140408,33718,7366,26352,89202,8802,80400,17488,532,16956,149246,33034,8486,24548,93471,12799,80672,22741,2040,20701,34,015,2014
"Hudson County, New Jersey",669115,665483,331017,69559,35654,33905,232185,23209,208976,29273,6426,22847,334466,66421,34438,31983,227471,39076,188395,40574,9419,31155,34,017,2014
"Hunterdon County, New Jersey",126067,120577,58489,12878,743,12135,36937,1581,35356,8674,645,8029,62088,12668,1068,11600,38890,1190,37700,10530,561,9969,34,019,2014
"Mercer County, New Jersey",371537,365315,177288,41379,13519,27860,114791,9022,105769,21118,3090,18028,188027,39827,13518,26309,119737,14663,105074,28463,3754,24709,34,021,2014
"Middlesex County, New Jersey",836297,826961,405072,93981,23066,70915,264272,17888,246384,46819,5330,41489,421889,89851,21558,68293,270195,24516,245679,61843,8220,53623,34,023,2014
"Monmouth County, New Jersey",629279,625473,304668,71401,14819,56582,191573,11537,180036,41694,3845,37849,320805,68857,12509,56348,197813,15799,182014,54135,3968,50167,34,025,2014
"Morris County, New Jersey",499727,495635,241804,56127,5626,50501,152714,6199,146515,32963,1432,31531,253831,55040,6120,48920,156738,6302,150436,42053,4243,37810,34,027,2014
"Ocean County, New Jersey",586301,581193,280698,71216,27773,43443,156335,18470,137865,53147,4047,49100,300495,66477,26948,39529,161820,23127,138693,72198,5905,66293,34,029,2014
"Passaic County, New Jersey",508856,504605,245648,63457,30914,32543,154662,22540,132122,27529,3961,23568,258957,60352,28980,31372,161814,34080,127734,36791,7243,29548,34,031,2014
"Salem County, New Jersey",64715,63607,30481,6942,2542,4400,18963,1644,17319,4576,255,4321,33126,7280,3522,3758,19987,3902,16085,5859,1098,4761,34,033,2014
"Somerset County, New Jersey",332568,329748,160630,39458,4085,35373,103107,4955,98152,18065,1570,16495,169118,37407,4768,32639,105521,5185,100336,26190,3353,22837,34,035,2014
"Sussex County, New Jersey",144909,143522,71304,15884,3211,12673,46183,2389,43794,9237,895,8342,72218,15243,3085,12158,45705,3702,42003,11270,1370,9900,34,037,2014
"Union County, New Jersey",552939,548531,267570,66988,25529,41459,171401,15235,156166,29181,3715,25466,280961,64911,22108,42803,176103,21967,154136,39947,4420,35527,34,039,2014
"Warren County, New Jersey",106917,105899,51716,11490,2754,8736,32958,2095,30863,7268,420,6848,54183,11068,1815,9253,33870,3630,30240,9245,722,8523,34,041,2014
"Bernalillo County, New Mexico",675551,668661,325722,78069,39594,38475,206140,32108,174032,41513,4995,36518,342939,76208,39333,36875,213741,42529,171212,52990,6577,46413,35,001,2014
"Chaves County, New Mexico",65878,64891,31899,9010,6464,2546,18520,4036,14484,4369,622,3747,32992,8623,5439,3184,19087,5847,13240,5282,1116,4166,35,005,2014
"Doña Ana County, New Mexico",213676,210629,102637,28049,19484,8565,60921,11971,48950,13667,2772,10895,107992,26793,18031,8762,65350,17151,48199,15849,2731,13118,35,013,2014
"Lea County, New Mexico",69999,68146,34585,10586,4969,5617,20724,1892,18832,3275,267,3008,33561,9962,4449,5513,19672,3031,16641,3927,634,3293,35,025,2014
"McKinley County, New Mexico",74098,73714,35906,11974,9213,2761,21055,6067,14988,2877,980,1897,37808,9789,7782,2007,23495,9215,14280,4524,2024,2500,35,031,2014
"Otero County, New Mexico",65082,59605,28480,7875,4222,3653,15750,2812,12938,4855,565,4290,31125,8115,4283,3832,17782,4549,13233,5228,916,4312,35,035,2014
"Sandoval County, New Mexico",137608,136734,67224,17165,8141,9024,40582,5622,34960,9477,1076,8401,69510,16121,7275,8846,42083,6415,35668,11306,1055,10251,35,043,2014
"San Juan County, New Mexico",123785,122036,60194,16933,9025,7908,36351,6020,30331,6910,1099,5811,61842,16691,10634,6057,36698,8199,28499,8453,1864,6589,35,045,2014
"Santa Fe County, New Mexico",148164,146553,70848,14230,6716,7514,43465,5253,38212,13153,625,12528,75705,14490,5953,8537,45503,6753,38750,15712,1494,14218,35,049,2014
"Valencia County, New Mexico",75817,74288,36099,9164,5971,3193,21488,5195,16293,5447,660,4787,38189,9448,6340,3108,22627,8193,14434,6114,914,5200,35,061,2014
"Albany County, New York",308171,304137,145507,28245,9108,19137,97993,11328,86665,19269,1779,17490,158630,30053,9634,20419,102912,14895,88017,25665,3301,22364,36,001,2014
"Bronx County, New York",1438159,1416359,663330,186063,129346,56717,418234,136012,282222,59033,22024,37009,753029,179886,123155,56731,479683,209644,270039,93460,43030,50430,36,005,2014
"Broome County, New York",197349,194278,94707,19011,8945,10066,61481,12517,48964,14215,1939,12276,99571,19353,8306,11047,61856,17377,44479,18362,2031,16331,36,007,2014
"Cattaraugus County, New York",78600,77789,38236,8691,2820,5871,23422,4985,18437,6123,932,5191,39553,8865,3205,5660,23951,5509,18442,6737,1034,5703,36,009,2014
"Cayuga County, New York",78823,75277,37310,8744,2615,6129,22759,3972,18787,5807,383,5424,37967,7237,2441,4796,23759,4066,19693,6971,454,6517,36,011,2014
"Chautauqua County, New York",132053,129300,64150,14458,6869,7589,39746,7972,31774,9946,1027,8919,65150,12978,5785,7193,39561,10449,29112,12611,1986,10625,36,013,2014
"Chemung County, New York",87770,84358,40959,10226,4680,5546,24560,5229,19331,6173,789,5384,43399,8894,4162,4732,26548,6243,20305,7957,1091,6866,36,015,2014
"Clinton County, New York",81632,77166,38408,7432,2727,4705,25514,4528,20986,5462,720,4742,38758,6979,2821,4158,25436,4953,20483,6343,1147,5196,36,019,2014
"Dutchess County, New York",296579,288947,141400,30357,8745,21612,91690,11022,80668,19353,2062,17291,147547,28988,7667,21321,94260,12375,81885,24299,3536,20763,36,027,2014
"Erie County, New York",922835,910676,439428,97060,39449,57611,279737,42690,237047,62631,6818,55813,471248,93593,37893,55700,293489,59999,233490,84166,12620,71546,36,029,2014
"Jefferson County, New York",119103,106310,49983,14650,5335,9315,29111,4750,24361,6222,466,5756,56327,14794,4599,10195,33442,6693,26749,8091,872,7219,36,045,2014
"Kings County, New York",2621793,2610676,1236395,310980,179580,131400,798792,207818,590974,126623,44564,82059,1374281,299875,167488,132387,889111,267352,621759,185295,73569,111726,36,047,2014
"Livingston County, New York",64586,62099,30024,6145,2042,4103,19357,2416,16941,4522,329,4193,32075,5585,2054,3531,20899,3042,17857,5591,631,4960,36,051,2014
"Madison County, New York",72369,71676,35091,7502,2486,5016,22649,3904,18745,4940,721,4219,36585,7029,2387,4642,23474,4188,19286,6082,622,5460,36,053,2014
"Monroe County, New York",749857,743027,359278,81315,31353,49962,229290,32942,196348,48673,4222,44451,383749,78852,27688,51164,241631,51118,190513,63266,8105,55161,36,055,2014
"Nassau County, New York",1358627,1348503,653810,153447,24027,129420,407358,34601,372757,93005,7664,85341,694693,146360,24360,122000,424557,42631,381926,123776,15902,107874,36,059,2014
"New York County, New York",1636268,1625401,765848,122159,46665,75494,550736,85628,465108,92953,22409,70544,859553,118347,43967,74380,604646,110418,494228,136560,40838,95722,36,061,2014
"Niagara County, New York",213525,211529,103015,22381,7160,15221,64954,10227,54727,15680,3493,12187,108514,21122,6609,14513,67382,14788,52594,20010,4402,15608,36,063,2014
"Oneida County, New York",232871,225304,110664,24973,12367,12606,69036,13263,55773,16655,2013,14642,114640,24294,11953,12341,69238,18024,51214,21108,3161,17947,36,065,2014
"Onondaga County, New York",468196,463225,223482,52072,21897,30175,141361,21749,119612,30049,3784,26265,239743,50431,21076,29355,150626,30168,120458,38686,4729,33957,36,067,2014
"Ontario County, New York",109707,108780,53430,12041,4736,7305,32907,3921,28986,8482,1005,7477,55350,10659,3457,7202,34037,5296,28741,10654,1456,9198,36,069,2014
"Orange County, New York",376099,367231,180551,49564,17350,32214,110871,15195,95676,20116,2471,17645,186680,47981,17143,30838,112806,18155,94651,25893,4355,21538,36,071,2014
"Oswego County, New York",120913,120247,60393,13467,7096,6371,38984,8172,30812,7942,724,7218,59854,12496,6126,6370,38302,9252,29050,9056,1272,7784,36,075,2014
"Putnam County, New York",99487,98872,49047,10703,1512,9191,31914,1607,30307,6430,394,6036,49825,10657,2061,8596,31367,1797,29570,7801,811,6990,36,079,2014
"Queens County, New York",2321580,2306695,1119545,241728,116775,124953,750637,153970,596667,127180,29110,98070,1187150,230902,113879,117023,777704,194657,583047,178544,49135,129409,36,081,2014
"Rensselaer County, New York",159774,157910,78311,16574,7651,8923,51579,6438,45141,10158,1000,9158,79599,15593,5024,10569,51138,9096,42042,12868,1464,11404,36,083,2014
"Richmond County, New York",473279,469283,227177,53460,17688,35772,145871,23357,122514,27846,3524,24322,242106,51679,17029,34650,152672,27892,124780,37755,5964,31791,36,085,2014
"Rockland County, New York",323866,321542,157678,46079,21159,24920,91345,13957,77388,20254,2058,18196,163864,43725,18104,25621,93599,17528,76071,26540,4260,22280,36,087,2014
"St. Lawrence County, New York",111400,107766,54020,11815,6086,5729,34977,5907,29070,7228,1167,6061,53746,11015,3500,7515,33920,8469,25451,8811,1963,6848,36,089,2014
"Saratoga County, New York",224921,221778,108794,23896,6673,17223,69303,7156,62147,15595,1134,14461,112984,23329,5559,17770,71007,9525,61482,18648,2260,16388,36,091,2014
"Schenectady County, New York",155735,153890,74508,17907,5633,12274,47101,7568,39533,9500,1227,8273,79382,16524,6351,10173,49562,9481,40081,13296,1668,11628,36,093,2014
"Steuben County, New York",98394,97180,48274,11147,4335,6812,29486,5327,24159,7641,874,6767,48906,10678,4985,5693,29293,7181,22112,8935,1803,7132,36,101,2014
"Suffolk County, New York",1502968,1487087,730808,170345,39053,131292,464882,49679,415203,95581,7045,88536,756279,163175,33447,129728,468091,57639,410452,125013,12965,112048,36,103,2014
"Sullivan County, New York",75943,73538,36989,8182,3805,4377,22771,5250,17521,6036,940,5096,36549,8006,3532,4474,22215,5843,16372,6328,632,5696,36,105,2014
"Tompkins County, New York",104691,103850,51113,8007,2763,5244,37657,4243,33414,5449,611,4838,52737,7889,2946,4943,38262,6111,32151,6586,669,5917,36,109,2014
"Ulster County, New York",180445,175982,86271,16799,6798,10001,56014,10177,45837,13458,1404,12054,89711,16454,6324,10130,56193,10633,45560,17064,1921,15143,36,111,2014
"Warren County, New York",64973,64428,31199,5918,2591,3327,19654,3463,16191,5627,337,5290,33229,6154,2686,3468,20192,4058,16134,6883,1129,5754,36,113,2014
"Wayne County, New York",92051,90875,44258,9676,3214,6462,27816,3036,24780,6766,298,6468,46617,10765,3655,7110,27788,5613,22175,8064,864,7200,36,117,2014
"Westchester County, New York",972634,959734,463745,113572,29961,83611,288030,28380,259650,62143,6083,56060,495989,107661,27035,80626,303937,41509,262428,84391,11413,72978,36,119,2014
"Alamance County, North Carolina",155792,154727,74557,18642,11699,6943,45490,4356,41134,10425,1191,9234,80170,16627,8354,8273,49666,6244,43422,13877,1643,12234,37,001,2014
"Brunswick County, North Carolina",118836,117918,58845,12200,7814,4386,31261,3053,28208,15384,1342,14042,59073,8323,4274,4049,34718,4728,29990,16032,1321,14711,37,019,2014
"Buncombe County, North Carolina",250539,246666,119419,25346,7961,17385,75378,5763,69615,18695,1663,17032,127247,22770,7187,15583,79814,6124,73690,24663,2159,22504,37,021,2014
"Burke County, North Carolina",89486,87272,42694,8937,5071,3866,26709,3939,22770,7048,384,6664,44578,8615,5227,3388,27259,6486,20773,8704,1686,7018,37,023,2014
"Cabarrus County, North Carolina",192103,190672,93050,26312,7743,18569,56414,3333,53081,10324,985,9339,97622,24088,7559,16529,60495,5094,55401,13039,2195,10844,37,025,2014
"Caldwell County, North Carolina",81484,80644,38333,7541,4549,2992,24554,3175,21379,6238,743,5495,42311,9641,5392,4249,24565,2923,21642,8105,1007,7098,37,027,2014
"Carteret County, North Carolina",68811,67492,32565,6365,3011,3354,19152,1548,17604,7048,480,6568,34927,6407,2975,3432,20597,2410,18187,7923,799,7124,37,031,2014
"Catawba County, North Carolina",154534,152929,74659,18274,7735,10539,45784,3921,41863,10601,790,9811,78270,17194,6411,10783,47751,5431,42320,13325,1718,11607,37,035,2014
"Chatham County, North Carolina",68698,67948,34012,8390,4411,3979,18742,669,18073,6880,417,6463,33936,6028,2643,3385,19169,1432,17737,8739,1297,7442,37,037,2014
"Cleveland County, North Carolina",97076,96815,45777,10553,5469,5084,28097,4749,23348,7127,1063,6064,51038,11097,6031,5066,30416,4721,25695,9525,2122,7403,37,045,2014
"Craven County, North Carolina",104510,96504,45468,12225,4195,8030,25420,1563,23857,7823,1012,6811,51036,11644,4602,7042,29859,3661,26198,9533,1827,7706,37,049,2014
"Cumberland County, North Carolina",326328,299100,137259,42467,15164,27303,79807,8463,71344,14985,2216,12769,161841,41237,16739,24498,101107,13280,87827,19497,2903,16594,37,051,2014
"Davidson County, North Carolina",164072,162005,78942,19065,8787,10278,48826,4226,44600,11051,1331,9720,83063,18165,6767,11398,49855,6000,43855,15043,2242,12801,37,057,2014
"Durham County, North Carolina",294460,288770,135945,32796,13798,18998,90293,5780,84513,12856,1811,11045,152825,32196,15398,16798,102543,8300,94243,18086,2273,15813,37,063,2014
"Forsyth County, North Carolina",365298,362266,171279,44016,18715,25301,106105,7730,98375,21158,1752,19406,190987,42731,18591,24140,118450,12015,106435,29806,3934,25872,37,067,2014
"Gaston County, North Carolina",211127,209128,101296,24946,11737,13209,63034,6111,56923,13316,1217,12099,107832,23450,10135,13315,66968,11173,55795,17414,2858,14556,37,071,2014
"Guilford County, North Carolina",512119,508159,241247,59501,26790,32711,152658,11475,141183,29088,3371,25717,266912,56982,24796,32186,170627,18427,152200,39303,4709,34594,37,081,2014
"Harnett County, North Carolina",126666,120714,57452,17605,8227,9378,34187,3840,30347,5660,839,4821,63262,16616,7442,9174,39110,4688,34422,7536,1486,6050,37,085,2014
"Henderson County, North Carolina",111149,110110,53129,11010,5254,5756,29810,2850,26960,12309,471,11838,56981,10876,5596,5280,31238,2693,28545,14867,1188,13679,37,089,2014
"Iredell County, North Carolina",166675,165209,80957,20083,6637,13446,50516,3675,46841,10358,791,9567,84252,19600,6909,12691,51515,4877,46638,13137,1669,11468,37,097,2014
"Johnston County, North Carolina",181423,179557,86628,23530,10901,12629,53794,5010,48784,9304,892,8412,92929,24631,9123,15508,56169,7508,48661,12129,1008,11121,37,101,2014
"Lincoln County, North Carolina",79829,79271,38492,8476,3431,5045,24327,2186,22141,5689,629,5060,40779,9020,3173,5847,24842,2967,21875,6917,721,6196,37,109,2014
"Mecklenburg County, North Carolina",1012539,1007211,484107,125870,46252,79618,316280,18324,297956,41957,4582,37375,523104,122695,45636,77059,342808,31279,311529,57601,7882,49719,37,119,2014
"Moore County, North Carolina",93077,91046,43909,10706,5083,5623,23660,2082,21578,9543,552,8991,47137,9461,3445,6016,25767,3766,22001,11909,862,11047,37,125,2014
"Nash County, North Carolina",94357,93146,44756,11347,6059,5288,27122,3884,23238,6287,670,5617,48390,10053,5677,4376,29598,4891,24707,8739,1663,7076,37,127,2014
"New Hanover County, North Carolina",216298,213771,102043,21054,8980,12074,66567,5152,61415,14422,1165,13257,111728,20614,9572,11042,72354,6608,65746,18760,1587,17173,37,129,2014
"Onslow County, North Carolina",187589,157339,74500,24500,4920,19580,42924,4718,38206,7076,865,6211,82839,23028,3960,19068,51149,4696,46453,8662,1674,6988,37,133,2014
"Orange County, North Carolina",140420,139768,67433,15880,4903,10977,44734,1382,43352,6819,219,6600,72335,12764,3539,9225,50859,2968,47891,8712,1002,7710,37,135,2014
"Pitt County, North Carolina",175354,174307,82639,20169,9549,10620,54302,4043,50259,8168,894,7274,91668,18143,8365,9778,62387,6944,55443,11138,2151,8987,37,147,2014
"Randolph County, North Carolina",142778,141632,69451,17114,7933,9181,42065,2967,39098,10272,1055,9217,72181,16860,7839,9021,43023,4891,38132,12298,1606,10692,37,151,2014
"Robeson County, North Carolina",134760,133062,63727,17564,11522,6042,38858,6820,32038,7305,1130,6175,69335,17269,12195,5074,42664,11105,31559,9402,3008,6394,37,155,2014
"Polk County, Oregon",77916,77398,36870,8701,2850,5851,21824,3776,18048,6345,792,5553,40528,9412,4211,5201,23932,5478,18454,7184,1299,5885,41,053,2014
"Umatilla County, Oregon",76705,72557,35469,9814,5052,4762,20765,4293,16472,4890,619,4271,37088,10170,5141,5029,20885,4496,16389,6033,1394,4639,41,059,2014
"Washington County, Oregon",562998,558870,275642,69804,23537,46267,177273,18985,158288,28565,2393,26172,283228,67048,21556,45492,178720,23371,155349,37460,3946,33514,41,067,2014
"Yamhill County, Oregon",101758,99457,48150,11555,5051,6504,30018,3470,26548,6577,488,6089,51307,11975,5581,6394,30549,6075,24474,8783,1153,7630,41,071,2014
"Adams County, Pennsylvania",101714,100530,49749,10907,2842,8065,30797,2019,28778,8045,477,7568,50781,10005,2683,7322,31367,2958,28409,9409,601,8808,42,001,2014
"Allegheny County, Pennsylvania",1231255,1217005,585577,119417,40087,79330,380164,33533,346631,85996,9324,76672,631428,114836,37376,77460,395994,46997,348997,120598,17588,103010,42,003,2014
"Armstrong County, Pennsylvania",67785,67280,33399,6943,2458,4485,20458,2209,18249,5998,534,5464,33881,6370,2404,3966,19903,2898,17005,7608,1041,6567,42,005,2014
"Beaver County, Pennsylvania",169392,167977,81446,17130,6549,10581,50293,6378,43915,14023,1001,13022,86531,16080,6528,9552,51619,8265,43354,18832,2956,15876,42,007,2014
"Berks County, Pennsylvania",413691,408542,200492,48214,19144,29070,123508,12909,110599,28770,2765,26005,208050,46161,18753,27408,126750,18956,107794,35139,4260,30879,42,011,2014
"Blair County, Pennsylvania",125955,124427,60845,13219,5246,7973,38209,4447,33762,9417,1016,8401,63582,12680,4918,7762,37431,5217,32214,13471,1404,12067,42,013,2014
"Bucks County, Pennsylvania",626685,621038,303700,67834,11734,56100,191091,9094,181997,44775,3267,41508,317338,65379,11663,53716,194818,12655,182163,57141,5914,51227,42,017,2014
"Butler County, Pennsylvania",185943,183824,89970,19412,5090,14322,57031,3824,53207,13527,917,12610,93854,19049,5175,13874,57897,4924,52973,16908,1003,15905,42,019,2014
"Cambria County, Pennsylvania",137732,133152,63982,13409,5792,7617,39028,4196,34832,11545,1616,9929,69170,13074,5898,7176,40595,6965,33630,15501,2369,13132,42,021,2014
"Carbon County, Pennsylvania",64441,63650,31742,7134,3845,3289,18969,1661,17308,5639,259,5380,31908,6275,3325,2950,18932,2462,16470,6701,573,6128,42,025,2014
"Centre County, Pennsylvania",158742,155598,79754,12581,3416,9165,58294,3901,54393,8879,594,8285,75844,12328,2244,10084,53228,3392,49836,10288,1219,9069,42,027,2014
"Chester County, Pennsylvania",512784,508575,250333,61354,10089,51265,157177,6324,150853,31802,1941,29861,258242,58343,10173,48170,160085,8809,151276,39814,3258,36556,42,029,2014
"Clearfield County, Pennsylvania",81191,75471,37458,7617,4431,3186,23268,3799,19469,6573,691,5882,38013,7442,3453,3989,22520,5259,17261,8051,963,7088,42,033,2014
"Columbia County, Pennsylvania",67122,66364,31674,6167,1809,4358,20797,1440,19357,4710,439,4271,34690,5861,1758,4103,22642,2507,20135,6187,1293,4894,42,037,2014
"Crawford County, Pennsylvania",87175,85715,42661,9770,4073,5697,25558,2840,22718,7333,756,6577,43054,8790,3296,5494,25971,4123,21848,8293,873,7420,42,039,2014
"Cumberland County, Pennsylvania",243762,237472,114680,24247,5446,18801,72929,3547,69382,17504,1613,15891,122792,25126,7021,18105,75529,5829,69700,22137,1601,20536,42,041,2014
"Dauphin County, Pennsylvania",271453,268019,129343,31144,10970,20174,81426,6687,74739,16773,1252,15521,138676,29882,11809,18073,86060,12568,73492,22734,2421,20313,42,043,2014
"Delaware County, Pennsylvania",562960,555224,265187,63508,18963,44545,167533,14997,152536,34146,3255,30891,290037,61776,16638,45138,180375,22304,158071,47886,5057,42829,42,045,2014
"Erie County, Pennsylvania",278443,273278,132958,31131,13069,18062,83985,9938,74047,17842,1958,15884,140320,29295,12452,16843,86595,15039,71556,24430,3501,20929,42,049,2014
"Fayette County, Pennsylvania",134086,130713,63416,13314,5590,7724,38966,7058,31908,11136,1531,9605,67297,12781,5999,6782,40431,9458,30973,14085,2099,11986,42,051,2014
"Franklin County, Pennsylvania",152892,151407,74192,18158,5656,12502,43977,3175,40802,12057,777,11280,77215,16806,4741,12065,45461,5362,40099,14948,1282,13666,42,055,2014
"Indiana County, Pennsylvania",87706,86225,42911,8250,1736,6514,28269,2581,25688,6392,616,5776,43314,7779,2399,5380,27530,3663,23867,8005,836,7169,42,063,2014
"Lackawanna County, Pennsylvania",212719,208848,100149,21672,7114,14558,62794,7551,55243,15683,1656,14027,108699,20807,7058,13749,65314,9346,55968,22578,3192,19386,42,069,2014
"Lancaster County, Pennsylvania",533320,526476,257349,65746,19372,46374,154407,12981,141426,37196,3716,33480,269127,62752,17889,44863,159998,18703,141295,46377,4915,41462,42,071,2014
"Lawrence County, Pennsylvania",88771,87728,42941,9328,4047,5281,26226,3494,22732,7387,1407,5980,44787,8836,3473,5363,26504,3969,22535,9447,1737,7710,42,073,2014
"Lebanon County, Pennsylvania",136359,134520,65007,15403,4377,11026,39168,2727,36441,10436,1117,9319,69513,15848,3857,11991,40575,4757,35818,13090,1770,11320,42,075,2014
"Lehigh County, Pennsylvania",357823,353035,170674,40924,16812,24112,106123,10165,95958,23627,2016,21611,182361,40367,17887,22480,111021,15877,95144,30973,3986,26987,42,077,2014
"Luzerne County, Pennsylvania",318829,311071,152543,32748,13219,19529,95064,11867,83197,24731,2849,21882,158528,29651,10529,19122,96024,14530,81494,32853,4743,28110,42,079,2014
"Lycoming County, Pennsylvania",116508,113284,56931,12757,5168,7589,35540,3424,32116,8634,1003,7631,56353,11346,5513,5833,34096,6250,27846,10911,1402,9509,42,081,2014
"Mercer County, Pennsylvania",114884,110849,52911,11016,3306,7710,32647,3085,29562,9248,536,8712,57938,11588,4879,6709,33932,5545,28387,12418,1104,11314,42,085,2014
"Monroe County, Pennsylvania",166314,165507,81295,17886,7420,10466,51955,4990,46965,11454,541,10913,84212,17435,5423,12012,53130,6683,46447,13647,1864,11783,42,089,2014
"Montgomery County, Pennsylvania",816857,803206,389284,91493,21104,70389,242275,13623,228652,55516,3363,52153,413922,87527,17112,70415,254260,17125,237135,72135,7005,65130,42,091,2014
"Northampton County, Pennsylvania",300654,297398,147263,33012,11761,21251,92559,7040,85519,21692,2043,19649,150135,29262,9926,19336,92720,12028,80692,28153,3058,25095,42,095,2014
"Northumberland County, Pennsylvania",93944,89783,44235,9214,4122,5092,27160,3616,23544,7861,545,7316,45548,8952,3865,5087,26776,3571,23205,9820,1571,8249,42,097,2014
"Philadelphia County, Pennsylvania",1560297,1546480,729493,175209,104996,70213,479217,83113,396104,75067,14086,60981,816987,170457,101945,68512,532412,132190,400222,114118,27520,86598,42,101,2014
"Schuylkill County, Pennsylvania",145797,138966,68531,14611,5796,8815,42117,5683,36434,11803,1980,9823,70435,13919,4829,9090,41391,6224,35167,15125,2092,13033,42,107,2014
"Somerset County, Pennsylvania",76218,71308,35327,6931,2329,4602,21719,2142,19577,6677,487,6190,35981,6763,2323,4440,21093,2780,18313,8125,993,7132,42,111,2014
"Washington County, Pennsylvania",208187,206549,100910,20777,5247,15530,63270,6487,56783,16863,2045,14818,105639,20196,6468,13728,63907,7674,56233,21536,2531,19005,42,125,2014
"Westmoreland County, Pennsylvania",359320,355388,172856,34361,11195,23166,106881,9520,97361,31614,2007,29607,182532,32957,10054,22903,108879,13610,95269,40696,4664,36032,42,129,2014
"York County, Pennsylvania",440755,435750,215208,51098,16097,35001,133475,11928,121547,30635,2613,28022,220542,47499,16036,31463,135359,13246,122113,37684,4870,32814,42,133,2014
"Kent County, Rhode Island",165128,163945,79032,16119,3216,12903,50931,6028,44903,11982,1408,10574,84913,15557,4682,10875,53260,8654,44606,16096,2368,13728,44,003,2014
"Newport County, Rhode Island",82358,79489,38622,8030,1729,6301,23629,2110,21519,6963,427,6536,40867,7022,1973,5049,25320,4142,21178,8525,552,7973,44,005,2014
"Providence County, Rhode Island",631974,622244,300316,68126,34316,33810,196630,35611,161019,35560,5251,30309,321928,64929,30164,34765,207219,51522,155697,49780,11868,37912,44,007,2014
"Washington County, Rhode Island",126653,125753,60646,11903,2424,9479,38918,2989,35929,9825,617,9208,65107,11021,1797,9224,41497,4935,36562,12589,1201,11388,44,009,2014
"Aiken County, South Carolina",164753,162508,78864,19164,9199,9965,47118,3509,43609,12582,865,11717,83644,17153,6647,10506,50890,5205,45685,15601,1355,14246,45,003,2014
"Anderson County, South Carolina",192810,191501,92849,22628,9867,12761,56101,5461,50640,14120,1706,12414,98652,22233,9220,13013,58918,8448,50470,17501,2503,14998,45,007,2014
"Beaufort County, South Carolina",175852,167912,79986,17581,7115,10466,42174,4050,38124,20231,806,19425,87926,17613,7234,10379,48410,5410,43000,21903,1184,20719,45,013,2014
"Berkeley County, South Carolina",198205,192583,93831,24706,11040,13666,58268,5739,52529,10857,967,9890,98752,23329,9433,13896,62151,7400,54751,13272,2075,11197,45,015,2014
"Charleston County, South Carolina",381015,374111,178738,39078,16608,22470,116203,7359,108844,23457,2282,21175,195373,37590,15288,22302,127103,11430,115673,30680,2945,27735,45,019,2014
"Darlington County, South Carolina",67799,67062,31713,8220,5544,2676,18893,3020,15873,4600,285,4315,35349,7391,4942,2449,21667,4470,17197,6291,1078,5213,45,031,2014
"Dorchester County, South Carolina",148469,145734,70509,19601,6284,13317,42954,3235,39719,7954,810,7144,75225,18021,6423,11598,47739,5103,42636,9465,1296,8169,45,035,2014
"Florence County, South Carolina",139231,137532,63862,16780,9558,7222,38314,4766,33548,8768,942,7826,73670,16651,8527,8124,45997,8186,37811,11022,2043,8979,45,041,2014
"Greenville County, South Carolina",482752,477024,230830,57725,21031,36694,143352,10051,133301,29753,2442,27311,246194,55135,20970,34165,152972,16718,136254,38087,4779,33308,45,045,2014
"Greenwood County, South Carolina",69520,68355,31976,7716,3814,3902,19348,1327,18021,4912,427,4485,36379,8318,4747,3571,21615,3227,18388,6446,713,5733,45,047,2014
"Horry County, South Carolina",298832,297346,144821,29551,15896,13655,86534,10310,76224,28736,2245,26491,152525,28190,14171,14019,92489,14100,78389,31846,2697,29149,45,051,2014
"Lancaster County, South Carolina",83160,81558,39448,9594,4680,4914,23004,2027,20977,6850,340,6510,42110,8694,4947,3747,25072,4587,20485,8344,717,7627,45,057,2014
"Laurens County, South Carolina",66533,65349,31840,7546,4566,2980,19739,1870,17869,4555,484,4071,33509,7201,4135,3066,20603,3257,17346,5705,589,5116,45,059,2014
"Lexington County, South Carolina",277888,274877,133353,33624,12211,21413,82559,4198,78361,17170,1309,15861,141524,32099,12344,19755,88284,8947,79337,21141,2405,18736,45,063,2014
"Oconee County, South Carolina",75192,74583,36964,7916,2544,5372,21532,2078,19454,7516,612,6904,37619,7256,1664,5592,22062,2408,19654,8301,1424,6877,45,073,2014
"Orangeburg County, South Carolina",90090,89361,41890,10112,7384,2728,25422,3808,21614,6356,1591,4765,47471,9798,6048,3750,29105,6476,22629,8568,3000,5568,45,075,2014
"Pickens County, South Carolina",120368,119626,59099,11926,5231,6695,39305,4048,35257,7868,844,7024,60527,11913,5131,6782,38460,4888,33572,10154,741,9413,45,077,2014
"Richland County, South Carolina",401566,378023,176708,43049,16978,26071,115762,8774,106988,17897,2072,15825,201315,43877,17724,26153,131618,16766,114852,25820,3263,22557,45,079,2014
"Spartanburg County, South Carolina",293542,289327,139424,35241,18461,16780,84811,9207,75604,19372,2168,17204,149903,33882,17959,15923,92213,12687,79526,23808,3331,20477,45,083,2014
"Sumter County, South Carolina",107919,104747,49399,13155,6171,6984,29883,3464,26419,6361,1154,5207,55348,13492,7596,5896,33258,5424,27834,8598,2181,6417,45,085,2014
"York County, South Carolina",245346,243939,117770,30920,11625,19295,72662,4369,68293,14188,956,13232,126169,29596,10314,19282,78825,8188,70637,17748,1728,16020,45,091,2014
"Minnehaha County, South Dakota",182882,180262,89763,23689,5761,17928,56844,4076,52768,9230,1271,7959,90499,21962,6139,15823,56160,5123,51037,12377,1432,10945,46,099,2014
"Pennington County, South Dakota",108242,105394,51637,13199,5113,8086,31038,2723,28315,7400,445,6955,53757,12549,4845,7704,32926,3436,29490,8282,1194,7088,46,103,2014
"Anderson County, Tennessee",75528,74693,36236,8043,3555,4488,21937,1633,20304,6256,590,5666,38457,7560,3198,4362,23287,2751,20536,7610,1083,6527,47,001,2014
"Rockingham County, North Carolina",91696,90648,43846,9445,5082,4363,27358,3226,24132,7043,451,6592,46802,9861,5225,4636,27878,4758,23120,9063,1014,8049,37,157,2014
"Rowan County, North Carolina",138630,136167,66822,16509,9215,7294,41092,4223,36869,9221,577,8644,69345,14958,8674,6284,42065,7644,34421,12322,2059,10263,37,159,2014
"Rutherford County, North Carolina",66600,65789,31609,7592,4097,3495,18442,2925,15517,5575,520,5055,34180,6980,3613,3367,20104,3882,16222,7096,1407,5689,37,161,2014
"Surry County, North Carolina",72968,72172,34377,7616,3765,3851,20981,2224,18757,5780,718,5062,37795,8552,4932,3620,21810,3350,18460,7433,1363,6070,37,171,2014
"Union County, North Carolina",218568,217658,106847,31689,8201,23488,64443,3472,60971,10715,710,10005,110811,30790,8508,22282,65955,4706,61249,14066,2149,11917,37,179,2014
"Wake County, North Carolina",998691,990283,481535,126773,33003,93770,312776,14287,298489,41986,3198,38788,508748,123032,31887,91145,330423,21839,308584,55293,7266,48027,37,183,2014
"Wayne County, North Carolina",124456,120603,57429,15044,8104,6940,34985,4978,30007,7400,569,6831,63174,14970,8721,6249,37985,6599,31386,10219,1981,8238,37,191,2014
"Wilkes County, North Carolina",68838,68016,32956,6743,3761,2982,20271,2819,17452,5942,1309,4633,35060,7800,3986,3814,19901,3845,16056,7359,1711,5648,37,193,2014
"Wilson County, North Carolina",81401,80260,37553,9238,5701,3537,22849,2299,20550,5466,512,4954,42707,9891,6005,3886,25587,3938,21649,7229,836,6393,37,195,2014
"Burleigh County, North Dakota",90503,88504,43671,10340,1508,8832,27755,1585,26170,5576,392,5184,44833,10154,2413,7741,27817,2543,25274,6862,836,6026,38,015,2014
"Cass County, North Dakota",167005,165832,82450,18083,4067,14016,56778,3075,53703,7589,1085,6504,83382,18780,5770,13010,55090,5193,49897,9512,472,9040,38,017,2014
"Grand Forks County, North Dakota",70138,67868,34457,7020,2434,4586,24074,1565,22509,3363,315,3048,33411,7441,2565,4876,21886,2384,19502,4084,343,3741,38,035,2014
"Ward County, North Dakota",69384,66301,33058,7694,1778,5916,21926,761,21165,3438,198,3240,33243,7815,1620,6195,21364,1432,19932,4064,447,3617,38,101,2014
"Allen County, Ohio",105040,102293,50527,12810,6005,6805,30979,4496,26483,6738,496,6242,51766,11871,4683,7188,30626,5968,24658,9269,1177,8092,39,003,2014
"Ashtabula County, Ohio",99175,95874,47648,11607,6369,5238,28658,3885,24773,7383,1117,6266,48226,10875,5608,5267,28912,6585,22327,8439,1317,7122,39,007,2014
"Belmont County, Ohio",69461,65633,32100,6590,1601,4989,20171,2913,17258,5339,248,5091,33533,6558,2143,4415,19945,3639,16306,7030,318,6712,39,013,2014
"Butler County, Ohio",374158,370950,181830,46486,13131,33355,113979,10693,103286,21365,1325,20040,189120,44470,15921,28549,118528,17000,101528,26122,1729,24393,39,017,2014
"Clark County, Ohio",136554,134627,65807,16208,9051,7157,39260,5978,33282,10339,472,9867,68820,14988,7211,7777,41165,9750,31415,12667,1134,11533,39,023,2014
"Clermont County, Ohio",201560,200263,98991,24543,7958,16585,62006,6426,55580,12442,1445,10997,101272,23512,5957,17555,62329,9061,53268,15431,1428,14003,39,025,2014
"Columbiana County, Ohio",105686,102251,50007,11284,5080,6204,30551,5014,25537,8172,735,7437,52244,10913,5070,5843,31275,7329,23946,10056,1731,8325,39,029,2014
"Cuyahoga County, Ohio",1259828,1244943,593465,137297,63949,73348,372609,56196,316413,83559,9831,73728,651478,132958,63257,69701,402790,92754,310036,115730,17176,98554,39,035,2014
"Delaware County, Ohio",189113,188180,93498,26963,2537,24426,56921,2186,54735,9614,331,9283,94682,25063,2144,22919,58287,2402,55885,11332,840,10492,39,041,2014
"Erie County, Ohio",75828,74825,37046,8589,3025,5564,21974,2711,19263,6483,168,6315,37779,7297,2614,4683,22913,4352,18561,7569,1247,6322,39,043,2014
"Fairfield County, Ohio",150381,147728,73200,19061,6137,12924,44456,4607,39849,9683,528,9155,74528,17682,4603,13079,45346,7108,38238,11500,1343,10157,39,045,2014
"Franklin County, Ohio",1231393,1223824,596489,148144,57577,90567,393297,36139,357158,55048,5308,49740,627335,143166,55483,87683,409267,62514,346753,74902,8287,66615,39,049,2014
"Geauga County, Ohio",94295,93583,46424,11585,1266,10319,27307,1338,25969,7532,526,7006,47159,11293,1938,9355,27408,1804,25604,8458,438,8020,39,055,2014
"Greene County, Ohio",163820,160503,78561,17994,6013,11981,49399,3907,45492,11168,594,10574,81942,15641,5246,10395,52566,6445,46121,13735,763,12972,39,057,2014
"Hamilton County, Ohio",806631,798615,385972,95447,33147,62300,244390,24360,220030,46135,3873,42262,412643,91875,34176,57699,258001,42686,215315,62767,5692,57075,39,061,2014
"Hancock County, Ohio",75337,74515,36269,8175,2937,5238,23073,1611,21462,5021,378,4643,38246,8739,2355,6384,23160,2542,20618,6347,222,6125,39,063,2014
"Jefferson County, Ohio",67694,66936,32893,7266,3900,3366,20143,3788,16355,5484,642,4842,34043,5939,2552,3387,20871,4802,16069,7233,800,6433,39,081,2014
"Lake County, Ohio",229230,227104,110781,23973,7718,16255,69463,5745,63718,17345,430,16915,116323,23800,7040,16760,70246,8409,61837,22277,816,21461,39,085,2014
"Licking County, Ohio",169390,168108,82359,20548,6211,14337,50679,4755,45924,11132,406,10726,85749,19485,7891,11594,52301,7700,44601,13963,1266,12697,39,089,2014
"Lorain County, Ohio",304216,298198,145145,35902,14229,21673,88591,9574,79017,20652,2030,18622,153053,33216,13149,20067,92836,16983,75853,27001,3130,23871,39,093,2014
"Lucas County, Ohio",435286,429733,208253,51852,26163,25689,130039,21215,108824,26362,2512,23850,221480,49155,22646,26509,137493,32949,104544,34832,5118,29714,39,095,2014
"Mahoning County, Ohio",233204,227425,108721,24119,10042,14077,66936,10130,56806,17666,2435,15231,118704,23580,10798,12782,70370,16107,54263,24754,3206,21548,39,099,2014
"Marion County, Ohio",65720,60286,29851,6876,3811,3065,18329,3078,15251,4646,624,4022,30435,6787,2650,4137,17599,4546,13053,6049,896,5153,39,101,2014
"Medina County, Ohio",176029,174908,86058,21031,3414,17617,52713,2419,50294,12314,373,11941,88850,20336,3573,16763,54477,4214,50263,14037,1264,12773,39,103,2014
"Miami County, Ohio",103900,103024,50986,12780,4598,8182,30503,2087,28416,7703,310,7393,52038,11467,3410,8057,30957,4940,26017,9614,771,8843,39,109,2014
"Montgomery County, Ohio",533116,524594,252225,61374,26386,34988,154717,19885,134832,36134,2554,33580,272369,58365,26649,31716,165171,35172,129999,48833,5946,42887,39,113,2014
"Muskingum County, Ohio",85818,85015,41386,10473,4612,5861,24773,3820,20953,6140,726,5414,43629,9386,4301,5085,26503,5979,20524,7740,1021,6719,39,119,2014
"Portage County, Ohio",161882,160899,79139,16256,6326,9930,51869,4185,47684,11014,1795,9219,81760,14660,4687,9973,54219,7273,46946,12881,1293,11588,39,133,2014
"Richland County, Ohio",121942,115456,56521,13972,5250,8722,33267,4968,28299,9282,642,8640,58935,12637,5248,7389,34204,5444,28760,12094,1540,10554,39,139,2014
"Ross County, Ohio",77159,71529,35408,9037,4764,4273,21414,4225,17189,4957,438,4519,36121,7742,4419,3323,22381,5974,16407,5998,823,5175,39,141,2014
"Scioto County, Ohio",77258,74487,36294,8492,5150,3342,22414,5525,16889,5388,571,4817,38193,8418,4531,3887,23166,7116,16050,6609,1131,5478,39,145,2014
"Stark County, Ohio",375736,370774,180274,41381,15719,25662,110872,12861,98011,28021,1982,26039,190500,40476,15718,24758,115153,21195,93958,34871,4300,30571,39,151,2014
"Summit County, Ohio",541943,536929,259860,59822,20527,39295,163258,19328,143930,36780,2568,34212,277069,57807,19915,37892,171620,27393,144227,47642,5237,42405,39,153,2014
"Trumbull County, Ohio",205175,201263,97130,21709,8977,12732,58302,6957,51345,17119,1129,15990,104133,21351,9111,12240,61692,12968,48724,21090,1687,19403,39,155,2014
"Tuscarawas County, Ohio",92788,91871,45447,11136,3475,7661,27343,2792,24551,6968,834,6134,46424,10060,3603,6457,27357,5240,22117,9007,984,8023,39,157,2014
"Warren County, Ohio",221659,214961,105161,29433,3651,25782,63022,2556,60466,12706,358,12348,109800,27711,2911,24800,66479,3884,62595,15610,1376,14234,39,165,2014
"Wayne County, Ohio",115537,114424,56740,14695,4367,10328,34144,3024,31120,7901,279,7622,57684,13512,2762,10750,34544,5212,29332,9628,715,8913,39,169,2014
"Wood County, Ohio",129590,128291,62774,13709,3691,10018,41407,2414,38993,7658,189,7469,65517,13070,2245,10825,42868,5687,37181,9579,1227,8352,39,173,2014
"Canadian County, Oklahoma",129582,127983,61958,16763,4327,12436,38691,1385,37306,6504,450,6054,66025,17093,4623,12470,40094,2719,37375,8838,901,7937,40,017,2014
"Cleveland County, Oklahoma",269908,264345,129432,30275,9330,20945,85490,3286,82204,13667,482,13185,134913,29863,9186,20677,87472,7439,80033,17578,1432,16146,40,027,2014
"Comanche County, Oklahoma",125033,112733,54801,15495,4835,10660,33414,4438,28976,5892,683,5209,57932,14637,4873,9764,36056,4751,31305,7239,1084,6155,40,031,2014
"Creek County, Oklahoma",70632,69834,34257,8790,3353,5437,20380,1558,18822,5087,403,4684,35577,8318,3926,4392,21006,2492,18514,6253,511,5742,40,037,2014
"Muskogee County, Oklahoma",69966,67161,33025,9318,4910,4408,19267,1703,17564,4440,569,3871,34136,7804,4288,3516,20327,3204,17123,6005,771,5234,40,101,2014
"Oklahoma County, Oklahoma",766215,751696,363811,99996,46329,53667,224083,13410,210673,39732,3132,36600,387885,95821,43998,51823,238850,24502,214348,53214,5473,47741,40,109,2014
"Payne County, Oklahoma",80264,79188,39834,8058,3366,4692,28068,1873,26195,3708,413,3295,39354,7384,3712,3672,27012,2555,24457,4958,325,4633,40,119,2014
"Pottawatomie County, Oklahoma",71811,69835,33641,8689,3916,4773,20057,1790,18267,4895,524,4371,36194,8703,4007,4696,21357,2610,18747,6134,867,5267,40,125,2014
"Rogers County, Oklahoma",89815,88864,43753,11386,3680,7706,26584,945,25639,5783,357,5426,45111,10612,3020,7592,27142,2451,24691,7357,583,6774,40,131,2014
"Tulsa County, Oklahoma",629598,624659,303999,82128,31272,50856,188249,9432,178817,33622,2506,31116,320660,78492,31501,46991,195743,17899,177844,46425,4254,42171,40,143,2014
"Wagoner County, Oklahoma",75702,75396,37538,9918,4463,5455,22386,1809,20577,5234,291,4943,37858,9085,2978,6107,22943,2013,20930,5830,483,5347,40,145,2014
"Benton County, Oregon",86316,86070,43769,7386,1761,5625,30493,5386,25107,5890,561,5329,42301,7275,2419,4856,28645,3870,24775,6381,609,5772,41,003,2014
"Clackamas County, Oregon",394972,393184,194118,45972,13332,32640,120055,12241,107814,28091,1835,26256,199066,41933,12384,29549,122014,17678,104336,35119,3765,31354,41,005,2014
"Deschutes County, Oregon",170388,169846,83853,19003,8016,10987,50485,8871,41614,14365,1028,13337,85993,17611,6819,10792,52588,11334,41254,15794,2108,13686,41,017,2014
"Douglas County, Oregon",106972,106338,52393,10364,4160,6204,30206,6791,23415,11823,1376,10447,53945,10136,5302,4834,30769,8842,21927,13040,1332,11708,41,019,2014
"Jackson County, Oregon",210287,209096,102051,23092,12573,10519,59536,11842,47694,19423,2033,17390,107045,21253,9278,11975,63371,17559,45812,22421,3454,18967,41,029,2014
"Josephine County, Oregon",83599,82966,39843,8184,4078,4106,22329,5975,16354,9330,915,8415,43123,7971,5052,2919,24053,7447,16606,11099,1513,9586,41,033,2014
"Klamath County, Oregon",65455,64936,32333,7119,3258,3861,19282,5182,14100,5932,491,5441,32603,7032,4182,2850,19372,6199,13173,6199,516,5683,41,035,2014
"Lane County, Oregon",358337,356652,174372,34447,15859,18588,111929,19603,92326,27996,3171,24825,182280,33950,15108,18842,114823,25282,89541,33507,4278,29229,41,039,2014
"Linn County, Oregon",119356,118579,59036,14707,7052,7655,34793,9665,25128,9536,1062,8474,59543,13040,6967,6073,35557,10400,25157,10946,1681,9265,41,043,2014
"Marion County, Oregon",326110,320825,157616,41925,20499,21426,95461,17495,77966,20230,1757,18473,163209,40753,20533,20220,96542,21417,75125,25914,3564,22350,41,047,2014
"Multnomah County, Oregon",776712,771729,381636,78309,32777,45532,263845,44863,218982,39482,5936,33546,390093,74758,31646,43112,264266,54222,210044,51069,10662,40407,41,051,2014
"Bartow County, Georgia",101736,101067,50032,13006,6148,6858,31543,3136,28407,5483,300,5183,51035,12196,5256,6940,32060,3003,29057,6779,914,5865,13,015,2014
"Bibb County, Georgia",153905,150502,69953,19992,10490,9502,41899,4870,37029,8062,1037,7025,80549,18594,10692,7902,49285,7092,42193,12670,2241,10429,13,021,2014
"Bulloch County, Georgia",72087,71289,34651,7413,3384,4029,24004,1976,22028,3234,65,3169,36638,7221,3392,3829,25410,2391,23019,4007,694,3313,13,031,2014
"Carroll County, Georgia",114093,113031,53722,13178,7071,6107,34737,2865,31872,5807,396,5411,59309,15138,7832,7306,36549,4737,31812,7622,1083,6539,13,045,2014
"Catoosa County, Georgia",65621,65127,32264,8825,2395,6430,19063,1307,17756,4376,196,4180,32863,6952,2212,4740,20199,704,19495,5712,498,5214,13,047,2014
"Chatham County, Georgia",283379,274242,129065,32202,12728,19474,80950,4289,76661,15913,2015,13898,145177,30492,11479,19013,93256,8054,85202,21429,4013,17416,13,051,2014
"Cherokee County, Georgia",230985,230016,113371,30040,7199,22841,70354,2709,67645,12977,493,12484,116645,28614,6961,21653,74026,3824,70202,14005,1004,13001,13,057,2014
"Clarke County, Georgia",120938,119832,57350,11369,6202,5167,41179,3588,37591,4802,630,4172,62482,9928,4877,5051,45769,6051,39718,6785,1187,5598,13,059,2014
"Clayton County, Georgia",267542,263916,123675,38625,21789,16836,75532,5274,70258,9518,1338,8180,140241,36912,19331,17581,89892,9858,80034,13437,2542,10895,13,063,2014
"Cobb County, Georgia",730981,726648,350646,90737,25527,65210,226735,7688,219047,33174,2312,30862,376002,88908,27212,61696,244238,12561,231677,42856,4038,38818,13,067,2014
"Columbia County, Georgia",139257,136368,64581,17673,3851,13822,39679,1518,38161,7229,896,6333,71787,18479,5568,12911,44556,2718,41838,8752,624,8128,13,073,2014
"Coweta County, Georgia",135571,134992,65501,17296,5468,11828,40974,2231,38743,7231,604,6627,69491,17531,4994,12537,42913,4200,38713,9047,982,8065,13,077,2014
"DeKalb County, Georgia",722161,715604,339236,87289,44087,43202,222167,15318,206849,29780,3795,25985,376368,83718,38103,45615,249968,24082,225886,42682,7225,35457,13,089,2014
"Dougherty County, Georgia",92407,90726,41537,11768,8711,3057,24693,2550,22143,5076,639,4437,49189,11228,7872,3356,30878,5873,25005,7083,2554,4529,13,095,2014
"Douglas County, Georgia",138776,137592,65487,18915,5594,13321,40508,2801,37707,6064,891,5173,72105,18561,7159,11402,45841,3998,41843,7703,2102,5601,13,097,2014
"Fayette County, Georgia",109664,108526,52913,13559,3206,10353,31426,1861,29565,7928,716,7212,55613,12648,2998,9650,33215,1476,31739,9750,1084,8666,13,113,2014
"Floyd County, Georgia",96063,93754,45411,11787,5475,6312,27491,3295,24196,6133,675,5458,48343,10670,4371,6299,29629,5384,24245,8044,1148,6896,13,115,2014
"Forsyth County, Georgia",204302,203550,99975,29603,4753,24850,60509,1183,59326,9863,1266,8597,103575,29349,4311,25038,62033,2070,59963,12193,1573,10620,13,117,2014
"Fulton County, Georgia",996319,987589,476213,117318,40486,76832,317247,22749,294498,41648,6005,35643,511376,114047,42924,71123,337740,33200,304540,59589,11005,48584,13,121,2014
"Glynn County, Georgia",82175,81143,38950,10298,4500,5798,22619,1408,21211,6033,1134,4899,42193,8398,4290,4108,25905,2448,23457,7890,1347,6543,13,127,2014
"Gwinnett County, Georgia",877922,872719,424850,123992,43826,80166,268839,12049,256790,32019,4238,27781,447869,120700,43594,77106,284758,17269,267489,42411,6598,35813,13,135,2014
"Hall County, Georgia",190761,189462,94360,25790,12311,13479,56706,2294,54412,11864,1219,10645,95102,24674,10239,14435,56600,4572,52028,13828,1640,12188,13,139,2014
"Henry County, Georgia",213869,212420,100434,29369,10165,19204,61802,4196,57606,9263,1110,8153,111986,28493,7956,20537,70951,6232,64719,12542,1576,10966,13,151,2014
"Houston County, Georgia",149111,145031,68863,18690,4883,13807,43181,1818,41363,6992,736,6256,76168,19596,6809,12787,47306,4838,42468,9266,1084,8182,13,153,2014
"Liberty County, Georgia",65198,59070,28130,10080,2506,7574,16009,1172,14837,2041,514,1527,30940,8782,2262,6520,19429,1888,17541,2729,887,1842,13,179,2014
"Lowndes County, Georgia",113523,108570,51185,14314,6412,7902,31746,4038,27708,5125,978,4147,57385,13931,5852,8079,36375,5286,31089,7079,1030,6049,13,185,2014
"Muscogee County, Georgia",200887,190961,89406,24843,11149,13694,55354,4618,50736,9209,1669,7540,101555,23686,12328,11358,63832,8812,55020,14037,2478,11559,13,215,2014
"Newton County, Georgia",103675,102902,49746,15026,7372,7654,29417,3551,25866,5303,478,4825,53156,13016,6845,6171,33291,5840,27451,6849,970,5879,13,217,2014
"Paulding County, Georgia",148987,148438,72029,21301,8029,13272,44597,3273,41324,6131,713,5418,76409,20738,7575,13163,48040,3274,44766,7631,809,6822,13,223,2014
"Richmond County, Georgia",201368,191221,87203,23415,13715,9700,54488,6408,48080,9300,2346,6954,104018,24016,14313,9703,65167,11344,53823,14835,3523,11312,13,245,2014
"Rockdale County, Georgia",87754,86957,41784,12100,5404,6696,25017,1713,23304,4667,784,3883,45173,10459,4505,5954,28631,2107,26524,6083,1764,4319,13,247,2014
"Troup County, Georgia",69469,67930,31761,8757,4274,4483,19137,2046,17091,3867,694,3173,36169,8863,4611,4252,21898,2388,19510,5408,874,4534,13,285,2014
"Walker County, Georgia",68218,66932,32775,8064,4040,4024,19773,2111,17662,4938,1165,3773,34157,7262,2903,4359,20704,3832,16872,6191,939,5252,13,295,2014
"Walton County, Georgia",87615,86803,42149,11583,4506,7077,25131,2404,22727,5435,1085,4350,44654,11089,3240,7849,26783,2294,24489,6782,1344,5438,13,297,2014
"Whitfield County, Georgia",103542,102797,50133,13241,5946,7295,31321,2083,29238,5571,323,5248,52664,14384,7235,7149,31093,2791,28302,7187,1113,6074,13,313,2014
"Hawaii County, Hawaii",194190,192857,96875,23127,10661,12466,57737,11114,46623,16011,1614,14397,95982,19678,9379,10299,58502,13768,44734,17802,2555,15247,15,001,2014
"Honolulu County, Hawaii",991788,943799,462756,108995,33336,75659,286177,30502,255675,67584,7639,59945,481043,104278,30068,74210,290763,38010,252753,86002,11085,74917,15,003,2014
"Kauai County, Hawaii",70475,69745,34201,7341,2667,4674,21320,2992,18328,5540,896,4644,35544,8448,3432,5016,20555,3290,17265,6541,835,5706,15,007,2014
"Maui County, Hawaii",163046,161309,80819,18408,5780,12628,51106,5879,45227,11305,883,10422,80490,17735,6564,11171,49857,7003,42854,12898,887,12011,15,009,2014
"Ada County, Idaho",426236,420062,207869,54961,16138,38823,129017,6314,122703,23891,1281,22610,212193,52029,11059,40970,130770,9622,121148,29394,2854,26540,16,001,2014
"Bannock County, Idaho",83347,82306,40191,10801,3527,7274,24613,2705,21908,4777,254,4523,42115,11525,3938,7587,24899,3611,21288,5691,593,5098,16,005,2014
"Bonneville County, Idaho",108623,107144,52282,16917,5972,10945,29634,2338,27296,5731,269,5462,54862,16910,6222,10688,30967,3322,27645,6985,793,6192,16,019,2014
"Canyon County, Idaho",203143,201617,99488,31427,14642,16785,56445,3949,52496,11616,685,10931,102129,29744,12636,17108,59237,7067,52170,13148,2274,10874,16,027,2014
"Kootenai County, Idaho",147326,145409,71924,18273,6941,11332,42162,2588,39574,11489,1803,9686,73485,16232,6469,9763,43832,3294,40538,13421,715,12706,16,055,2014
"Twin Falls County, Idaho",80914,79806,39773,11429,3858,7571,22891,1582,21309,5453,685,4768,40033,10562,3688,6874,23164,2244,20920,6307,643,5664,16,083,2014
"Adams County, Illinois",66988,65681,32295,7863,4073,3790,19309,2223,17086,5123,242,4881,33386,7266,3151,4115,19680,3753,15927,6440,720,5720,17,001,2014
"Champaign County, Illinois",207133,205336,102118,19553,7781,11772,72868,5659,67209,9697,659,9038,103218,19842,7447,12395,71112,8086,63026,12264,938,11326,17,019,2014
"Cook County, Illinois",5246456,5200469,2519102,600361,284197,316164,1641850,182277,1459573,276891,34843,242048,2681367,584187,282772,301415,1716778,312106,1404672,380402,61640,318762,17,031,2014
"DeKalb County, Illinois",105462,104741,51468,10988,3146,7842,35321,2868,32453,5159,367,4792,53273,11826,3417,8409,35195,4091,31104,6252,525,5727,17,037,2014
"DuPage County, Illinois",932708,927168,455491,111722,26525,85197,290051,14939,275112,53718,4011,49707,471677,106755,25262,81493,297231,22371,274860,67691,6059,61632,17,043,2014
"Kane County, Illinois",527306,523960,261550,73711,27666,46045,160624,12883,147741,27215,2126,25089,262410,68751,29341,39410,160101,20104,139997,33558,2799,30759,17,089,2014
"Kankakee County, Illinois",111375,109030,52538,13164,4391,8773,32985,3433,29552,6389,825,5564,56492,13341,5174,8167,34220,5339,28881,8931,1063,7868,17,091,2014
"Kendall County, Illinois",121350,121069,60910,17596,3536,14060,38811,1940,36871,4503,107,4396,60159,17059,2921,14138,37451,3739,33712,5649,91,5558,17,093,2014
"Lake County, Illinois",705186,689408,339493,91724,26938,64786,210620,14658,195962,37149,2890,34259,349915,87452,27212,60240,216408,20710,195698,46055,4005,42050,17,097,2014
"LaSalle County, Illinois",111241,108303,52575,11621,4394,7227,32841,3621,29220,8113,657,7456,55728,12637,3790,8847,33030,4696,28334,10061,989,9072,17,099,2014
"McHenry County, Illinois",307283,306121,153367,40086,9586,30500,96848,6385,90463,16433,1474,14959,152754,36739,9609,27130,96105,8512,87593,19910,1935,17975,17,111,2014
"McLean County, Illinois",174061,172882,84058,19529,6063,13466,56069,4551,51518,8460,268,8192,88824,18700,5658,13042,59437,7506,51931,10687,759,9928,17,113,2014
"Macon County, Illinois",108350,105642,50433,12017,5543,6474,30363,3895,26468,8053,749,7304,55209,12094,5082,7012,32861,6799,26062,10254,1331,8923,17,115,2014
"Madison County, Illinois",266560,264063,128211,30667,11551,19116,79849,9522,70327,17695,1353,16342,135852,28774,12023,16751,83767,15757,68010,23311,2308,21003,17,119,2014
"Peoria County, Illinois",187319,185067,89808,22867,9579,13288,55205,5279,49926,11736,537,11199,95259,21492,10038,11454,58817,10841,47976,14950,1643,13307,17,143,2014
"Rock Island County, Illinois",146063,143406,70434,17122,8446,8676,42220,4506,37714,11092,1156,9936,72972,15071,6149,8922,44145,8354,35791,13756,984,12772,17,161,2014
"St. Clair County, Illinois",265729,259868,123802,32386,13942,18444,76054,10184,65870,15362,771,14591,136066,31594,13111,18483,84200,18870,65330,20272,2043,18229,17,163,2014
"Sangamon County, Illinois",198997,196811,93892,23299,10016,13283,57833,8000,49833,12760,1350,11410,102919,22347,10315,12032,62978,11387,51591,17594,1941,15653,17,167,2014
"Tazewell County, Illinois",135707,133203,65660,16074,5572,10502,39851,3656,36195,9735,676,9059,67543,15106,4185,10921,40213,5986,34227,12224,1340,10884,17,179,2014
"Vermilion County, Illinois",79728,77120,37595,9432,4550,4882,22104,3424,18680,6059,556,5503,39525,9115,4179,4936,22906,6099,16807,7504,1044,6460,17,183,2014
"Will County, Illinois",685419,678019,334247,93266,22935,70331,207609,13143,194466,33372,2344,31028,343772,89287,22994,66293,213699,22440,191259,40786,4479,36307,17,197,2014
"Williamson County, Illinois",67008,64975,31589,7287,2405,4882,19344,2951,16393,4958,428,4530,33386,7426,3409,4017,19715,3332,16383,6245,594,5651,17,199,2014
"Winnebago County, Illinois",288542,285369,139088,35044,16051,18993,85047,11344,73703,18997,1795,17202,146281,33572,15776,17796,87996,20768,67228,24713,2645,22068,17,201,2014
"Allen County, Indiana",365918,361772,176819,48825,17495,31330,108006,8453,99553,19988,1459,18529,184953,46998,18716,28282,111996,12193,99803,25959,2316,23643,18,003,2014
"Bartholomew County, Indiana",80217,79467,40153,10279,3875,6404,24817,1488,23329,5057,324,4733,39314,9118,2857,6261,23854,2067,21787,6342,535,5807,18,005,2014
"Clark County, Indiana",114262,112761,54520,13180,4090,9090,34435,2260,32175,6905,621,6284,58241,13607,4133,9474,35694,4272,31422,8940,1123,7817,18,019,2014
"Delaware County, Indiana",117074,115667,56403,10981,4458,6523,37389,3804,33585,8033,442,7591,59264,10566,3752,6814,38858,4629,34229,9840,937,8903,18,035,2014
"Elkhart County, Indiana",201971,199572,97489,28615,10853,17762,58048,4273,53775,10826,412,10414,102083,27818,10788,17030,60120,7627,52493,14145,979,13166,18,039,2014
"Floyd County, Indiana",76179,75122,36448,8955,1887,7068,22896,991,21905,4597,424,4173,38674,8856,2955,5901,24273,2267,22006,5545,434,5111,18,043,2014
"Grant County, Indiana",68569,67697,31496,6811,3350,3461,19623,2003,17620,5062,506,4556,36201,7429,3422,4007,22243,3100,19143,6529,887,5642,18,053,2014
"Hamilton County, Indiana",302623,301073,146578,43390,3890,39500,89166,2344,86822,14022,606,13416,154495,42881,4528,38353,94801,3409,91392,16813,846,15967,18,057,2014
"Hancock County, Indiana",71978,71400,34448,8679,1630,7049,20902,622,20280,4867,412,4455,36952,8692,1458,7234,22588,2129,20459,5672,315,5357,18,059,2014
"Hendricks County, Indiana",156056,153525,75276,20554,2356,18198,46628,1809,44819,8094,357,7737,78249,19978,3698,16280,48099,2914,45185,10172,893,9279,18,063,2014
"Howard County, Indiana",82982,82015,39640,9436,2881,6555,23599,2346,21253,6605,158,6447,42375,9575,4042,5533,24950,3519,21431,7850,593,7257,18,067,2014
"Johnson County, Indiana",147538,145901,71130,20300,6968,13332,42114,2213,39901,8716,83,8633,74771,18494,5175,13319,45614,4601,41013,10663,472,10191,18,081,2014
"Kosciusko County, Indiana",78564,77883,39166,10064,2870,7194,23981,1516,22465,5121,291,4830,38717,9116,2851,6265,23193,2318,20875,6408,378,6030,18,085,2014
"Lake County, Indiana",490228,486815,235501,61104,24318,36786,144491,12839,131652,29906,3099,26807,251314,58586,23345,35241,153484,23110,130374,39244,4178,35066,18,089,2014
"LaPorte County, Indiana",111444,102789,49308,12326,4595,7731,29813,2445,27368,7169,364,6805,53481,11978,5631,6347,31842,4251,27591,9661,733,8928,18,091,2014
"Madison County, Indiana",130069,125130,61054,14985,6659,8326,36838,4017,32821,9231,851,8380,64076,13242,4835,8407,38514,6284,32230,12320,1343,10977,18,095,2014
"Marion County, Indiana",934243,924122,444307,118595,62315,56280,283381,31967,251414,42331,4613,37718,479815,113814,56807,57007,306417,51294,255123,59584,9417,50167,18,097,2014
"Monroe County, Indiana",143339,142430,70369,11927,4374,7553,51519,3016,48503,6923,184,6739,72061,11503,4185,7318,52165,3752,48413,8393,703,7690,18,105,2014
"Morgan County, Indiana",69693,68960,33892,8604,2509,6095,20579,1517,19062,4709,189,4520,35068,8086,2034,6052,21539,2879,18660,5443,562,4881,18,109,2014
"Porter County, Indiana",167076,165716,80952,19645,4188,15457,50762,3033,47729,10545,149,10396,84764,18434,2683,15751,53544,4110,49434,12786,1058,11728,18,127,2014
"St. Joseph County, Indiana",267618,265033,128489,33200,13946,19254,79373,5804,73569,15916,1151,14765,136544,31417,12615,18802,83988,10831,73157,21139,1721,19418,18,141,2014
"Tippecanoe County, Indiana",183074,181214,90800,17998,5934,12064,64813,3307,61506,7989,602,7387,90414,19751,6603,13148,59543,5278,54265,11120,971,10149,18,157,2014
"Vanderburgh County, Indiana",182006,179460,86499,19768,6722,13046,55429,5791,49638,11302,871,10431,92961,19719,7891,11828,58160,8142,50018,15082,1812,13270,18,163,2014
"Vigo County, Indiana",108175,103689,50815,11818,6479,5339,32584,2702,29882,6413,515,5898,52874,10401,4715,5686,33917,5614,28303,8556,1293,7263,18,167,2014
"Wayne County, Indiana",67671,66531,32049,7845,2985,4860,19048,1468,17580,5156,514,4642,34482,7218,3118,4100,20629,2766,17863,6635,632,6003,18,177,2014
"Black Hawk County, Iowa",132897,131604,63831,14206,4306,9900,41270,3889,37381,8355,1029,7326,67773,14319,5282,9037,42876,5196,37680,10578,1433,9145,19,013,2014
"Dallas County, Iowa",77400,76971,38420,11723,2237,9486,22892,1504,21388,3805,286,3519,38551,10449,2163,8286,23739,1929,21810,4363,269,4094,19,049,2014
"Dubuque County, Iowa",96370,95159,46669,10998,3168,7830,29257,2892,26365,6414,643,5771,48490,11221,3891,7330,28920,3546,25374,8349,1037,7312,19,061,2014
"Johnson County, Iowa",142287,140724,70042,15194,3824,11370,48973,4020,44953,5875,176,5699,70682,13686,3710,9976,49321,3802,45519,7675,395,7280,19,103,2014
"Linn County, Iowa",217751,215732,106848,26744,9192,17552,67070,6893,60177,13034,942,12092,108884,24875,8082,16793,67097,9082,58015,16912,1761,15151,19,113,2014
"Polk County, Iowa",459862,454809,223766,59023,24585,34438,141780,15064,126716,22963,2459,20504,231043,56642,25371,31271,145289,26290,118999,29112,3391,25721,19,153,2014
"Pottawattamie County, Iowa",93128,92029,45141,11398,5501,5897,27600,2770,24830,6143,403,5740,46888,10668,4077,6591,28309,4667,23642,7911,848,7063,19,155,2014
"Scott County, Iowa",171387,169804,84285,21843,7786,14057,51980,4887,47093,10462,1178,9284,85519,19409,7037,12372,52668,8822,43846,13442,923,12519,19,163,2014
"Story County, Iowa",94073,93395,48815,8149,2288,5861,36174,1890,34284,4492,430,4062,44580,7914,1316,6598,31480,2325,29155,5186,350,4836,19,169,2014
"Woodbury County, Iowa",102271,101247,49030,12663,4897,7766,30483,3875,26608,5884,514,5370,52217,13754,6223,7531,30934,4677,26257,7529,1013,6516,19,193,2014
"Butler County, Kansas",66227,63919,31676,8995,2394,6601,18708,1314,17394,3973,238,3735,32243,8174,3049,5125,19156,1716,17440,4913,568,4345,20,015,2014
"Douglas County, Kansas",116585,115931,56964,11524,3364,8160,40348,1385,38963,5092,171,4921,58967,10752,2536,8216,41472,2183,39289,6743,768,5975,20,045,2014
"Johnson County, Kansas",574272,570445,279502,74286,12938,61348,174268,5776,168492,30948,1572,29376,290943,70955,12230,58725,180211,6986,173225,39777,2992,36785,20,091,2014
"Leavenworth County, Kansas",78797,71191,34987,10122,2190,7932,20751,1284,19467,4114,119,3995,36204,8784,2026,6758,21779,1263,20516,5641,809,4832,20,103,2014
"Riley County, Kansas",75194,68980,34938,7047,2036,5011,25295,1191,24104,2596,289,2307,34042,6214,1618,4596,24503,1195,23308,3325,440,2885,20,161,2014
"Sedgwick County, Kansas",508803,503069,248035,68726,25175,43551,151272,10283,140989,28037,2884,25153,255034,65788,23947,41841,154018,14660,139358,35228,5842,29386,20,173,2014
"Shawnee County, Kansas",178406,174953,84825,22188,8783,13405,50851,3677,47174,11786,1352,10434,90128,20861,7682,13179,53927,4922,49005,15340,2088,13252,20,177,2014
"Wyandotte County, Kansas",161636,160483,79048,23058,13452,9606,48633,4908,43725,7357,743,6614,81435,22583,11600,10983,48600,6857,41743,10252,1281,8971,20,209,2014
"Boone County, Kentucky",126413,125582,61134,16862,2700,14162,37777,2623,35154,6495,549,5946,64448,17677,4361,13316,39157,3657,35500,7614,1125,6489,21,015,2014
"Bullitt County, Kentucky",77955,77634,38384,9554,3234,6320,24076,2712,21364,4754,444,4310,39250,9278,3113,6165,24319,4174,20145,5653,937,4716,21,029,2014
"Campbell County, Kentucky",91833,90078,44243,10852,4453,6399,28162,3312,24850,5229,572,4657,45835,9559,2883,6676,29206,4413,24793,7070,960,6110,21,037,2014
"Christian County, Kentucky",74250,65118,30266,10375,3208,7167,16518,2736,13782,3373,469,2904,34852,10186,3482,6704,20426,4174,16252,4240,555,3685,21,047,2014
"Daviess County, Kentucky",98275,96380,46898,12590,6721,5869,28047,4514,23533,6261,1013,5248,49482,11208,5626,5582,29772,6278,23494,8502,1248,7254,21,059,2014
"Fayette County, Kentucky",310797,305569,149006,33365,13331,20034,100772,8813,91959,14869,2063,12806,156563,31903,13368,18535,104794,13262,91532,19866,2268,17598,21,067,2014
"Hardin County, Kentucky",108266,103300,49281,13957,5297,8660,29715,3986,25729,5609,321,5288,54019,12814,3749,9065,33845,6249,27596,7360,900,6460,21,093,2014
"Jefferson County, Kentucky",760026,751531,362929,87934,37474,50460,230073,31012,199061,44922,4516,40406,388602,83579,37288,46291,243546,44083,199463,61477,6924,54553,21,111,2014
"Kenton County, Kentucky",163929,162120,79695,20334,7676,12658,50435,5101,45334,8926,912,8014,82425,19811,7160,12651,51466,9992,41474,11148,1588,9560,21,117,2014
"McCracken County, Kentucky",65316,64243,30495,6911,3160,3751,18567,2718,15849,5017,1119,3898,33748,7182,3714,3468,20050,5558,14492,6516,731,5785,21,145,2014
"Madison County, Kentucky",87340,86458,41497,9144,3528,5616,27718,4178,23540,4635,757,3878,44961,9272,2765,6507,29725,4673,25052,5964,1641,4323,21,151,2014
"Pike County, Kentucky",63034,62319,30501,6464,3899,2565,19832,5306,14526,4205,666,3539,31818,6606,3880,2726,19571,6619,12952,5641,1147,4494,21,195,2014
"Warren County, Kentucky",120460,119021,57887,13793,4869,8924,38059,4971,33088,6035,341,5694,61134,13197,5623,7574,40156,5388,34768,7781,800,6981,21,227,2014
"Ascension Parish, Louisiana",117029,116284,56742,16283,6286,9997,35129,1397,33732,5330,792,4538,59542,16275,6050,10225,36800,2761,34039,6467,927,5540,22,005,2014
"Bossier Parish, Louisiana",125064,120774,58143,16565,7700,8865,35216,2591,32625,6362,498,5864,62631,14934,7025,7909,38867,4747,34120,8830,1336,7494,22,015,2014
"Caddo Parish, Louisiana",252603,248168,117173,31426,17116,14310,70429,7668,62761,15318,1920,13398,130995,29848,15845,14003,80724,15743,64981,20423,3729,16694,22,017,2014
"Calcasieu Parish, Louisiana",197204,194890,94806,24922,12544,12378,58314,4575,53739,11570,1366,10204,100084,24331,11032,13299,60897,7907,52990,14856,2583,12273,22,019,2014
"East Baton Rouge Parish, Louisiana",446042,443056,212316,51483,23812,27671,138126,8287,129839,22707,3089,19618,230740,49861,20351,29510,150050,13908,136142,30829,4478,26351,22,033,2014
"Iberia Parish, Louisiana",73913,73135,35279,9950,4588,5362,21362,2977,18385,3967,715,3252,37856,9628,4924,4704,23004,2336,20668,5224,748,4476,22,045,2014
"Jefferson Parish, Louisiana",435716,432835,210143,48581,24180,24401,133487,12241,121246,28075,4574,23501,222692,46767,22005,24762,139202,19883,119319,36723,6401,30322,22,051,2014
"Lafayette Parish, Louisiana",235644,233653,113709,28341,7547,20794,74093,3493,70600,11275,1064,10211,119944,28260,9556,18704,77545,5985,71560,14139,2188,11951,22,055,2014
"Lafourche Parish, Louisiana",98020,97264,46151,11430,5595,5835,29434,3351,26083,5287,762,4525,51113,11634,6056,5578,32017,4212,27805,7462,1026,6436,22,057,2014
"Livingston Parish, Louisiana",135751,134818,66128,19019,7135,11884,40345,2158,38187,6764,464,6300,68690,18235,8252,9983,42524,4962,37562,7931,1312,6619,22,063,2014
"Orleans Parish, Louisiana",384320,379511,179622,39106,23275,15831,121092,15879,105213,19424,4026,15398,199889,39329,23001,16328,134539,27481,107058,26021,7473,18548,22,071,2014
"Ouachita Parish, Louisiana",156325,147440,67249,20359,10966,9393,38714,3426,35288,8176,608,7568,80191,19139,11335,7804,49438,7115,42323,11614,1861,9753,22,073,2014
"Rapides Parish, Louisiana",132488,129840,61564,16483,9498,6985,37371,5562,31809,7710,873,6837,68276,16704,9562,7142,40601,8178,32423,10971,2338,8633,22,079,2014
"St. Landry Parish, Louisiana",83709,82649,39300,11449,5199,6250,22715,2800,19915,5136,538,4598,43349,11743,5061,6682,25045,3791,21254,6561,1622,4939,22,097,2014
"St. Tammany Parish, Louisiana",245829,242905,117689,30367,11127,19240,71059,5401,65658,16263,1368,14895,125216,29472,11549,17923,75541,8398,67143,20203,2868,17335,22,103,2014
"Tangipahoa Parish, Louisiana",127049,126370,62379,17054,9646,7408,38125,4301,33824,7200,1693,5507,63991,14433,9680,4753,40859,6956,33903,8699,1667,7032,22,105,2014
"Terrebonne Parish, Louisiana",113328,112168,54794,14609,7482,7127,34092,4504,29588,6093,854,5239,57374,14370,6535,7835,35578,6952,28626,7426,539,6887,22,109,2014
"Androscoggin County, Maine",107440,106455,51527,11584,5010,6574,32479,4678,27801,7464,1025,6439,54928,11683,4745,6938,33959,6818,27141,9286,2295,6991,23,001,2014
"Aroostook County, Maine",69447,68354,33809,6516,4315,2201,20658,4826,15832,6635,1239,5396,34545,6346,3639,2707,20769,5869,14900,7430,2400,5030,23,003,2014
"Cumberland County, Maine",287797,284935,136662,27794,6820,20974,89357,7943,81414,19511,1855,17656,148273,28112,7686,20426,93974,11892,82082,26187,3718,22469,23,005,2014
"Kennebec County, Maine",121112,119883,57184,11716,5055,6661,36007,6073,29934,9461,998,8463,62699,11958,4390,7568,39446,8361,31085,11295,1522,9773,23,011,2014
"Penobscot County, Maine",153414,151582,74413,14254,7666,6588,49218,8167,41051,10941,2041,8900,77169,14335,6682,7653,49545,10993,38552,13289,3898,9391,23,019,2014
"York County, Maine",200710,198960,96688,20293,6069,14224,60578,6896,53682,15817,1369,14448,102272,19459,6548,12911,63626,8960,54666,19187,2790,16397,23,031,2014
"Allegany County, Maryland",72952,67744,33450,6785,3215,3570,21079,4512,16567,5586,1123,4463,34294,6136,2844,3292,20899,5335,15564,7259,1052,6207,24,001,2014
"Anne Arundel County, Maryland",560133,541139,262613,64296,16108,48188,165667,14583,151084,32650,2058,30592,278526,62405,16382,46023,175106,20061,155045,41015,2954,38061,24,003,2014
"Baltimore County, Maryland",826925,819185,388497,90422,25892,64530,244237,26093,218144,53838,6007,47831,430688,87758,29215,58543,270599,39538,231061,72331,9480,62851,24,005,2014
"Calvert County, Maryland",90613,89652,44392,11619,3749,7870,27604,3238,24366,5169,570,4599,45260,10466,1923,8543,28569,4513,24056,6225,532,5693,24,009,2014
"Carroll County, Maryland",167830,165856,81620,19477,3349,16128,51002,3406,47596,11141,452,10689,84236,18539,3862,14677,51889,5928,45961,13808,992,12816,24,013,2014
"Cecil County, Maryland",102383,101082,50420,13048,4170,8878,31162,3520,27642,6210,183,6027,50662,11194,4421,6773,32066,5046,27020,7402,904,6498,24,015,2014
"Charles County, Maryland",154747,151829,72559,20314,5814,14500,44950,3078,41872,7295,607,6688,79270,18205,4755,13450,51388,6631,44757,9677,1251,8426,24,017,2014
"Frederick County, Maryland",243675,241419,118274,28989,5571,23418,75469,5194,70275,13816,1208,12608,123145,29190,6281,22909,77069,6428,70641,16886,2171,14715,24,021,2014
"Harford County, Maryland",250105,247664,120864,29528,5140,24388,75735,6413,69322,15601,1520,14081,126800,27836,6222,21614,78811,9565,69246,20153,2459,17694,24,025,2014
"Howard County, Maryland",309284,306977,149718,38702,6864,31838,94207,4573,89634,16809,1239,15570,157259,37350,4295,33055,99497,8185,91312,20412,2234,18178,24,027,2014
"Montgomery County, Maryland",1030447,1022142,491495,123335,37519,85816,308955,20286,288669,59205,5298,53907,530647,118886,32711,86175,333278,30224,303054,78483,9997,68486,24,031,2014
"Prince George's County, Maryland",904430,897884,431892,104946,45154,59792,285045,30187,254858,41901,5215,36686,465992,100072,43500,56572,307503,44450,263053,58417,7678,50739,24,033,2014
"St. Mary's County, Maryland",110382,107581,52336,13929,3123,10806,32452,2346,30106,5955,668,5287,55245,13484,2541,10943,35212,4000,31212,6549,879,5670,24,037,2014
"Washington County, Maryland",149573,141643,68461,16163,7731,8432,42437,7028,35409,9861,1198,8663,73182,17073,8749,8324,44050,9316,34734,12059,1553,10506,24,043,2014
"Wicomico County, Maryland",101539,100201,47656,11238,6205,5033,30168,5483,24685,6250,535,5715,52545,10988,5555,5433,33774,6847,26927,7783,781,7002,24,045,2014
"Baltimore city, Maryland",622793,612404,286062,67158,38826,28332,189194,41993,147201,29710,5832,23878,326342,64559,39141,25418,217442,63628,153814,44341,8947,35394,24,510,2014
"Barnstable County, Massachusetts",214914,212636,101080,17038,5811,11227,58428,10987,47441,25614,2359,23255,111556,16983,4559,12424,61642,13663,47979,32931,2156,30775,25,001,2014
"Berkshire County, Massachusetts",128715,126413,61340,11605,6088,5517,38377,10421,27956,11358,1272,10086,65073,11207,5143,6064,40027,13686,26341,13839,1517,12322,25,003,2014
"Bristol County, Massachusetts",554194,547681,264998,58799,22584,36215,170344,39574,130770,35855,6006,29849,282683,58098,24383,33715,177553,47689,129864,47032,9767,37265,25,005,2014
"Essex County, Massachusetts",769091,762431,367167,86829,32301,54528,230698,50467,180231,49640,8519,41121,395264,82167,29032,53135,247493,62698,184795,65604,13274,52330,25,009,2014
"Franklin County, Massachusetts",70862,70047,34360,7067,2996,4071,21569,4929,16640,5724,588,5136,35687,5795,1940,3855,23144,7403,15741,6748,654,6094,25,011,2014
"Hampden County, Massachusetts",468161,462493,221850,53022,28379,24643,140091,41918,98173,28737,4698,24039,240643,52116,25672,26444,149321,51688,97633,39206,8225,30981,25,013,2014
"Hampshire County, Massachusetts",160939,159560,74227,12563,3604,8959,51472,9879,41593,10192,1168,9024,85333,12473,4282,8191,59924,11809,48115,12936,2050,10886,25,015,2014
"Middlesex County, Massachusetts",1570315,1553995,757114,164363,37613,126750,500808,65870,434938,91943,9507,82436,796881,157963,36442,121521,518397,84993,433404,120521,16746,103775,25,017,2014
"Norfolk County, Massachusetts",692254,683970,327500,75838,13290,62548,207240,23398,183842,44422,5124,39298,356470,73524,13052,60472,223523,30737,192786,59423,10002,49421,25,021,2014
"Plymouth County, Massachusetts",507022,500000,241125,58606,15788,42818,147950,26866,121084,34569,4775,29794,258875,55464,16559,38905,158482,35271,123211,44929,6849,38080,25,023,2014
"Suffolk County, Massachusetts",767254,760133,366926,67259,36949,30310,265727,63514,202213,33940,9795,24145,393207,65147,35523,29624,281090,78342,202748,46970,14600,32370,25,025,2014
"Worcester County, Massachusetts",813475,800921,392076,91201,28743,62458,252379,51998,200381,48496,7007,41489,408845,86832,29940,56892,260411,57893,202518,61602,11647,49955,25,027,2014
"Allegan County, Michigan",113847,113119,55597,13963,4450,9513,33904,3243,30661,7730,825,6905,57522,14419,4310,10109,34156,3692,30464,8947,813,8134,26,005,2014
"Bay County, Michigan",106179,105243,51478,11372,5350,6022,31884,5361,26523,8222,1130,7092,53765,10985,4915,6070,32097,7546,24551,10683,1292,9391,26,017,2014
"Berrien County, Michigan",155233,154123,75108,17854,7886,9968,45393,4235,41158,11861,1153,10708,79015,16987,7125,9862,47305,9535,37770,14723,1693,13030,26,021,2014
"Calhoun County, Michigan",134878,133062,65303,16132,6924,9208,39686,6284,33402,9485,1020,8465,67759,15056,6418,8638,41188,8696,32492,11515,1561,9954,26,025,2014
"Clinton County, Michigan",77297,76584,37785,9090,2622,6468,23405,2521,20884,5290,156,5134,38799,8424,2448,5976,24237,2439,21798,6138,488,5650,26,037,2014
"Eaton County, Michigan",108579,107829,52172,11679,3747,7932,32368,2418,29950,8125,766,7359,55657,11975,4197,7778,34010,3803,30207,9672,1024,8648,26,045,2014
"Genesee County, Michigan",412895,410449,197818,49944,25123,24821,120424,26901,93523,27450,3390,24060,212631,46658,22861,23797,129509,36117,93392,36464,3944,32520,26,049,2014
"Grand Traverse County, Michigan",90782,88942,43214,9328,3223,6105,27233,3085,24148,6653,473,6180,45728,9531,3836,5695,27772,4525,23247,8425,423,8002,26,055,2014
"Ingham County, Michigan",284582,282741,136887,29049,11899,17150,93648,9788,83860,14190,1165,13025,145854,28706,11525,17181,98229,13974,84255,18919,3029,15890,26,065,2014
"Isabella County, Michigan",70616,70108,34441,6432,2351,4081,24700,2516,22184,3309,253,3056,35667,5888,1728,4160,25820,3972,21848,3959,445,3514,26,073,2014
"Jackson County, Michigan",159741,152123,74493,18074,8217,9857,45206,6789,38417,11213,1034,10179,77630,17159,6899,10260,46618,9106,37512,13853,1557,12296,26,075,2014
"Kalamazoo County, Michigan",258818,256987,125713,29068,11125,17943,82352,11386,70966,14293,774,13519,131274,27904,12089,15815,83942,15461,68481,19428,2465,16963,26,077,2014
"Kent County, Michigan",629237,625293,307121,80642,30870,49772,194575,21244,173331,31904,3483,28421,318172,77258,27531,49727,198726,31939,166787,42188,5232,36956,26,081,2014
"Lapeer County, Michigan",88153,86702,43792,10086,4203,5883,27205,3410,23795,6501,821,5680,42910,9100,4027,5073,26298,4275,22023,7512,999,6513,26,087,2014
"Lenawee County, Michigan",99047,96028,47640,11348,5641,5707,29080,3457,25623,7212,335,6877,48388,10233,4432,5801,29424,6192,23232,8731,841,7890,26,091,2014
"Livingston County, Michigan",185596,184697,92630,21812,4486,17326,58048,2892,55156,12770,680,12090,92067,20657,3327,17330,57131,4588,52543,14279,754,13525,26,093,2014
"Macomb County, Michigan",860112,853778,414519,96020,33062,62958,262741,27716,235025,55758,6480,49278,439259,92054,30539,61515,272291,40880,231411,74914,9828,65086,26,099,2014
"Marquette County, Michigan",67676,65149,32279,6247,2376,3871,21109,2456,18653,4923,630,4293,32870,5889,1771,4118,21272,3747,17525,5709,1083,4626,26,103,2014
"Midland County, Michigan",83427,82849,40738,9139,2993,6146,25446,2835,22611,6153,286,5867,42111,8988,2464,6524,25751,3644,22107,7372,549,6823,26,111,2014
"Monroe County, Michigan",149824,148921,73358,17077,4739,12338,46181,4180,42001,10100,707,9393,75563,16494,4726,11768,46114,6189,39925,12955,1668,11287,26,115,2014
"Muskegon County, Michigan",172344,167684,81724,20935,9992,10943,49564,10817,38747,11225,1594,9631,85960,20196,10373,9823,51864,13467,38397,13900,2468,11432,26,121,2014
"Oakland County, Michigan",1237868,1231726,598496,139828,33664,106164,379475,28348,351127,79193,7405,71788,633230,133178,28373,104805,396645,42701,353944,103407,10958,92449,26,125,2014
"Ottawa County, Michigan",276292,274894,134181,35131,9427,25704,82976,6465,76511,16074,1523,14551,140713,33934,9398,24536,87332,8343,78989,19447,1939,17508,26,139,2014
"Saginaw County, Michigan",195012,191643,91715,21753,10667,11086,55848,10226,45622,14114,1484,12630,99928,20947,9003,11944,60860,13555,47305,18121,2254,15867,26,145,2014
"St. Clair County, Michigan",160078,158865,78603,18346,7892,10454,48600,6375,42225,11657,1526,10131,80262,16733,6445,10288,48858,9513,39345,14671,2732,11939,26,147,2014
"Shiawassee County, Michigan",68933,68488,33905,7716,2896,4820,21196,2891,18305,4993,224,4769,34583,7305,3207,4098,20880,3597,17283,6398,519,5879,26,155,2014
"Van Buren County, Michigan",75199,74742,36595,8661,3411,5250,22443,4312,18131,5491,647,4844,38147,9519,4489,5030,22126,4509,17617,6502,1145,5357,26,159,2014
"Washtenaw County, Michigan",356874,351368,173992,36102,8347,27755,119104,8750,110354,18786,2034,16752,177376,34189,9196,24993,119948,13899,106049,23239,2822,20417,26,161,2014
"Wayne County, Michigan",1764804,1752727,841339,216626,115572,101054,525606,101686,423920,99107,16046,83061,911388,208285,112575,95710,564561,148859,415702,138542,26341,112201,26,163,2014
"Anoka County, Minnesota",341864,339765,169492,43239,11218,32021,108666,11968,96698,17587,909,16678,170273,40103,9518,30585,108231,17363,90868,21939,2017,19922,27,003,2014
"Blue Earth County, Minnesota",65385,64861,33166,6681,1992,4689,22816,2499,20317,3669,308,3361,31695,6275,1955,4320,21099,3188,17911,4321,591,3730,27,013,2014
"Carver County, Minnesota",97338,97081,48126,13695,1450,12245,30225,1286,28939,4206,67,4139,48955,13373,2014,11359,30533,1914,28619,5049,335,4714,27,019,2014
"Dakota County, Minnesota",412529,410684,201271,52182,10790,41392,127684,9496,118188,21405,980,20425,209413,50878,10252,40626,130655,11808,118847,27880,2090,25790,27,037,2014
"Hennepin County, Minnesota",1212064,1202646,590752,136685,42237,94448,391131,47626,343505,62936,4844,58092,611894,132754,39385,93369,395892,55527,340365,83248,8369,74879,27,053,2014
"Olmsted County, Minnesota",150287,148406,72442,18678,5354,13324,44975,4855,40120,8789,390,8399,75964,18257,4273,13984,46631,7110,39521,11076,994,10082,27,109,2014
"Ramsey County, Minnesota",532655,528262,256859,63481,27400,36081,165208,29619,135589,28170,2707,25463,271403,61011,24799,36212,172083,37315,134768,38309,5000,33309,27,123,2014
"Rice County, Minnesota",65151,62767,30963,7467,1441,6026,19592,1757,17835,3904,170,3734,31804,7151,1851,5300,19773,2221,17552,4880,279,4601,27,131,2014
"St. Louis County, Minnesota",200949,197717,98828,19886,7142,12744,64028,8938,55090,14914,1006,13908,98889,18597,6699,11898,62186,11768,50418,18106,1918,16188,27,137,2014
"Scott County, Minnesota",139672,138348,69993,21277,2357,18920,42960,2714,40246,5756,404,5352,68355,18985,2431,16554,42550,3339,39211,6820,805,6015,27,139,2014
"Sherburne County, Minnesota",91126,89200,45482,12907,2839,10068,28370,2205,26165,4205,277,3928,43718,11992,2336,9656,27153,3483,23670,4573,319,4254,27,141,2014
"Stearns County, Minnesota",152912,151649,75892,17772,5489,12283,49356,7081,42275,8764,848,7916,75757,16762,4404,12358,48328,8181,40147,10667,1186,9481,27,145,2014
"Washington County, Minnesota",249283,245063,119814,31557,4782,26775,74137,5896,68241,14120,522,13598,125249,31183,5335,25848,78076,8549,69527,15990,875,15115,27,163,2014
"Wright County, Minnesota",129918,129191,64956,19105,4314,14791,39194,5112,34082,6657,416,6241,64235,18319,3378,14941,38566,5885,32681,7350,433,6917,27,171,2014
"Blount County, Tennessee",126339,125278,61301,13733,6431,7302,37325,4346,32979,10243,783,9460,63977,12990,4566,8424,38299,6037,32262,12688,1882,10806,47,009,2014
"Bradley County, Tennessee",102975,101980,49792,11883,4080,7803,30541,2633,27908,7368,712,6656,52188,11293,4900,6393,32088,6069,26019,8807,1270,7537,47,011,2014
"Davidson County, Tennessee",668347,661134,316261,71901,34360,37541,214414,20884,193530,29946,3459,26487,344873,71758,34113,37645,230562,31723,198839,42553,6113,36440,47,037,2014
"Greene County, Tennessee",68335,67177,32551,6635,3445,3190,19751,2730,17021,6165,1257,4908,34626,6876,3059,3817,20745,3678,17067,7005,1145,5860,47,059,2014
"Hamilton County, Tennessee",351220,347017,166188,37489,14724,22765,105149,9531,95618,23550,2679,20871,180829,36490,13188,23302,113507,15700,97807,30832,4584,26248,47,065,2014
"Knox County, Tennessee",448644,445036,215924,49034,16178,32856,139381,11617,127764,27509,2334,25175,229112,46986,15662,31324,146363,20376,125987,35763,5151,30612,47,093,2014
"Madison County, Tennessee",98178,97021,46316,11727,5290,6437,28435,4808,23627,6154,251,5903,50705,10800,5493,5307,31882,5938,25944,8023,895,7128,47,113,2014
"Maury County, Tennessee",85515,84408,40248,10121,4291,5830,24764,2719,22045,5363,692,4671,44160,10109,4445,5664,27079,3603,23476,6972,840,6132,47,119,2014
"Montgomery County, Tennessee",189961,177643,83506,25766,6991,18775,50820,3987,46833,6920,880,6040,94137,25905,5485,20420,59199,6553,52646,9033,1712,7321,47,125,2014
"Putnam County, Tennessee",74165,73419,36143,7995,3505,4490,23009,2609,20400,5139,696,4443,37276,7584,3115,4469,23260,3420,19840,6432,1488,4944,47,141,2014
"Robertson County, Tennessee",68079,67328,32931,9020,2826,6194,20059,1560,18499,3852,410,3442,34397,8308,2686,5622,21265,3220,18045,4824,788,4036,47,147,2014
"Rutherford County, Tennessee",288906,286403,140661,36197,10835,25362,91972,5895,86077,12492,1081,11411,145742,36020,12239,23781,94910,10093,84817,14812,1812,13000,47,149,2014
"Sevier County, Tennessee",95110,94376,47136,11296,6655,4641,28200,3220,24980,7640,680,6960,47240,8939,4549,4390,29250,5024,24226,9051,1431,7620,47,155,2014
"Shelby County, Tennessee",938803,926242,438280,121475,60144,61331,273242,28437,244805,43563,5853,37710,487962,117209,56925,60284,308373,56860,251513,62380,9772,52608,47,157,2014
"Sullivan County, Tennessee",157047,155530,75491,16156,7355,8801,45581,5477,40104,13754,1586,12168,80039,15093,6777,8316,47385,7955,39430,17561,2200,15361,47,163,2014
"Sumner County, Tennessee",172706,171244,84550,22206,8606,13600,51140,3417,47723,11204,897,10307,86694,19936,7080,12856,53064,7376,45688,13694,836,12858,47,165,2014
"Washington County, Tennessee",126242,124561,59461,11882,4508,7374,38326,3608,34718,9253,690,8563,65100,12982,2884,10098,40913,5449,35464,11205,2444,8761,47,179,2014
"Williamson County, Tennessee",205226,204744,100746,30539,3577,26962,59912,1532,58380,10295,483,9812,103998,27039,2583,24456,64172,3610,60562,12787,821,11966,47,187,2014
"Wilson County, Tennessee",125376,124458,61187,15841,4342,11499,37180,2065,35115,8166,605,7561,63271,14530,3244,11286,39445,3881,35564,9296,803,8493,47,189,2014
"Angelina County, Texas",87750,85550,41784,11901,5922,5979,24425,2981,21444,5458,661,4797,43766,10993,4550,6443,25415,2944,22471,7358,1149,6209,48,005,2014
"Bastrop County, Texas",78069,76121,38597,10647,2880,7767,23695,1998,21697,4255,406,3849,37524,9360,2114,7246,23144,1947,21197,5020,459,4561,48,021,2014
"Bell County, Texas",329140,309839,148694,46407,16569,29838,88231,6002,82229,14056,2526,11530,161145,44736,14286,30450,99306,10686,88620,17103,2599,14504,48,027,2014
"Bexar County, Texas",1855866,1824935,889871,246291,105475,140816,555325,45434,509891,88255,11582,76673,935064,238814,105979,132835,579611,69368,510243,116639,21535,95104,48,029,2014
"Bowie County, Texas",93275,87854,42185,11324,4810,6514,24937,1827,23110,5924,647,5277,45669,10944,5626,5318,27191,3084,24107,7534,1020,6514,48,037,2014
"Brazoria County, Texas",338124,328364,161059,44771,8587,36184,99901,3574,96327,16387,704,15683,167305,45877,8107,37770,102562,5932,96630,18866,1879,16987,48,039,2014
"Brazos County, Texas",209152,205176,103746,22024,6639,15385,73960,2304,71656,7762,510,7252,101430,20979,7527,13452,71455,4395,67060,8996,744,8252,48,041,2014
"Cameron County, Texas",420392,417806,201397,67662,42897,24765,111137,8876,102261,22598,6025,16573,216409,65050,40328,24722,122950,13875,109075,28409,10485,17924,48,061,2014
"Collin County, Texas",885241,881996,432668,122356,17887,104469,272728,6377,266351,37584,1844,35740,449328,117985,16862,101123,284010,8089,275921,47333,3808,43525,48,085,2014
"Comal County, Texas",123694,122894,60120,14310,2845,11465,35868,1001,34867,9942,468,9474,62774,14705,3718,10987,37142,3792,33350,10927,1175,9752,48,091,2014
"Coryell County, Texas",75562,57192,25708,9255,1480,7775,13768,1111,12657,2685,353,2332,31484,9504,2194,7310,18582,1540,17042,3398,298,3100,48,099,2014
"Dallas County, Texas",2518638,2499047,1227791,344703,170100,174603,781956,60362,721594,101132,12841,88291,1271256,331392,170280,161112,802940,91552,711388,136924,21597,115327,48,113,2014
"Denton County, Texas",753363,748474,367287,100631,18668,81963,237530,6612,230918,29126,2098,27028,381187,95728,15733,79995,249850,10476,239374,35609,3262,32347,48,121,2014
"Ector County, Texas",153904,152601,76930,23479,6668,16811,47205,2248,44957,6246,747,5499,75671,21977,4228,17749,45531,4964,40567,8163,1204,6959,48,135,2014
"Ellis County, Texas",159317,158066,77434,21937,7504,14433,47184,2542,44642,8313,243,8070,80632,21073,7106,13967,49641,3295,46346,9918,901,9017,48,139,2014
"El Paso County, Texas",833487,807924,386694,120398,62467,57931,227947,21657,206290,38349,9946,28403,421230,115074,57667,57407,252409,36180,216229,53747,18037,35710,48,141,2014
"Fort Bend County, Texas",685345,680164,332855,98238,18937,79301,205324,6591,198733,29293,3254,26039,347309,93113,17996,75117,219258,7897,211361,34938,4811,30127,48,157,2014
"Galveston County, Texas",314198,309632,152549,39946,14482,25464,94726,4862,89864,17877,1056,16821,157083,37620,11286,26334,97987,4985,93002,21476,2358,19118,48,167,2014
"Grayson County, Texas",123534,122193,59599,15038,6150,8888,35332,1954,33378,9229,245,8984,62594,14481,5420,9061,37307,2601,34706,10806,914,9892,48,181,2014
"Gregg County, Texas",123204,121250,59888,17277,7776,9501,35496,2129,33367,7115,902,6213,61362,14668,6650,8018,37015,3782,33233,9679,1407,8272,48,183,2014
"Guadalupe County, Texas",147250,145387,70314,19111,4193,14918,42721,2805,39916,8482,1250,7232,75073,19148,4837,14311,45962,2366,43596,9963,1262,8701,48,187,2014
"Harris County, Texas",4441370,4421223,2195158,612583,278932,333651,1404666,103817,1300849,177909,22908,155001,2226065,591687,263748,327939,1409027,151520,1257507,225351,39532,185819,48,201,2014
"Harrison County, Texas",67336,66724,33349,9506,2006,7500,19511,1695,17816,4332,291,4041,33375,7160,1856,5304,20706,1736,18970,5509,748,4761,48,203,2014
"Hays County, Texas",185025,183069,91137,22238,6755,15483,60512,2714,57798,8387,448,7939,91932,20920,7596,13324,61349,3066,58283,9663,591,9072,48,209,2014
"Henderson County, Texas",79290,78378,38958,9812,4798,5014,21734,1949,19785,7412,601,6811,39420,7621,3127,4494,23085,2460,20625,8714,660,8054,48,213,2014
"Hidalgo County, Texas",831073,822186,398318,141346,89781,51565,218980,16762,202218,37992,13180,24812,423868,137222,82465,54757,240277,26423,213854,46369,17786,28583,48,215,2014
"Hunt County, Texas",88493,87612,43205,11486,6742,4744,25791,2366,23425,5928,576,5352,44407,9713,5261,4452,27152,3411,23741,7542,1190,6352,48,231,2014
"Jefferson County, Texas",252235,238542,116063,29850,15165,14685,72556,7264,65292,13657,1612,12045,122479,29741,14653,15088,74169,9072,65097,18569,2298,16271,48,245,2014
"Johnson County, Texas",157456,154652,76034,20761,8005,12756,46199,3111,43088,9074,655,8419,78618,20511,9364,11147,47839,3815,44024,10268,686,9582,48,251,2014
"Kaufman County, Texas",111236,110244,53673,15405,4908,10497,32697,1726,30971,5571,508,5063,56571,15341,6007,9334,34564,3002,31562,6666,383,6283,48,257,2014
"Liberty County, Texas",78117,72612,36695,10241,4117,6124,22298,1648,20650,4156,418,3738,35917,9324,3462,5862,20995,2619,18376,5598,655,4943,48,291,2014
"Lubbock County, Texas",293974,289777,141891,36014,12767,23247,91123,5618,85505,14754,1446,13308,147886,35109,13834,21275,93551,9677,83874,19226,1693,17533,48,303,2014
"McLennan County, Texas",243441,239565,116281,30653,11766,18887,71832,5323,66509,13796,1615,12181,123284,29145,11812,17333,76528,8060,68468,17611,2561,15050,48,309,2014
"Midland County, Texas",155830,154698,77578,22316,4854,17462,49405,1471,47934,5857,391,5466,77120,20593,4571,16022,47600,3394,44206,8927,843,8084,48,329,2014
"Montgomery County, Texas",518947,514511,252741,70414,21197,49217,154629,6761,147868,27698,1487,26211,261770,68473,15772,52701,159544,10476,149068,33753,2961,30792,48,339,2014
"Nacogdoches County, Texas",65301,64483,31303,8384,4196,4188,19202,1211,17991,3717,479,3238,33180,6856,2854,4002,21987,1930,20057,4337,457,3880,48,347,2014
"Nueces County, Texas",356221,351688,171773,44655,19529,25126,107034,9185,97849,20084,2904,17180,179915,45027,19006,26021,110042,13284,96758,24846,5983,18863,48,355,2014
"Orange County, Texas",83433,82691,40946,10643,4633,6010,24638,2082,22556,5665,486,5179,41745,10031,2977,7054,25157,3286,21871,6557,811,5746,48,361,2014
"Parker County, Texas",123164,121533,59985,15056,5449,9607,36061,2142,33919,8868,627,8241,61548,14942,4741,10201,37355,3223,34132,9251,671,8580,48,367,2014
"Potter County, Texas",121627,114774,55632,16536,7130,9406,33095,2948,30147,6001,670,5331,59142,16853,7895,8958,34409,3624,30785,7880,1268,6612,48,375,2014
"Randall County, Texas",128220,127365,63196,16685,3763,12922,38956,1139,37817,7555,829,6726,64169,14516,3019,11497,39902,1881,38021,9751,919,8832,48,381,2014
"Rockwall County, Texas",87809,86989,42432,12129,2391,9738,25792,1198,24594,4511,394,4117,44557,12172,2537,9635,26665,1599,25066,5720,429,5291,48,397,2014
"San Patricio County, Texas",66915,66205,33715,9623,2109,7514,19871,1451,18420,4221,177,4044,32490,8611,2968,5643,19069,1249,17820,4810,558,4252,48,409,2014
"Smith County, Texas",218842,216519,103761,27196,9544,17652,62432,2810,59622,14133,1438,12695,112758,27288,11916,15372,66621,6478,60143,18849,1306,17543,48,423,2014
"Tarrant County, Texas",1945360,1929342,942588,267783,98950,168833,590311,35540,554771,84494,6476,78018,986754,258967,92392,166575,618689,51762,566927,109098,15302,93796,48,439,2014
"Taylor County, Texas",135143,129989,63040,17404,5736,11668,37945,3395,34550,7691,885,6806,66949,15809,5352,10457,41116,4618,36498,10024,1109,8915,48,441,2014
"Tom Green County, Texas",116608,112200,55289,14159,4661,9498,33849,2234,31615,7281,516,6765,56911,13175,5349,7826,34340,3837,30503,9396,1734,7662,48,451,2014
"Travis County, Texas",1151145,1143653,575391,135492,46407,89085,397350,23697,373653,42549,3843,38706,568262,129431,46288,83143,386635,32508,354127,52196,6485,45711,48,453,2014
"Victoria County, Texas",91081,90002,44055,11780,4674,7106,26526,1850,24676,5749,405,5344,45947,11518,4812,6706,27782,2483,25299,6647,1414,5233,48,469,2014
"Walker County, Texas",69789,55109,26078,4782,513,4269,18054,513,17541,3242,372,2870,29031,5912,1273,4639,19581,732,18849,3538,571,2967,48,471,2014
"Webb County, Texas",266673,264135,127475,45673,28854,16819,72844,6876,65968,8958,2506,6452,136660,44901,26104,18797,78624,11392,67232,13135,5443,7692,48,479,2014
"Wichita County, Texas",132355,117414,55183,15348,6264,9084,32407,3957,28450,7428,1170,6258,62231,14424,5289,9135,38200,4873,33327,9607,1784,7823,48,485,2014
"Williamson County, Texas",489250,485735,239494,68369,14628,53741,147600,5669,141931,23525,1458,22067,246241,64122,13196,50926,153167,9192,143975,28952,3313,25639,48,491,2014
"Cache County, Utah",118343,117505,58603,19004,3366,15638,34967,1573,33394,4632,257,4375,58902,17799,4100,13699,35858,2355,33503,5245,527,4718,49,005,2014
"Davis County, Utah",329692,326740,163974,57731,10227,47504,92497,5158,87339,13746,849,12897,162766,52617,7336,45281,93968,6465,87503,16181,1551,14630,49,011,2014
"Salt Lake County, Utah",1091742,1083473,542583,158775,31640,127135,337417,16208,321209,46391,3523,42868,540890,149759,32044,117715,334042,26139,307903,57089,6609,50480,49,035,2014
"Utah County, Utah",560974,557411,280375,100206,14710,85496,162040,6795,155245,18129,1327,16802,277036,94502,14001,80501,160654,9848,150806,21880,2045,19835,49,049,2014
"Washington County, Utah",151948,150418,73896,21819,6497,15322,37738,3724,34014,14339,509,13830,76522,20039,4637,15402,41100,3303,37797,15383,732,14651,49,053,2014
"Weber County, Utah",240475,237499,118469,35666,8953,26713,70775,3943,66832,12028,782,11246,119030,34380,8828,25552,70427,5194,65233,14223,928,13295,49,057,2014
"Chittenden County, Vermont",160531,159024,78059,15956,6059,9897,53152,6593,46559,8951,814,8137,80965,14101,4635,9466,55624,11721,43903,11240,1238,10002,50,007,2014
"Albemarle County, Virginia",104489,101936,48542,11326,1621,9705,29948,933,29015,7268,212,7056,53394,10571,2113,8458,33987,1199,32788,8836,361,8475,51,003,2014
"Arlington County, Virginia",226908,222788,110827,19746,2550,17196,82439,1424,81015,8642,590,8052,111961,19175,2919,16256,81849,2109,79740,10937,747,10190,51,013,2014
"Augusta County, Virginia",73862,70571,34281,7111,1471,5640,20680,1115,19565,6490,327,6163,36290,6914,1875,5039,22085,1111,20974,7291,495,6796,51,015,2014
"Bedford County, Virginia",76583,76191,37310,7854,1773,6081,22769,1271,21498,6687,193,6494,38881,7916,1145,6771,23049,1703,21346,7916,547,7369,51,019,2014
"Chesterfield County, Virginia",332499,329626,158488,41428,10385,31043,98151,4499,93652,18909,791,18118,171138,39479,8162,31317,108045,4971,103074,23614,1778,21836,51,041,2014
"Fairfax County, Virginia",1137538,1125663,554296,138938,21568,117370,356487,8242,348245,58871,4272,54599,571367,132279,20170,112109,369385,10607,358778,69703,7025,62678,51,059,2014
"Fauquier County, Virginia",68248,67917,34259,8745,1806,6939,20516,484,20032,4998,299,4699,33658,7596,1285,6311,20360,1320,19040,5702,649,5053,51,061,2014
"Frederick County, Virginia",82377,81512,39734,9746,3112,6634,24485,705,23780,5503,409,5094,41778,9566,3095,6471,25263,1666,23597,6949,444,6505,51,069,2014
"Hanover County, Virginia",101918,101500,49626,11838,1646,10192,30776,849,29927,7012,136,6876,51874,11261,1849,9412,31821,1173,30648,8792,411,8381,51,085,2014
"Henrico County, Virginia",321924,320039,150754,38062,12224,25838,95255,4738,90517,17437,748,16689,169285,37199,10118,27081,106067,8463,97604,26019,2365,23654,51,087,2014
"James City County, Virginia",72583,70921,33286,7273,1835,5438,18218,1009,17209,7795,216,7579,37635,7853,1805,6048,21412,1310,20102,8370,252,8118,51,095,2014
"Loudoun County, Virginia",363050,360366,178065,54277,4840,49437,111188,1195,109993,12600,1057,11543,182301,52204,4973,47231,114266,1904,112362,15831,1262,14569,51,107,2014
"Montgomery County, Virginia",97244,96866,49946,7571,2204,5367,37467,2644,34823,4908,429,4479,46920,7984,2052,5932,33199,3359,29840,5737,489,5248,51,121,2014
"Prince William County, Virginia",446094,437789,214745,63934,12031,51903,134676,3914,130762,16135,951,15184,223044,61437,15246,46191,141261,6375,134886,20346,2037,18309,51,153,2014
"Roanoke County, Virginia",93785,92217,43906,9769,2816,6953,26716,527,26189,7421,798,6623,48311,9660,1979,7681,28431,1954,26477,10220,658,9562,51,161,2014
"Rockingham County, Virginia",78171,77846,37643,8706,1987,6719,22583,787,21796,6354,272,6082,40203,8922,2833,6089,23515,1073,22442,7766,499,7267,51,165,2014
"Spotsylvania County, Virginia",129188,128518,63758,17507,4608,12899,39285,1913,37372,6966,398,6568,64760,15653,3988,11665,40667,2556,38111,8440,1034,7406,51,177,2014
"Stafford County, Virginia",139992,134506,66569,19645,3242,16403,41089,560,40529,5835,180,5655,67937,17746,2924,14822,43285,2347,40938,6906,429,6477,51,179,2014
"York County, Virginia",66342,62802,28777,7023,520,6503,17401,496,16905,4353,197,4156,34025,8954,225,8729,19674,614,19060,5397,378,5019,51,199,2014
"Alexandria city, Virginia",150575,147976,70017,12846,3661,9185,50741,1384,49357,6430,622,5808,77959,14098,4083,10015,55412,2436,52976,8449,974,7475,51,510,2014
"Chesapeake city, Virginia",233371,220133,101794,28843,8074,20769,61656,2145,59511,11295,523,10772,118339,28075,6606,21469,74752,5449,69303,15512,1222,14290,51,550,2014
"Hampton city, Virginia",136879,131376,61315,15270,4238,11032,38287,1777,36510,7758,969,6789,70061,14421,5035,9386,44948,3388,41560,10692,1601,9091,51,650,2014
"Lynchburg city, Virginia",79047,77784,36974,7627,3986,3641,24797,1774,23023,4550,581,3969,40810,7826,2945,4881,26922,3008,23914,6062,956,5106,51,680,2014
"Newport News city, Virginia",182965,173625,81480,21365,8015,13350,51754,3222,48532,8361,286,8075,92145,21428,8184,13244,58379,6038,52341,12338,1598,10740,51,700,2014
"Norfolk city, Virginia",245428,220344,107811,25707,11756,13951,72295,5049,67246,9809,1899,7910,112533,24171,12123,12048,74738,10361,64377,13624,2993,10631,51,710,2014
"Portsmouth city, Virginia",96004,91733,42858,11395,4247,7148,26314,2558,23756,5149,378,4771,48875,10967,6094,4873,30359,4905,25454,7549,963,6586,51,740,2014
"Richmond city, Virginia",217853,215290,102019,20106,11101,9005,72305,6410,65895,9608,1250,8358,113271,19758,11244,8514,78826,10407,68419,14687,1991,12696,51,760,2014
"Roanoke city, Virginia",99428,98064,47027,11093,4148,6945,30204,2874,27330,5730,832,4898,51037,10259,4654,5605,31737,4010,27727,9041,1806,7235,51,770,2014
"Suffolk city, Virginia",86806,84728,40132,11134,3728,7406,24185,1051,23134,4813,377,4436,44596,10605,4131,6474,27740,3678,24062,6251,885,5366,51,800,2014
"Virginia Beach city, Virginia",450980,425559,201225,52940,10396,42544,125053,4522,120531,23232,991,22241,224334,49930,10626,39304,143433,8054,135379,30971,2285,28686,51,810,2014
"Benton County, Washington",186486,185073,92550,25687,12159,13528,55861,6967,48894,11002,924,10078,92523,23299,10243,13056,55196,11010,44186,14028,2417,11611,53,005,2014
"Chelan County, Washington",74588,73972,37140,9601,5158,4443,21480,2769,18711,6059,698,5361,36832,9148,4789,4359,21004,2767,18237,6680,995,5685,53,007,2014
"Clallam County, Washington",72715,71901,35504,6859,2908,3951,19760,2758,17002,8885,571,8314,36397,6049,2259,3790,20172,3652,16520,10176,846,9330,53,009,2014
"Clark County, Washington",451008,448913,222703,58534,24024,34510,136467,16936,119531,27702,2875,24827,226210,55271,21927,33344,137423,24202,113221,33516,4286,29230,53,011,2014
"Cowlitz County, Washington",102133,101060,50183,11863,6233,5630,29839,6245,23594,8481,870,7611,50877,11128,6107,5021,30308,8080,22228,9441,1634,7807,53,015,2014
"Franklin County, Washington",87809,85758,44317,15524,9830,5694,25713,3938,21775,3080,361,2719,41441,13704,8337,5367,24245,4511,19734,3492,402,3090,53,021,2014
"Grant County, Washington",93147,92725,46792,13857,7976,5881,27495,4437,23058,5440,502,4938,45933,13946,7058,6888,25989,6777,19212,5998,1041,4957,53,025,2014
"Grays Harbor County, Washington",70818,67893,33348,7176,3086,4090,20092,3573,16519,6080,690,5390,34545,7471,3462,4009,20153,4402,15751,6921,814,6107,53,027,2014
"Island County, Washington",79275,75274,36532,8193,3122,5071,20038,2756,17282,8301,531,7770,38742,6813,2008,4805,22313,2828,19485,9616,987,8629,53,029,2014
"King County, Washington",2079967,2066014,1031515,222905,63420,159485,698758,59248,639510,109852,12330,97522,1034499,212642,60752,151890,684176,80850,603326,137681,20197,117484,53,033,2014
"Kitsap County, Washington",254183,240544,118085,27637,6030,21607,72031,11037,60994,18417,1192,17225,122459,25372,6556,18816,75807,10952,64855,21280,1893,19387,53,035,2014
"Lewis County, Washington",75128,74357,36923,8577,4641,3936,21623,4257,17366,6723,382,6341,37434,7839,4609,3230,21811,5593,16218,7784,1503,6281,53,041,2014
"Pierce County, Washington",831928,809287,396480,101596,35804,65792,249253,29152,220101,45631,5241,40390,412807,98187,33524,64663,257418,40761,216657,57202,8907,48295,53,053,2014
"Skagit County, Washington",120365,119255,59243,13745,6874,6871,35030,4746,30284,10468,523,9945,60012,13395,6771,6624,34700,5630,29070,11917,1345,10572,53,057,2014
"Snohomish County, Washington",759583,749857,374205,89689,26571,63118,244361,22020,222341,40155,5860,34295,375652,86259,27159,59100,240088,29951,210137,49305,7092,42213,53,061,2014
"Spokane County, Washington",484318,474449,231621,54901,24244,30657,144521,26401,118120,32199,2866,29333,242828,53662,21748,31914,150562,30056,120506,38604,5044,33560,53,063,2014
"Thurston County, Washington",265851,258881,124568,29905,9819,20086,76757,7507,69250,17906,1513,16393,134313,28816,8175,20641,83868,11907,71961,21629,1763,19866,53,067,2014
"Whatcom County, Washington",208351,206665,100987,20629,5909,14720,65747,8343,57404,14611,1059,13552,105678,21959,9182,12777,67110,10386,56724,16609,2129,14480,53,073,2014
"Yakima County, Washington",247687,244697,121321,37576,17405,20171,69674,11268,58406,14071,1786,12285,123376,36272,16456,19816,70530,14777,55753,16574,2264,14310,53,077,2014
"Berkeley County, West Virginia",110497,109772,54823,13862,5533,8329,34226,4108,30118,6735,628,6107,54949,13094,3839,9255,34129,5424,28705,7726,1080,6646,54,003,2014
"Cabell County, West Virginia",97109,95542,46813,10285,4489,5796,29557,5532,24025,6971,949,6022,48729,9128,4559,4569,30524,6733,23791,9077,1305,7772,54,011,2014
"Harrison County, West Virginia",68761,68145,33594,7703,3292,4411,20663,2960,17703,5228,662,4566,34551,6866,3463,3403,21122,4567,16555,6563,856,5707,54,033,2014
"Kanawha County, West Virginia",190223,188252,90591,19654,9513,10141,56450,9452,46998,14487,807,13680,97661,19264,8423,10841,59326,15595,43731,19071,1255,17816,54,039,2014
"Monongalia County, West Virginia",103463,102069,51948,8595,2724,5871,38525,4129,34396,4828,601,4227,50121,7863,2359,5504,36373,5301,31072,5885,748,5137,54,061,2014
"Raleigh County, West Virginia",78241,75457,37121,8917,3727,5190,22084,2829,19255,6120,834,5286,38336,7865,4229,3636,22758,5856,16902,7713,615,7098,54,081,2014
"Wood County, West Virginia",86237,85701,41130,9076,4970,4106,25037,4129,20908,7017,548,6469,44571,9084,4855,4229,26745,6266,20479,8742,793,7949,54,107,2014
"Brown County, Wisconsin",256670,253779,125265,31634,9299,22335,79106,8158,70948,14525,1481,13044,128514,30746,9700,21046,79635,10578,69057,18133,1573,16560,55,009,2014
"Dane County, Wisconsin",516284,512096,252961,55430,14316,41114,170589,12598,157991,26942,1899,25043,259135,53291,15596,37695,172902,18525,154377,32942,3587,29355,55,025,2014
"Dodge County, Wisconsin",88574,83296,41563,9122,3099,6023,26261,2408,23853,6180,750,5430,41733,10136,2938,7198,24531,2855,21676,7066,918,6148,55,027,2014
"Eau Claire County, Wisconsin",101564,100935,49402,11203,2869,8334,32095,2554,29541,6104,1326,4778,51533,9536,2626,6910,34436,3539,30897,7561,1512,6049,55,035,2014
"Fond du Lac County, Wisconsin",101759,100064,49468,11130,4179,6951,30974,3091,27883,7364,645,6719,50596,10897,3148,7749,30751,4789,25962,8948,1073,7875,55,039,2014
"Jefferson County, Wisconsin",84395,83944,41874,10025,3807,6218,26274,2662,23612,5575,449,5126,42070,8691,2775,5916,26773,3469,23304,6606,898,5708,55,055,2014
"Kenosha County, Wisconsin",168068,166166,81000,20077,6904,13173,51677,6867,44810,9246,1068,8178,85166,20426,7143,13283,53084,9374,43710,11656,2087,9569,55,059,2014
"La Crosse County, Wisconsin",118011,116563,57621,12583,3593,8990,37806,3955,33851,7232,1126,6106,58942,11377,3718,7659,38408,4521,33887,9157,1387,7770,55,063,2014
"Manitowoc County, Wisconsin",80160,79645,39801,8671,2997,5674,24647,2570,22077,6483,441,6042,39844,8148,2337,5811,23587,3451,20136,8109,896,7213,55,071,2014
"Marathon County, Wisconsin",135780,134699,67275,16093,4019,12074,41928,3690,38238,9254,833,8421,67424,15426,3490,11936,40552,4807,35745,11446,1301,10145,55,073,2014
"Milwaukee County, Wisconsin",956406,947260,455967,118505,63814,54691,290944,44275,246669,46518,6513,40005,491293,114922,59452,55470,310754,74815,235939,65617,11508,54109,55,079,2014
"Outagamie County, Wisconsin",182006,180501,90565,22982,5057,17925,57427,4968,52459,10156,611,9545,89936,20939,5073,15866,56482,7375,49107,12515,912,11603,55,087,2014
"Ozaukee County, Wisconsin",87470,86900,42533,9516,1339,8177,26113,969,25144,6904,879,6025,44367,9492,1436,8056,26824,2169,24655,8051,559,7492,55,089,2014
"Portage County, Wisconsin",70482,70174,35508,7416,2149,5267,23456,3060,20396,4636,269,4367,34666,6427,1519,4908,22811,3365,19446,5428,536,4892,55,097,2014
"Racine County, Wisconsin",195163,191220,92914,23290,7281,16009,56614,6796,49818,13010,1298,11712,98306,23336,7017,16319,58981,9261,49720,15989,1937,14052,55,101,2014
"Rock County, Wisconsin",161188,159886,78277,20003,9249,10754,48064,5693,42371,10210,1395,8815,81609,18512,7596,10916,49947,8716,41231,13150,1793,11357,55,105,2014
"St. Croix County, Wisconsin",86759,85921,42624,11042,2221,8821,26843,1403,25440,4739,183,4556,43297,11332,2229,9103,26622,1778,24844,5343,818,4525,55,109,2014
"Sheboygan County, Wisconsin",115290,113171,56546,13564,3493,10071,35093,2549,32544,7889,589,7300,56625,12579,3313,9266,34165,4144,30021,9881,1485,8396,55,117,2014
"Walworth County, Wisconsin",103527,102811,51593,11768,4251,7517,32703,3318,29385,7122,585,6537,51218,10925,3395,7530,32318,3883,28435,7975,677,7298,55,127,2014
"Washington County, Wisconsin",133251,132320,65657,15651,3592,12059,40908,3228,37680,9098,668,8430,66663,15228,3199,12029,40063,3629,36434,11372,971,10401,55,131,2014
"Waukesha County, Wisconsin",395118,392647,193792,45443,7276,38167,119749,6539,113210,28600,1396,27204,198855,42433,7029,35404,121235,8573,112662,35187,2386,32801,55,133,2014
"Winnebago County, Wisconsin",169511,164779,81859,18409,6277,12132,53038,3988,49050,10412,680,9732,82920,16921,5971,10950,52112,7127,44985,13887,896,12991,55,139,2014
"Wood County, Wisconsin",73608,72949,36132,8353,3268,5085,21656,2583,19073,6123,453,5670,36817,7827,3001,4826,21369,3189,18180,7621,1138,6483,55,141,2014
"Laramie County, Wyoming",96389,93817,45767,10832,3055,7777,28832,1666,27166,6103,590,5513,48050,11722,3190,8532,28853,2509,26344,7475,631,6844,56,021,2014
"Natrona County, Wyoming",81624,80074,40694,9924,3298,6626,26588,2554,24034,4182,815,3367,39380,8971,2273,6698,25006,2374,22632,5403,809,4594,56,025,2014
"Arecibo Municipio, Puerto Rico",91540,90651,43236,9868,6450,3418,25923,12224,13699,7445,3119,4326,47415,9162,6400,2762,28360,14851,13509,9893,3606,6287,72,013,2014
"Bayamón Municipio, Puerto Rico",194210,188329,86933,20372,10965,9407,51801,14142,37659,14760,4131,10629,101396,18941,11129,7812,60955,21604,39351,21500,7396,14104,72,021,2014
"Caguas Municipio, Puerto Rico",137032,136811,64061,15365,8416,6949,39095,15604,23491,9601,3780,5821,72750,14407,7113,7294,44182,18506,25676,14161,5959,8202,72,025,2014
"Carolina Municipio, Puerto Rico",165820,164991,75977,17540,7899,9641,45718,11567,34151,12719,2503,10216,89014,16782,8785,7997,53414,16654,36760,18818,5429,13389,72,031,2014
"Guaynabo Municipio, Puerto Rico",92799,92620,44012,9069,4059,5010,27775,6721,21054,7168,1334,5834,48608,8419,2686,5733,29925,7964,21961,10264,2443,7821,72,061,2014
"Mayagüez Municipio, Puerto Rico",81915,81314,38790,8011,6118,1893,23899,11835,12064,6880,1978,4902,42524,7468,5234,2234,25102,13243,11859,9954,4263,5691,72,097,2014
"Ponce Municipio, Puerto Rico",153540,150853,71664,17636,11587,6049,42348,21878,20470,11680,3919,7761,79189,16505,12221,4284,46712,25530,21182,15972,5640,10332,72,113,2014
"San Juan Municipio, Puerto Rico",365575,361787,165836,37006,18834,18172,101138,25767,75371,27692,7502,20190,195951,35865,16832,19033,117774,35316,82458,42312,12971,29341,72,127,2014
"Toa Alta Municipio, Puerto Rico",74837,74787,36105,9200,3407,5793,23036,6427,16609,3869,1226,2643,38682,8770,2736,6034,25098,9025,16073,4814,2385,2429,72,135,2014
"Toa Baja Municipio, Puerto Rico",84165,84050,39639,9580,5199,4381,24115,10289,13826,5944,2780,3164,44411,9113,4698,4415,27474,11903,15571,7824,3515,4309,72,137,2014
"Trujillo Alto Municipio, Puerto Rico",71019,70698,33347,8343,4702,3641,20500,6593,13907,4504,1707,2797,37351,7537,4582,2955,23368,7826,15542,6446,1899,4547,72,139,2014
"Baldwin County, Alabama",203709,201190,97994,23678,10125,13553,56442,7604,48838,17874,1002,16872,103196,21100,7846,13254,60678,9383,51295,21418,1394,20024,01,003,2015
"Calhoun County, Alabama",115620,114127,54892,13544,7446,6098,33597,4023,29574,7751,782,6969,59235,11829,7019,4810,36967,7669,29298,10439,2239,8200,01,015,2015
"Cullman County, Alabama",82005,81197,39791,9153,3484,5669,24301,1931,22370,6337,400,5937,41406,9186,4777,4409,24147,1770,22377,8073,1494,6579,01,043,2015
"DeKalb County, Alabama",71130,70371,34618,9634,5168,4466,20260,2431,17829,4724,607,4117,35753,8337,4596,3741,21528,3323,18205,5888,877,5011,01,049,2015
"Elmore County, Alabama",81468,77038,36214,9418,4216,5202,21645,2638,19007,5151,1057,4094,40824,9435,4400,5035,25372,2665,22707,6017,893,5124,01,051,2015
"Etowah County, Alabama",103057,102284,49460,11423,6584,4839,30573,4114,26459,7464,536,6928,52824,11075,5152,5923,31654,5095,26559,10095,1466,8629,01,055,2015
"Houston County, Alabama",104173,103308,49315,12709,6179,6530,29290,2794,26496,7316,757,6559,53993,11784,5571,6213,32610,5158,27452,9599,1587,8012,01,069,2015
"Jefferson County, Alabama",660367,653229,308382,77287,32260,45027,191944,17583,174361,39151,4259,34892,344847,74732,30582,44150,215409,28841,186568,54706,8855,45851,01,073,2015
"Lauderdale County, Alabama",92596,91676,44228,9812,4742,5070,27081,2706,24375,7335,626,6709,47448,8818,5147,3671,29122,3332,25790,9508,1072,8436,01,077,2015
"Lee County, Alabama",156993,155898,76098,16761,6245,10516,52005,3322,48683,7332,872,6460,79800,16861,7248,9613,53853,5629,48224,9086,1526,7560,01,081,2015
"Limestone County, Alabama",91663,88665,42667,10329,4353,5976,26300,1317,24983,6038,416,5622,45998,11059,4130,6929,28006,3654,24352,6933,1294,5639,01,083,2015
"Madison County, Alabama",353089,348202,169338,40560,13895,26665,107556,8114,99442,21222,1419,19803,178864,38170,14927,23243,113193,9275,103918,27501,3236,24265,01,089,2015
"Marshall County, Alabama",94725,93899,46308,12050,5465,6585,27058,2651,24407,7200,638,6562,47591,11288,5431,5857,27575,3827,23748,8728,1000,7728,01,095,2015
"Mobile County, Alabama",415395,408046,193183,49171,21156,28015,118504,13521,104983,25508,2822,22686,214863,49874,25191,24683,130436,17115,113321,34553,4332,30221,01,097,2015
"Montgomery County, Alabama",226519,221549,103646,27599,15014,12585,63920,6631,57289,12127,1733,10394,117903,26327,13100,13227,73839,10446,63393,17737,3423,14314,01,101,2015
"Morgan County, Alabama",119565,117678,58488,14548,5980,8568,35632,4128,31504,8308,760,7548,59190,12977,4877,8100,35648,3601,32047,10565,1672,8893,01,103,2015
"St. Clair County, Alabama",87074,85109,40975,9698,3294,6404,24948,2626,22322,6329,869,5460,44134,10640,2675,7965,26133,2475,23658,7361,716,6645,01,115,2015
"Shelby County, Alabama",208713,207079,99776,25217,5743,19474,62659,2412,60247,11900,596,11304,107303,24930,5367,19563,66923,3777,63146,15450,1043,14407,01,117,2015
"Talladega County, Alabama",80862,78169,36852,8882,5249,3633,22165,3679,18486,5805,954,4851,41317,8870,5193,3677,25211,5782,19429,7236,1300,5936,01,121,2015
"Tuscaloosa County, Alabama",203976,202527,97274,21487,8042,13445,65486,5054,60432,10301,922,9379,105253,21046,8429,12617,70919,9713,61206,13288,1966,11322,01,125,2015
"Walker County, Alabama",65294,64538,30534,6710,3493,3217,18672,2089,16583,5152,832,4320,34004,7964,4900,3064,19465,3356,16109,6575,1255,5320,01,127,2015
"Anchorage Municipality, Alaska",298695,286770,143707,37265,12197,25068,93721,9583,84138,12721,1887,10834,143063,36487,11151,25336,92349,11368,80981,14227,2748,11479,02,020,2015
"Fairbanks North Star Borough, Alaska",99631,93001,48826,13364,3568,9796,31541,1873,29668,3921,684,3237,44175,10681,3316,7365,29566,2117,27449,3928,579,3349,02,090,2015
"Matanuska-Susitna Borough, Alaska",101095,99018,51499,14267,3956,10311,32286,3004,29282,4946,406,4540,47519,13254,3781,9473,29472,3857,25615,4793,548,4245,02,170,2015
"Apache County, Arizona",71474,70896,34578,10391,5414,4977,19714,7216,12498,4473,1164,3309,36318,10251,5180,5071,20795,8522,12273,5272,1511,3761,04,001,2015
"Cochise County, Arizona",126427,111591,49454,13125,5124,8001,24117,4188,19929,12212,1673,10539,62137,13904,5479,8425,33905,8562,25343,14328,1605,12723,04,003,2015
"Coconino County, Arizona",139097,138159,67072,14995,5364,9631,44513,6231,38282,7564,1112,6452,71087,14144,5010,9134,48520,8681,39839,8423,2139,6284,04,005,2015
"Maricopa County, Arizona",4167947,4138206,2038248,525409,182258,343151,1248666,177746,1070920,264173,24615,239558,2099958,504175,176008,328167,1273644,228770,1044874,322139,41136,281003,04,013,2015
"Mohave County, Arizona",204737,202439,100696,18714,10825,7889,54442,13328,41114,27540,2357,25183,101743,18787,10839,7948,54563,19191,35372,28393,3165,25228,04,015,2015
"Navajo County, Arizona",108277,106026,52364,15374,7291,8083,28614,10057,18557,8376,1102,7274,53662,14276,7615,6661,30293,12253,18040,9093,1780,7313,04,017,2015
"Pima County, Arizona",1010025,991256,480394,110741,48502,62239,286295,49859,236436,83358,9070,74288,510862,107356,46925,60431,303253,65985,237268,100253,11715,88538,04,019,2015
"Pinal County, Arizona",406584,380403,185531,48693,17687,31006,99539,19041,80498,37299,3695,33604,194872,48135,17215,30920,106746,24932,81814,39991,3786,36205,04,021,2015
"Yavapai County, Arizona",222255,220685,107578,19188,8052,11136,57641,11920,45721,30749,2922,27827,113107,18672,7968,10704,61365,14516,46849,33070,3262,29808,04,025,2015
"Yuma County, Arizona",204275,197804,98979,27030,13598,13432,54567,12283,42284,17382,1525,15857,98825,25580,13322,12258,53962,16139,37823,19283,2490,16793,04,027,2015
"Benton County, Arkansas",249672,248008,123218,34804,13502,21302,74097,5199,68898,14317,1572,12745,124790,32070,12063,20007,75166,7682,67484,17554,2336,15218,05,007,2015
"Craighead County, Arkansas",104354,103337,50589,13589,7827,5762,31464,5570,25894,5536,399,5137,52748,12184,6963,5221,33625,8258,25367,6939,751,6188,05,031,2015
"Faulkner County, Arkansas",121552,119410,58826,14723,5786,8937,37868,4582,33286,6235,741,5494,60584,13965,5728,8237,39080,6208,32872,7539,1287,6252,05,045,2015
"Garland County, Arkansas",97177,96031,46751,10127,6505,3622,27145,5010,22135,9479,920,8559,49280,9489,6001,3488,28753,7611,21142,11038,1010,10028,05,051,2015
"Jefferson County, Arkansas",71565,67649,32170,8700,6060,2640,18924,4209,14715,4546,738,3808,35479,7808,5517,2291,21432,6174,15258,6239,1342,4897,05,069,2015
"Lonoke County, Arkansas",71645,70548,34434,9922,3005,6917,20704,2076,18628,3808,265,3543,36114,8915,3250,5665,22289,4054,18235,4910,433,4477,05,085,2015
"Pulaski County, Arkansas",392664,386254,183312,46916,21494,25422,113911,15034,98877,22485,2084,20401,202942,45456,21717,23739,126634,20240,106394,30852,5096,25756,05,119,2015
"Saline County, Arkansas",117460,116289,56492,13784,6578,7206,33254,3815,29439,9454,974,8480,59797,14042,5931,8111,35524,5821,29703,10231,1302,8929,05,125,2015
"Sebastian County, Arkansas",127780,126793,62732,16468,9110,7358,38171,5603,32568,8093,1017,7076,64061,14440,7314,7126,39279,7694,31585,10342,1255,9087,05,131,2015
"Washington County, Arkansas",225477,223648,109796,27146,11330,15816,71718,5135,66583,10932,996,9936,113852,29057,12642,16415,71436,8906,62530,13359,2167,11192,05,143,2015
"White County, Arkansas",79161,78664,38621,10003,7168,2835,23491,3341,20150,5127,319,4808,40043,8748,5041,3707,24665,5460,19205,6630,1413,5217,05,145,2015
"Alameda County, California",1638215,1629267,799075,176348,57803,118545,533016,80288,452728,89711,15878,73833,830192,169536,51743,117793,545635,105628,440007,115021,23209,91812,06,001,2015
"Butte County, California",225411,222867,110125,23118,10784,12334,69530,18268,51262,17477,2967,14510,112742,22143,10695,11448,69815,22623,47192,20784,3729,17055,06,007,2015
"Contra Costa County, California",1126745,1121637,547282,133286,43241,90045,343143,53925,289218,70853,8724,62129,574355,127713,45543,82170,355790,60700,295090,90852,14050,76802,06,013,2015
"El Dorado County, California",184452,183470,91686,19570,4533,15037,55313,9998,45315,16803,1516,15287,91784,18214,4354,13860,55266,9584,45682,18304,2525,15779,06,017,2015
"Fresno County, California",974861,963755,478570,142445,89638,52807,286919,76795,210124,49206,10651,38555,485185,136458,84910,51548,288729,101383,187346,59998,16174,43824,06,019,2015
"Humboldt County, California",135727,134868,66623,13093,6882,6211,43445,14594,28851,10085,1048,9037,68245,13380,7909,5471,43307,15934,27373,11558,1150,10408,06,023,2015
"Imperial County, California",180191,170342,82337,25962,13963,11999,46268,15380,30888,10107,4550,5557,88005,24964,13586,11378,50631,21216,29415,12410,6151,6259,06,025,2015
"Kern County, California",882176,853693,425888,130593,73032,57561,255236,71505,183731,40059,8820,31239,427805,127008,72658,54350,253649,86949,166700,47148,11440,35708,06,029,2015
"Kings County, California",150965,131982,65681,21899,9858,12041,37350,7835,29515,6432,904,5528,66301,19507,9112,10395,39232,11872,27360,7562,2126,5436,06,031,2015
"Lake County, California",64591,63880,32564,6903,5030,1873,18663,7141,11522,6998,1647,5351,31316,6415,4152,2263,18229,6418,11811,6672,1427,5245,06,033,2015
"Los Angeles County, California",10170292,10103992,4966012,1161268,560290,600978,3265233,632356,2632877,539511,129948,409563,5137980,1114771,555732,559039,3313114,818588,2494526,710095,207290,502805,06,037,2015
"Madera County, California",154998,146337,72167,21100,12449,8651,41700,11491,30209,9367,1394,7973,74170,20946,13116,7830,42460,15609,26851,10764,1117,9647,06,039,2015
"Marin County, California",261221,256740,123132,26146,6114,20032,73743,7165,66578,23243,1338,21905,133608,27197,6303,20894,77682,8734,68948,28729,2573,26156,06,041,2015
"Mendocino County, California",87649,86694,43314,9742,5893,3849,26033,7863,18170,7539,571,6968,43380,8878,4988,3890,24960,8812,16148,9542,1975,7567,06,045,2015
"Merced County, California",268455,265551,132986,40761,26007,14754,78986,25016,53970,13239,3118,10121,132565,39230,25423,13807,78034,32475,45559,15301,4193,11108,06,047,2015
"Monterey County, California",433898,416859,205943,57909,34655,23254,124514,23268,101246,23520,4537,18983,210916,56309,32198,24111,125705,31919,93786,28902,6020,22882,06,053,2015
"Napa County, California",142456,140474,69046,15598,6249,9349,42486,5547,36939,10962,1633,9329,71428,14972,7043,7929,42880,7369,35511,13576,2074,11502,06,055,2015
"Nevada County, California",98877,97917,47270,8717,2509,6208,27823,4750,23073,10730,1225,9505,50647,8703,4279,4424,29382,6438,22944,12562,1450,11112,06,057,2015
"Orange County, California",3169776,3151977,1555141,366069,148359,217710,1000817,134572,866245,188255,28844,159411,1596836,349289,138204,211085,1010894,176474,834420,236653,42249,194404,06,059,2015
"Placer County, California",375391,373028,181988,43518,7598,35920,108083,13586,94497,30387,3246,27141,191040,41435,9362,32073,112087,17593,94494,37518,3173,34345,06,061,2015
"Riverside County, California",2361026,2341423,1158870,311592,155425,156167,702426,147995,554431,144852,20846,124006,1182553,300343,148154,152189,710723,184800,525923,171487,29561,141926,06,065,2015
"Sacramento County, California",1501335,1487871,723339,184418,86096,98322,454747,102167,352580,84174,14766,69408,764532,176582,77019,99563,476968,123987,352981,110982,25669,85313,06,067,2015
"San Bernardino County, California",2128133,2069420,1007739,291266,155928,135338,617796,148867,468929,98677,18035,80642,1061681,279108,147197,131911,658848,197276,461572,123725,27485,96240,06,071,2015
"San Diego County, California",3299521,3208161,1581372,368925,131501,237424,1025088,153598,871490,187359,28459,158900,1626789,357904,127604,230300,1031691,189263,842428,237194,47157,190037,06,073,2015
"San Francisco County, California",864816,861066,438055,58166,18365,39801,323978,49524,274454,55911,15240,40671,423011,57714,18556,39158,296323,47231,249092,68974,22473,46501,06,075,2015
"San Joaquin County, California",726106,717502,355006,102354,52261,50093,215165,57032,158133,37487,6587,30900,362496,96954,48809,48145,218566,71734,146832,46976,11337,35639,06,077,2015
"San Luis Obispo County, California",281401,275003,137504,25895,8289,17606,88480,11135,77345,23129,1899,21230,137499,25056,8710,16346,85384,14807,70577,27059,3349,23710,06,079,2015
"San Mateo County, California",765135,761535,374676,82660,20950,61710,243004,31803,211201,49012,6260,42752,386859,79376,20444,58932,243586,36629,206957,63897,11289,52608,06,081,2015
"Santa Barbara County, California",444769,437205,216766,50583,27332,23251,138043,19805,118238,28140,1914,26226,220439,48614,24612,24002,137471,25479,111992,34354,4535,29819,06,083,2015
"Santa Clara County, California",1918044,1908803,960656,223376,60849,162527,631926,76968,554958,105354,20522,84832,948147,212650,54463,158187,605666,89217,516449,129831,28892,100939,06,085,2015
"Santa Cruz County, California",274146,272834,135219,27677,11997,15680,89755,16579,73176,17787,2249,15538,137615,26442,13250,13192,90429,18579,71850,20744,2295,18449,06,087,2015
"Shasta County, California",179533,178201,87026,18862,9829,9033,51652,14740,36912,16512,1668,14844,91175,19009,9703,9306,53498,17012,36486,18668,2615,16053,06,089,2015
"Solano County, California",436092,423555,204875,50696,22775,27921,127853,22087,105766,26326,2730,23596,218680,48619,19418,29201,136489,30248,106241,33572,5123,28449,06,095,2015
"Sonoma County, California",502146,497607,242681,52324,20971,31353,151933,23511,128422,38424,3783,34641,254926,49531,18933,30598,157261,31106,126155,48134,7008,41126,06,097,2015
"Stanislaus County, California",538388,535002,265289,75140,44657,30483,161013,45872,115141,29136,6525,22611,269713,70673,39249,31424,162982,59918,103064,36058,9597,26461,06,099,2015
"Sutter County, California",96463,94904,47091,13211,6963,6248,27114,7362,19752,6766,1060,5706,47813,12092,6029,6063,28199,9037,19162,7522,1573,5949,06,101,2015
"Tulare County, California",459863,456134,227576,73175,46866,26309,132624,38993,93631,21777,5993,15784,228558,70437,42489,27948,132038,50237,81801,26083,8595,17488,06,107,2015
"Ventura County, California",850536,844132,415385,102288,40027,62261,260377,37389,222988,52720,7284,45436,428747,99771,37974,61797,263327,50594,212733,65649,9986,55663,06,111,2015
"Yolo County, California",213016,211311,102072,22830,8193,14637,67559,9467,58092,11683,2366,9317,109239,23050,8948,14102,72713,13682,59031,13476,2345,11131,06,113,2015
"Yuba County, California",74492,73021,38027,12031,7526,4505,21293,5497,15796,4703,460,4243,34994,8533,5348,3185,22027,6510,15517,4434,733,3701,06,115,2015
"Adams County, Colorado",491337,488382,245619,69369,29674,39695,155888,21154,134734,20362,3062,17300,242763,65770,29955,35815,151027,29984,121043,25966,5481,20485,08,001,2015
"Arapahoe County, Colorado",631096,624678,306193,77174,23226,53948,196161,20858,175303,32858,3077,29781,318485,75113,24315,50798,201374,29063,172311,41998,5418,36580,08,005,2015
"Boulder County, Colorado",319372,317407,160155,32595,9643,22952,109648,11094,98554,17912,1245,16667,157252,30610,9118,21492,105522,14523,90999,21120,2161,18959,08,013,2015
"Broomfield County, Colorado",65065,64760,31493,7487,1142,6345,20479,1469,19010,3527,241,3286,33267,8366,1821,6545,20471,1780,18691,4430,396,4034,08,014,2015
"Denver County, Colorado",682545,675709,338345,70832,35352,35480,235631,31791,203840,31882,6063,25819,337364,69670,35262,34408,225769,42265,183504,41925,8225,33700,08,031,2015
"Douglas County, Colorado",322387,321246,159116,46026,4284,41742,97560,3918,93642,15530,608,14922,162130,43855,3357,40498,100468,4589,95879,17807,1144,16663,08,035,2015
"El Paso County, Colorado",674471,645073,316942,86278,30914,55364,195735,30158,165577,34929,3531,31398,328131,80882,28016,52866,204248,38133,166115,43001,4082,38919,08,041,2015
"Jefferson County, Colorado",565524,559357,276740,59565,15269,44296,179512,16183,163329,37663,2238,35425,282617,56645,14368,42277,179764,23152,156612,46208,3994,42214,08,059,2015
"Larimer County, Colorado",333577,331135,165152,34197,10270,23927,109354,10338,99016,21601,1851,19750,165983,33405,9771,23634,107524,13859,93665,25054,3064,21990,08,069,2015
"Mesa County, Colorado",148513,147164,72054,16158,6875,9283,44045,8236,35809,11851,886,10965,75110,16592,6894,9698,44541,11128,33413,13977,1325,12652,08,077,2015
"Pueblo County, Colorado",163591,160221,79020,19491,11070,8421,46564,12864,33700,12965,1444,11521,81201,18234,10210,8024,47890,16325,31565,15077,2126,12951,08,101,2015
"Weld County, Colorado",285174,283067,142348,39526,13744,25782,87855,10242,77613,14967,1780,13187,140719,36986,12724,24262,86741,15212,71529,16992,1857,15135,08,123,2015
"Fairfield County, Connecticut",948053,939898,457364,112915,31186,81729,286942,33285,253657,57507,4449,53058,482534,107904,30041,77863,299386,46072,253314,75244,9817,65427,09,001,2015
"Hartford County, Connecticut",895841,881136,425670,98184,33264,64920,269162,42891,226271,58324,6901,51423,455466,93704,32055,61649,283470,54453,229017,78292,14818,63474,09,003,2015
"Litchfield County, Connecticut",183603,182463,90305,18356,5459,12897,56515,6004,50511,15434,1727,13707,92158,16604,4031,12573,57210,8220,48990,18344,3745,14599,09,005,2015
"Middlesex County, Connecticut",164063,162035,79268,15805,4333,11472,50332,5641,44691,13131,1232,11899,82767,15128,3194,11934,52145,7239,44906,15494,2028,13466,09,007,2015
"New Haven County, Connecticut",859470,849206,408971,90244,38642,51602,262194,42159,220035,56533,6796,49737,440235,87455,35749,51706,277836,60911,216925,74944,11890,63054,09,009,2015
"New London County, Connecticut",271863,259696,127920,27925,9827,18098,80081,13111,66970,19914,1704,18210,131776,26514,8671,17843,82243,16482,65761,23019,3258,19761,09,011,2015
"Tolland County, Connecticut",151420,148637,73459,13895,2420,11475,49721,5722,43999,9843,1239,8604,75178,13169,2677,10492,50716,5981,44735,11293,2515,8778,09,013,2015
"Windham County, Connecticut",116573,114912,56300,12702,6715,5987,36447,7907,28540,7151,1232,5919,58612,11417,5341,6076,38250,8032,30218,8945,1516,7429,09,015,2015
"Kent County, Delaware",173533,170009,81888,21221,10223,10998,48326,9740,38586,12341,780,11561,88121,18991,9235,9756,54338,13629,40709,14792,1213,13579,10,001,2015
"New Castle County, Delaware",556779,548427,263207,61520,20320,41200,168336,22957,145379,33351,2915,30436,285220,60411,20317,40094,181514,30199,151315,43295,4315,38980,10,003,2015
"Sussex County, Delaware",215622,212767,102587,21109,9642,11467,56514,9659,46855,24964,1655,23309,110180,20519,8972,11547,61654,13442,48212,28007,2308,25699,10,005,2015
"District of Columbia, District of Columbia",672228,660682,311147,59831,27712,32119,221903,39687,182216,29413,5050,24363,349535,57584,29640,27944,247687,58069,189618,44264,10733,33531,11,001,2015
"Alachua County, Florida",259964,257274,123450,23931,5881,18050,85224,6285,78939,14295,1351,12944,133824,23044,6401,16643,92309,7030,85279,18471,2674,15797,12,001,2015
"Bay County, Florida",181635,176862,86350,20123,9863,10260,52791,7279,45512,13436,1357,12079,90512,19574,9097,10477,55368,10567,44801,15570,2024,13546,12,005,2015
"Brevard County, Florida",568088,563039,274192,53719,21480,32239,161418,16180,145238,59055,4754,54301,288847,51068,21127,29941,168006,21910,146096,69773,7080,62693,12,009,2015
"Broward County, Florida",1896425,1885223,913759,206249,94919,111330,579697,43219,536478,127813,16180,111633,971464,200670,82401,118269,605148,68383,536765,165646,28657,136989,12,011,2015
"Charlotte County, Florida",173115,169520,80756,10828,4947,5881,38657,5022,33635,31271,3131,28140,88764,11081,5554,5527,43283,5717,37566,34400,2534,31866,12,015,2015
"Citrus County, Florida",141058,139083,67499,11062,7169,3893,32667,6670,25997,23770,1975,21795,71584,9993,6540,3453,35214,8313,26901,26377,2422,23955,12,017,2015
"Clay County, Florida",203967,200884,97165,24932,7962,16970,59353,4445,54908,12880,857,12023,103719,24085,7968,16117,62939,7567,55372,16695,3297,13398,12,019,2015
"Collier County, Florida",357305,355359,173960,32097,14239,17858,91046,5002,86044,50817,3213,47604,181399,31794,14455,17339,93456,7994,85462,56149,3994,52155,12,021,2015
"Columbia County, Florida",68348,63412,30997,7345,3664,3681,18515,3664,14851,5137,676,4461,32415,7475,4160,3315,19063,4576,14487,5877,977,4900,12,023,2015
"Duval County, Florida",913010,893492,428669,105685,46691,58994,272310,28878,243432,50674,6150,44524,464823,101796,42248,59548,296535,42074,254461,66492,11568,54924,12,031,2015
"Escambia County, Florida",311003,294886,142350,32801,15047,17754,88197,8006,80191,21352,1155,20197,152536,31136,14426,16710,93712,11681,82031,27688,2776,24912,12,033,2015
"Flagler County, Florida",105392,105017,49945,9232,3413,5819,26071,2454,23617,14642,610,14032,55072,9626,2335,7291,29316,3247,26069,16130,1711,14419,12,035,2015
"Hernando County, Florida",178439,176375,84575,16570,8434,8136,45648,5386,40262,22357,1746,20611,91800,16011,8564,7447,49677,7999,41678,26112,2446,23666,12,053,2015
"Highlands County, Florida",99491,98322,47978,9122,5649,3473,24095,5891,18204,14761,1772,12989,50344,8589,4784,3805,23987,5980,18007,17768,2169,15599,12,055,2015
"Hillsborough County, Florida",1349050,1335861,648512,159204,67719,91485,410899,42242,368657,78409,9727,68682,687349,150945,59757,91188,436652,61689,374963,99752,17830,81922,12,057,2015
"Indian River County, Florida",147919,146642,68680,12088,5388,6700,36228,2808,33420,20364,1541,18823,77962,13024,6945,6079,40105,5531,34574,24833,3188,21645,12,061,2015
"Lake County, Florida",325875,322529,154847,32633,15200,17433,82717,9332,73385,39497,3066,36431,167682,31626,11890,19736,91201,10006,81195,44855,3918,40937,12,069,2015
"Lee County, Florida",701982,696279,338561,65403,33346,32057,184297,17038,167259,88861,7431,81430,357718,63523,32317,31206,196132,27529,168603,98063,9288,88775,12,071,2015
"Leon County, Florida",286272,282967,134273,27598,10809,16789,92038,7352,84686,14637,784,13853,148694,26667,9537,17130,103326,10301,93025,18701,1819,16882,12,073,2015
"Manatee County, Florida",363369,360557,174246,35702,18234,17468,95311,8138,87173,43233,3844,39389,186311,33813,16095,17718,102692,15652,87040,49806,3924,45882,12,081,2015
"Marion County, Florida",343254,335297,161994,33613,20572,13041,83157,14001,69156,45224,4234,40990,173303,30324,20008,10316,92021,21741,70280,50958,6686,44272,12,083,2015
"Martin County, Florida",156283,153721,74605,13084,3639,9445,40853,2821,38032,20668,1138,19530,79116,13414,5335,8079,41110,3923,37187,24592,2441,22151,12,085,2015
"Miami-Dade County, Florida",2693117,2667929,1286328,282436,153954,128482,832042,83765,748277,171850,57896,113954,1381601,269707,139037,130670,869671,120214,749457,242223,102865,139358,12,086,2015
"Monroe County, Florida",77482,76192,39549,6065,2390,3675,24716,2145,22571,8768,606,8162,36643,5624,1588,4036,23465,1427,22038,7554,1443,6111,12,087,2015
"Nassau County, Florida",78444,77625,38115,8637,1669,6968,21810,2401,19409,7668,717,6951,39510,7149,1989,5160,23909,1932,21977,8452,838,7614,12,089,2015
"Okaloosa County, Florida",198664,186741,90790,22460,6737,15723,54507,3365,51142,13823,581,13242,95951,21297,5887,15410,58123,5839,52284,16531,1382,15149,12,091,2015
"Orange County, Florida",1288126,1276280,623977,147421,65109,82312,415243,38737,376506,61313,9504,51809,652303,142329,64956,77373,432868,57896,374972,77106,17736,59370,12,095,2015
"Osceola County, Florida",323993,322350,157865,40676,18392,22284,98987,12629,86358,18202,3315,14887,164485,39983,18471,21512,101767,17096,84671,22735,5737,16998,12,097,2015
"Palm Beach County, Florida",1422789,1409516,679210,140468,59217,81251,396155,33089,363066,142587,11971,130616,730306,135389,54261,81128,415185,43831,371354,179732,17808,161924,12,099,2015
"Pasco County, Florida",497909,492779,237865,51416,22325,29091,135865,17895,117970,50584,5222,45362,254914,50060,21407,28653,144715,25534,119181,60139,7248,52891,12,101,2015
"Pinellas County, Florida",949827,939064,449464,81380,33932,47448,272726,26990,245736,95358,9931,85427,489600,78357,32816,45541,290934,35723,255211,120309,13829,106480,12,103,2015
"Polk County, Florida",650092,641867,312253,75494,34401,41093,178879,23714,155165,57880,5549,52331,329614,71973,33514,38459,190480,34049,156431,67161,10547,56614,12,105,2015
"Putnam County, Florida",72023,70634,35000,8399,5197,3202,18953,4499,14454,7648,1312,6336,35634,7096,4562,2534,20513,5484,15029,8025,1662,6363,12,107,2015
"St. Johns County, Florida",226640,225601,109782,25191,5925,19266,65840,4215,61625,18751,2252,16499,115819,23898,5259,18639,69699,5113,64586,22222,2569,19653,12,109,2015
"St. Lucie County, Florida",298563,295988,140694,28733,14777,13956,80357,10768,69589,31604,2953,28651,155294,32489,16747,15742,86836,13211,73625,35969,5484,30485,12,111,2015
"Santa Rosa County, Florida",167040,157997,77232,18066,6840,11226,47923,3367,44556,11243,624,10619,80765,18484,5431,13053,49401,5197,44204,12880,1379,11501,12,113,2015
"Sarasota County, Florida",405549,401626,189542,29365,9800,19565,97200,8607,88593,62977,5079,57898,212084,30257,10613,19644,106853,11514,95339,74974,5675,69299,12,115,2015
"Seminole County, Florida",449144,445567,215026,48567,15157,33410,137803,10758,127045,28656,2545,26111,230541,46938,12786,34152,147280,14995,132285,36323,4777,31546,12,117,2015
"Sumter County, Florida",118891,109268,51449,4602,1241,3361,15201,1079,14122,31646,737,30909,57819,3809,1235,2574,20742,1629,19113,33268,951,32317,12,119,2015
"Volusia County, Florida",517887,512818,248899,46771,17953,28818,147067,15258,131809,55061,3874,51187,263919,45667,19144,26523,152343,26380,125963,65909,6399,59510,12,127,2015
"Barrow County, Georgia",75370,75226,37219,10801,4287,6514,22608,1187,21421,3810,425,3385,38007,9549,3816,5733,23462,2343,21119,4996,1254,3742,13,013,2015
"Bartow County, Georgia",102747,102085,50764,13823,7312,6511,31215,2661,28554,5726,185,5541,51321,12226,5014,7212,32251,5520,26731,6844,706,6138,13,015,2015
"Bibb County, Georgia",153721,150026,69124,19257,10478,8779,41237,4714,36523,8630,1115,7515,80902,18783,12366,6417,49501,7644,41857,12618,2667,9951,13,021,2015
"Bulloch County, Georgia",72651,71731,34779,6928,3846,3082,24158,1877,22281,3693,340,3353,36952,7859,4299,3560,24809,2468,22341,4284,611,3673,13,031,2015
"Carroll County, Georgia",114545,113436,56013,15295,8001,7294,34615,3127,31488,6103,879,5224,57423,12368,5763,6605,36860,5820,31040,8195,1152,7043,13,045,2015
"Catoosa County, Georgia",66050,65535,32114,7540,1553,5987,19669,1229,18440,4905,458,4447,33421,7111,1358,5753,20351,1970,18381,5959,819,5140,13,047,2015
"Chatham County, Georgia",286956,278404,131491,32479,13565,18914,82210,5516,76694,16802,1848,14954,146913,30599,12770,17829,94340,10023,84317,21974,2614,19360,13,051,2015
"Cherokee County, Georgia",235900,234826,115029,31288,7976,23312,70684,2602,68082,13057,1012,12045,119797,29367,5949,23418,74391,4493,69898,16039,1156,14883,13,057,2015
"Clarke County, Georgia",123912,123111,57358,10026,5094,4932,42639,2834,39805,4693,744,3949,65753,11596,7177,4419,47269,3819,43450,6888,1586,5302,13,059,2015
"Clayton County, Georgia",273955,270564,126897,39639,22457,17182,77644,7084,70560,9614,1350,8264,143667,37406,22789,14617,92831,12452,80379,13430,2010,11420,13,063,2015
"Cobb County, Georgia",741334,736795,355767,92132,28960,63172,228724,7559,221165,34911,3041,31870,381028,89637,26335,63302,246963,14333,232630,44428,4619,39809,13,067,2015
"Columbia County, Georgia",144052,140323,67056,18847,3229,15618,40781,1458,39323,7428,724,6704,73267,18404,3104,15300,44835,2365,42470,10028,1219,8809,13,073,2015
"Coweta County, Georgia",138427,137971,67721,18358,4606,13752,41548,2459,39089,7815,403,7412,70250,16951,5218,11733,43312,3616,39696,9987,1389,8598,13,077,2015
"DeKalb County, Georgia",734871,729165,344190,87625,37237,50388,225752,14695,211057,30813,3748,27065,384975,85392,37313,48079,254366,20978,233388,45217,7884,37333,13,089,2015
"Dougherty County, Georgia",91332,89356,40247,10988,5685,5303,23943,3632,20311,5316,1208,4108,49109,11322,6994,4328,30509,6483,24026,7278,1878,5400,13,095,2015
"Douglas County, Georgia",140733,139675,67988,20939,7487,13452,40744,2276,38468,6305,900,5405,71687,16558,6587,9971,46610,4621,41989,8519,991,7528,13,097,2015
"Fayette County, Georgia",110714,110063,53229,13181,1980,11201,31690,676,31014,8358,649,7709,56834,12838,3244,9594,33829,1273,32556,10167,1024,9143,13,113,2015
"Floyd County, Georgia",96504,94330,45901,12337,5993,6344,27342,3435,23907,6222,659,5563,48429,10124,4733,5391,29933,5485,24448,8372,1179,7193,13,115,2015
"Forsyth County, Georgia",212438,211855,105808,31651,4412,27239,63373,1492,61881,10784,1052,9732,106047,29015,4931,24084,64197,2672,61525,12835,655,12180,13,117,2015
"Fulton County, Georgia",1010562,1000081,480616,117029,39071,77958,319480,19755,299725,44107,4712,39395,519465,114493,43819,70674,343034,30993,312041,61938,9241,52697,13,121,2015
"Glynn County, Georgia",83579,82592,39268,9953,4663,5290,22734,2432,20302,6581,757,5824,43324,9126,4333,4793,26137,3919,22218,8061,1125,6936,13,127,2015
"Gwinnett County, Georgia",895823,890634,434294,125610,51226,74384,274485,12254,262231,34199,3024,31175,456340,122041,47459,74582,289989,17657,272332,44310,5966,38344,13,135,2015
"Hall County, Georgia",193535,192590,95823,26041,11122,14919,58235,2668,55567,11547,826,10721,96767,24555,11444,13111,57595,5490,52105,14617,2227,12390,13,139,2015
"Henry County, Georgia",217739,216670,102691,29291,12066,17225,63169,3869,59300,10231,719,9512,113979,28692,11545,17147,72238,5374,66864,13049,1163,11886,13,151,2015
"Houston County, Georgia",150033,146704,70103,18985,7964,11021,43165,2312,40853,7953,727,7226,76601,19312,8464,10848,46613,5116,41497,10676,2766,7910,13,153,2015
"Liberty County, Georgia",62467,56355,27393,9334,3687,5647,15964,1116,14848,2095,123,1972,28962,7967,2708,5259,18180,1664,16516,2815,609,2206,13,179,2015
"Lowndes County, Georgia",112865,108287,51450,13783,6743,7040,32287,2048,30239,5380,1201,4179,56837,13809,6858,6951,35904,5214,30690,7124,1474,5650,13,185,2015
"Muscogee County, Georgia",200579,189652,88884,24596,11423,13173,54731,6897,47834,9557,1470,8087,100768,23938,11967,11971,62317,9868,52449,14513,2410,12103,13,215,2015
"Newton County, Georgia",105473,104469,49021,14029,5845,8184,29381,1723,27658,5611,628,4983,55448,14488,5457,9031,33756,4986,28770,7204,1655,5549,13,217,2015
"Paulding County, Georgia",152238,151575,73886,21272,4915,16357,46229,2253,43976,6385,450,5935,77689,20333,6297,14036,48915,4016,44899,8441,913,7528,13,223,2015
"Richmond County, Georgia",201793,191035,88603,23627,12841,10786,55034,7004,48030,9942,1717,8225,102432,23685,12392,11293,63824,10518,53306,14923,2534,12389,13,245,2015
"Rockdale County, Georgia",88856,88024,41282,11208,4468,6740,25202,1786,23416,4872,573,4299,46742,11513,4512,7001,28588,1710,26878,6641,1590,5051,13,247,2015
"Troup County, Georgia",69763,68316,31920,8589,3576,5013,19387,2135,17252,3944,455,3489,36396,8935,4763,4172,22165,2948,19217,5296,1701,3595,13,285,2015
"Walker County, Georgia",68066,66643,32829,8250,3051,5199,19793,2564,17229,4786,480,4306,33814,6915,2529,4386,20596,3093,17503,6303,647,5656,13,295,2015
"Walton County, Georgia",88399,87524,43276,12344,4601,7743,25269,1630,23639,5663,401,5262,44248,10281,4267,6014,26951,1747,25204,7016,1124,5892,13,297,2015
"Whitfield County, Georgia",104216,103438,51186,14109,8143,5966,31522,2407,29115,5555,373,5182,52252,13671,7246,6425,31476,3373,28103,7105,1031,6074,13,313,2015
"Hawaii County, Hawaii",196428,195220,96177,21294,11189,10105,57250,11888,45362,17633,1298,16335,99043,22454,11490,10964,57823,14005,43818,18766,2600,16166,15,001,2015
"Honolulu County, Hawaii",998714,945729,462418,109934,30291,79643,282976,33915,249061,69508,8210,61298,483311,104717,28908,75809,289862,35995,253867,88732,12479,76253,15,003,2015
"Kauai County, Hawaii",71735,70969,35794,8312,3694,4618,21574,2419,19155,5908,446,5462,35175,7620,3119,4501,20880,2676,18204,6675,1268,5407,15,007,2015
"Maui County, Hawaii",164593,163012,81819,18814,7245,11569,50808,5733,45075,12197,1196,11001,81193,17850,6172,11678,49917,7094,42823,13426,1369,12057,15,009,2015
"Ada County, Idaho",434211,426948,212904,54831,14090,40741,132551,8657,123894,25522,1499,24023,214044,52125,16479,35646,131803,11654,120149,30116,3886,26230,16,001,2015
"Bannock County, Idaho",83744,82670,40223,11141,4709,6432,24126,2534,21592,4956,445,4511,42447,11214,3996,7218,25482,3369,22113,5751,744,5007,16,005,2015
"Bonneville County, Idaho",110089,108743,53094,17265,6047,11218,29547,2088,27459,6282,314,5968,55649,16905,5791,11114,31185,3618,27567,7559,679,6880,16,019,2015
"Canyon County, Idaho",207478,205868,101499,31295,15112,16183,58231,6675,51556,11973,1463,10510,104369,30124,14979,15145,60014,10509,49505,14231,2198,12033,16,027,2015
"Kootenai County, Idaho",150346,149094,73753,18253,6220,12033,43353,3572,39781,12147,548,11599,75341,17005,5645,11360,44765,4440,40325,13571,1358,12213,16,055,2015
"Twin Falls County, Idaho",82375,81461,39591,11955,3565,8390,22222,1033,21189,5414,585,4829,41870,10774,3865,6909,24130,1506,22624,6966,743,6223,16,083,2015
"Adams County, Illinois",67013,65646,32337,7804,2816,4988,19437,4394,15043,5096,325,4771,33309,7938,3329,4609,18773,3777,14996,6598,573,6025,17,001,2015
"Champaign County, Illinois",208861,206722,103341,19944,6744,13200,72988,4899,68089,10409,1311,9098,103381,19416,7338,12078,71658,7924,63734,12307,1704,10603,17,019,2015
"Cook County, Illinois",5238216,5192908,2513865,595658,276755,318903,1636209,222636,1413573,281998,32977,249021,2679043,578449,270215,308234,1711604,338300,1373304,388990,57598,331392,17,031,2015
"DeKalb County, Illinois",104352,103635,51426,11566,3977,7589,34548,3196,31352,5312,779,4533,52209,11247,3837,7410,34730,6336,28394,6232,282,5950,17,037,2015
"DuPage County, Illinois",933736,928125,455981,110752,24356,86396,290287,19297,270990,54942,2358,52584,472144,105862,23353,82509,296091,28313,267778,70191,5993,64198,17,043,2015
"Kane County, Illinois",530847,527380,263011,72261,27445,44816,161854,12238,149616,28896,2934,25962,264369,68663,26949,41714,161357,19213,142144,34349,2402,31947,17,089,2015
"Kankakee County, Illinois",110879,108398,52394,13632,5313,8319,32105,4480,27625,6657,1008,5649,56004,12828,4769,8059,34158,8179,25979,9018,1449,7569,17,091,2015
"Kendall County, Illinois",123355,123020,59196,17829,4381,13448,36542,3379,33163,4825,10,4815,63824,18527,5010,13517,39925,6542,33383,5372,169,5203,17,093,2015
"Lake County, Illinois",703910,688874,340271,90355,28544,61811,210962,15899,195063,38954,2578,36376,348603,85994,25359,60635,215408,25201,190207,47201,4545,42656,17,097,2015
"LaSalle County, Illinois",111333,108006,54097,12685,4883,7802,33085,5041,28044,8327,691,7636,53909,11376,4867,6509,32126,6597,25529,10407,1141,9266,17,099,2015
"McHenry County, Illinois",307343,306194,152427,38430,10980,27450,96558,6805,89753,17439,223,17216,153767,36820,10045,26775,96433,10029,86404,20514,825,19689,17,111,2015
"McLean County, Illinois",173166,172004,83519,19347,4215,15132,55595,5543,50052,8577,881,7696,88485,18567,4114,14453,58874,5500,53374,11044,1123,9921,17,113,2015
"Macon County, Illinois",107303,104821,50300,12282,5963,6319,29944,4825,25119,8074,890,7184,54521,11652,5310,6342,32264,8811,23453,10605,1274,9331,17,115,2015
"Madison County, Illinois",266209,263520,129118,30658,11490,19168,81225,10896,70329,17235,1092,16143,134402,28068,9860,18208,83070,15793,67277,23264,2331,20933,17,119,2015
"Peoria County, Illinois",186221,183927,88834,22539,10075,12464,54412,8096,46316,11883,517,11366,95093,21769,9965,11804,57909,12188,45721,15415,1666,13749,17,143,2015
"Rock Island County, Illinois",146133,143267,69344,16587,6356,10231,41630,5410,36220,11127,861,10266,73923,16132,6137,9995,43490,8954,34536,14301,1164,13137,17,161,2015
"St. Clair County, Illinois",264052,258453,123965,32118,10386,21732,76152,11978,64174,15695,1334,14361,134488,30862,11301,19561,83180,19757,63423,20446,2459,17987,17,163,2015
"Sangamon County, Illinois",198712,196584,94127,23015,12156,10859,58247,8961,49286,12865,1282,11583,102457,22314,9776,12538,62378,14646,47732,17765,1592,16173,17,167,2015
"Tazewell County, Illinois",134800,132128,64405,15768,5072,10696,38488,4891,33597,10149,697,9452,67723,15012,5280,9732,39981,6659,33322,12730,1276,11454,17,179,2015
"Vermilion County, Illinois",79282,76691,36724,9309,4813,4496,21276,4610,16666,6139,366,5773,39967,9712,4988,4724,22558,7288,15270,7697,936,6761,17,183,2015
"Will County, Illinois",687263,679494,334715,91413,26177,65236,208370,19014,189356,34932,2886,32046,344779,87491,21899,65592,213576,28639,184937,43712,4420,39292,17,197,2015
"Williamson County, Illinois",67466,65530,32169,7690,4427,3263,19362,3807,15555,5117,209,4908,33361,7250,4283,2967,19864,4991,14873,6247,1092,5155,17,199,2015
"Winnebago County, Illinois",287078,284005,138611,34821,16975,17846,84303,14424,69879,19487,2591,16896,145394,33152,15670,17482,87564,21190,66374,24678,2365,22313,17,201,2015
"Allen County, Indiana",368450,365017,178451,48871,16877,31994,108791,10762,98029,20789,1710,19079,186566,46941,16343,30598,112900,14812,98088,26725,2146,24579,18,003,2015
"Bartholomew County, Indiana",81162,80309,39593,9371,3069,6302,24770,2252,22518,5452,236,5216,40716,10075,2557,7518,24160,2452,21708,6481,465,6016,18,005,2015
"Clark County, Indiana",115371,113688,54844,12891,3323,9568,34841,1962,32879,7112,327,6785,58844,13977,4672,9305,35803,3822,31981,9064,810,8254,18,019,2015
"Delaware County, Indiana",116852,115475,55545,11720,5290,6430,36115,3738,32377,7710,750,6960,59930,10710,4916,5794,39038,5696,33342,10182,1034,9148,18,035,2015
"Elkhart County, Indiana",203474,200966,98949,29307,10940,18367,57996,4207,53789,11646,868,10778,102017,27543,11098,16445,59249,8774,50475,15225,1857,13368,18,039,2015
"Floyd County, Indiana",76778,75761,36538,8814,2174,6640,22901,2049,20852,4823,175,4648,39223,9212,3087,6125,24067,3058,21009,5944,621,5323,18,043,2015
"Grant County, Indiana",67979,67152,31247,7382,3112,4270,18634,1558,17076,5231,546,4685,35905,6791,2913,3878,22371,4176,18195,6743,766,5977,18,053,2015
"Hamilton County, Indiana",309697,308029,150121,44279,3947,40332,91552,2041,89511,14290,361,13929,157908,42924,4448,38476,96807,4352,92455,18177,1029,17148,18,057,2015
"Hancock County, Indiana",72520,71899,35318,8608,946,7662,21949,957,20992,4761,194,4567,36581,8009,1136,6873,22797,1386,21411,5775,248,5527,18,059,2015
"Hendricks County, Indiana",158192,156059,75198,20389,2159,18230,46564,1181,45383,8245,1015,7230,80861,20133,3061,17072,50427,4369,46058,10301,581,9720,18,063,2015
"Howard County, Indiana",82556,81588,39243,9872,3909,5963,22941,3071,19870,6430,642,5788,42345,8724,3335,5389,25073,4925,20148,8548,1358,7190,18,067,2015
"Johnson County, Indiana",149633,147363,71582,19233,1754,17479,43360,2223,41137,8989,1135,7854,75781,18976,3009,15967,45554,2179,43375,11251,760,10491,18,081,2015
"Kosciusko County, Indiana",78620,77888,38227,9853,2769,7084,22962,1322,21640,5412,364,5048,39661,9389,2939,6450,24164,2552,21612,6108,598,5510,18,085,2015
"Lake County, Indiana",487865,484620,234810,60495,25262,35233,143423,16801,126622,30892,2122,28770,249810,57437,26100,31337,151923,26348,125575,40450,4376,36074,18,089,2015
"LaPorte County, Indiana",110884,102141,48756,12128,5378,6750,28998,2822,26176,7630,650,6980,53385,12235,5927,6308,31435,5151,26284,9715,873,8842,18,091,2015
"Madison County, Indiana",129723,124837,60537,14636,6970,7666,36372,4666,31706,9529,846,8683,64300,13712,6896,6816,38290,6752,31538,12298,1922,10376,18,095,2015
"Marion County, Indiana",939020,928805,446922,119455,59995,59460,283305,34805,248500,44162,5412,38750,481883,114067,59684,54383,307400,55581,251819,60416,9808,50608,18,097,2015
"Monroe County, Indiana",144705,143698,71027,11521,2974,8547,52482,2886,49596,7024,609,6415,72671,11639,3963,7676,51529,4727,46802,9503,530,8973,18,105,2015
"Morgan County, Indiana",69648,68584,34150,8050,1574,6476,21030,1552,19478,5070,32,5038,34434,8159,2851,5308,20916,3523,17393,5359,387,4972,18,109,2015
"Porter County, Indiana",167688,166248,81115,19553,5526,14027,50657,4436,46221,10905,236,10669,85133,18511,4776,13735,53349,7016,46333,13273,870,12403,18,127,2015
"St. Joseph County, Indiana",268441,266052,128518,32697,11902,20795,79341,7134,72207,16480,1003,15477,137534,31389,11702,19687,84386,12962,71424,21759,1865,19894,18,141,2015
"Tippecanoe County, Indiana",185826,184131,93533,19143,6294,12849,66484,3536,62948,7906,299,7607,90598,19146,6416,12730,61156,6132,55024,10296,1036,9260,18,157,2015
"Vanderburgh County, Indiana",181877,179681,86703,20084,8844,11240,54969,6375,48594,11650,716,10934,92978,19535,6346,13189,57921,8580,49341,15522,1941,13581,18,163,2015
"Vigo County, Indiana",107896,104097,51939,10935,5769,5166,34222,5759,28463,6782,201,6581,52158,10869,5200,5669,32624,6648,25976,8665,1093,7572,18,167,2015
"Wayne County, Indiana",67001,65830,31818,7589,3793,3796,19613,2352,17261,4616,176,4440,34012,7540,3209,4331,19705,3017,16688,6767,793,5974,18,177,2015
"Black Hawk County, Iowa",133455,132263,65260,15121,5901,9220,41291,5249,36042,8848,594,8254,67003,13626,4632,8994,42224,7575,34649,11153,1189,9964,19,013,2015
"Dallas County, Iowa",80133,79583,38470,11134,1989,9145,23374,1489,21885,3962,533,3429,41113,12024,2093,9931,24371,2155,22216,4718,366,4352,19,049,2015
"Dubuque County, Iowa",97125,95827,47461,11321,2441,8880,29344,2603,26741,6796,485,6311,48366,10988,2568,8420,28759,3431,25328,8619,1012,7607,19,061,2015
"Johnson County, Iowa",144251,142636,69479,14183,3234,10949,48708,3299,45409,6588,695,5893,73157,15024,3489,11535,50508,5623,44885,7625,795,6830,19,103,2015
"Linn County, Iowa",219916,218043,107311,26563,9261,17302,67167,7162,60005,13581,1262,12319,110732,25345,8790,16555,68014,10851,57163,17373,1687,15686,19,113,2015
"Polk County, Iowa",467711,463068,227450,60169,22602,37567,143839,16771,127068,23442,2073,21369,235618,57386,20852,36534,147430,24291,123139,30802,4089,26713,19,153,2015
"Pottawattamie County, Iowa",93671,92535,45368,10698,4964,5734,28263,3772,24491,6407,422,5985,47167,11091,4746,6345,28022,5853,22169,8054,976,7078,19,155,2015
"Scott County, Iowa",172126,170615,84317,21660,6546,15114,51660,6042,45618,10997,1196,9801,86298,19396,6977,12419,53016,9808,43208,13886,1938,11948,19,163,2015
"Story County, Iowa",96021,95242,49143,7969,1722,6247,36920,2460,34460,4254,281,3973,46099,8236,2283,5953,32399,3098,29301,5464,301,5163,19,169,2015
"Woodbury County, Iowa",102782,101786,48728,12458,5712,6746,30208,4515,25693,6062,861,5201,53058,14367,5770,8597,31173,4956,26217,7518,1543,5975,19,193,2015
"Butler County, Kansas",66741,64363,31482,8993,2064,6929,18708,879,17829,3781,133,3648,32881,8240,1660,6580,19520,1301,18219,5121,280,4841,20,015,2015
"Douglas County, Kansas",118053,117235,57626,10670,2543,8127,41548,2631,38917,5408,523,4885,59609,11545,2647,8898,40853,3647,37206,7211,741,6470,20,045,2015
"Johnson County, Kansas",580159,576249,282814,74695,11672,63023,175567,5894,169673,32552,935,31617,293435,70756,12696,58060,181434,8349,173085,41245,3989,37256,20,091,2015
"Leavenworth County, Kansas",79315,72561,35581,9317,3020,6297,21596,1201,20395,4668,125,4543,36980,9466,2711,6755,21571,1035,20536,5943,220,5723,20,103,2015
"Riley County, Kansas",75247,68577,32977,5727,1213,4514,24791,1369,23422,2459,62,2397,35600,7170,1531,5639,25180,1226,23954,3250,271,2979,20,161,2015
"Sedgwick County, Kansas",511574,505264,249890,68789,24112,44677,151880,12204,139676,29221,2275,26946,255374,65454,23122,42332,154041,13595,140446,35879,5103,30776,20,173,2015
"Shawnee County, Kansas",178725,175302,84874,21611,7499,14112,50904,5521,45383,12359,1529,10830,90428,21438,6978,14460,52788,6421,46367,16202,1766,14436,20,177,2015
"Wyandotte County, Kansas",163369,162044,80008,23365,15411,7954,49152,4096,45056,7491,864,6627,82036,22269,13031,9238,49409,7720,41689,10358,1334,9024,20,209,2015
"Boone County, Kentucky",127712,126804,62233,17298,3410,13888,38626,3700,34926,6309,228,6081,64571,17531,3651,13880,39306,4115,35191,7734,1073,6661,21,015,2015
"Bullitt County, Kentucky",78702,78183,37971,9543,2305,7238,23584,3526,20058,4844,266,4578,40212,8667,2671,5996,25567,4635,20932,5978,926,5052,21,029,2015
"Campbell County, Kentucky",92066,90373,44277,10295,2423,7872,28525,3644,24881,5457,842,4615,46096,9342,3649,5693,29547,4616,24931,7207,1008,6199,21,037,2015
"Christian County, Kentucky",73309,63761,29223,10219,4543,5676,15551,3770,11781,3453,302,3151,34538,9962,3844,6118,20015,6645,13370,4561,496,4065,21,047,2015
"Daviess County, Kentucky",99259,97388,46529,12189,4448,7741,27649,4072,23577,6691,472,6219,50859,11891,5324,6567,30005,5606,24399,8963,1047,7916,21,059,2015
"Fayette County, Kentucky",314488,309488,150619,33282,12719,20563,101350,12525,88825,15987,1767,14220,158869,32653,13375,19278,105416,18735,86681,20800,2367,18433,21,067,2015
"Hardin County, Kentucky",106439,102105,49758,13401,4847,8554,30491,5276,25215,5866,559,5307,52347,13084,5299,7785,31857,6415,25442,7406,1204,6202,21,093,2015
"Jefferson County, Kentucky",763623,756482,365526,87950,34768,53182,230903,39552,191351,46673,5345,41328,390956,83229,32084,51145,244532,51526,193006,63195,9324,53871,21,111,2015
"Kenton County, Kentucky",165012,163469,80897,20694,7837,12857,50834,7369,43465,9369,759,8610,82572,19287,6749,12538,51586,8977,42609,11699,1570,10129,21,117,2015
"McCracken County, Kentucky",65018,63753,30685,7444,2145,5299,18339,2937,15402,4902,868,4034,33068,6544,1809,4735,20026,4624,15402,6498,851,5647,21,145,2015
"Madison County, Kentucky",87824,86956,41975,9596,2433,7163,27483,3657,23826,4896,727,4169,44981,9021,3074,5947,29753,6314,23439,6207,1058,5149,21,151,2015
"Pike County, Kentucky",61792,61039,29590,6495,3988,2507,18648,5937,12711,4447,1305,3142,31449,6313,3727,2586,19325,7734,11591,5811,1685,4126,21,195,2015
"Warren County, Kentucky",122851,121621,58494,13253,6007,7246,38841,6424,32417,6400,828,5572,63127,14308,7669,6639,40752,10014,30738,8067,1883,6184,21,227,2015
"Ascension Parish, Louisiana",119455,118671,57709,16661,4884,11777,35557,2325,33232,5491,501,4990,60962,16246,4303,11943,38095,3910,34185,6621,1222,5399,22,005,2015
"Bossier Parish, Louisiana",125175,119348,57306,16728,5089,11639,34106,2449,31657,6472,408,6064,62042,14644,4534,10110,38363,4143,34220,9035,1297,7738,22,015,2015
"Caddo Parish, Louisiana",251460,246894,116069,31104,18589,12515,69601,10561,59040,15364,1430,13934,130825,30351,18998,11353,79435,14816,64619,21039,3440,17599,22,017,2015
"Calcasieu Parish, Louisiana",198788,196063,95534,25337,13303,12034,57849,5587,52262,12348,1619,10729,100529,23689,14323,9366,61596,8694,52902,15244,1726,13518,22,019,2015
"East Baton Rouge Parish, Louisiana",446753,443734,212599,52042,21979,30063,137049,10114,126935,23508,2899,20609,231135,49480,22738,26742,148446,19617,128829,33209,4469,28740,22,033,2015
"Iberia Parish, Louisiana",74103,73312,35593,10125,6688,3437,21038,1716,19322,4430,405,4025,37719,9534,6053,3481,22678,3891,18787,5507,1251,4256,22,045,2015
"Jefferson Parish, Louisiana",436275,432623,209756,48426,21535,26891,133077,11305,121772,28253,5229,23024,222867,46301,23143,23158,138554,19479,119075,38012,7521,30491,22,051,2015
"Lafayette Parish, Louisiana",240098,237855,116169,29527,11133,18394,74964,6160,68804,11678,1621,10057,121686,28330,11322,17008,78367,6766,71601,14989,2394,12595,22,055,2015
"Lafourche Parish, Louisiana",98325,97549,47701,11748,4817,6931,30118,2732,27386,5835,654,5181,49848,11485,4948,6537,30786,4390,26396,7577,1273,6304,22,057,2015
"Livingston Parish, Louisiana",137788,136856,65047,17663,7454,10209,40031,3731,36300,7353,877,6476,71809,19045,7749,11296,43672,5727,37945,9092,1599,7493,22,063,2015
"Orleans Parish, Louisiana",389617,384964,182047,39941,23065,16876,122181,18898,103283,19925,4600,15325,202917,39398,22543,16855,136016,27117,108899,27503,7201,20302,22,071,2015
"Ouachita Parish, Louisiana",156761,153147,71544,19658,11698,7960,43066,5433,37633,8820,1020,7800,81603,19828,10439,9389,49770,10330,39440,12005,2111,9894,22,073,2015
"Rapides Parish, Louisiana",132141,129381,61421,16721,9476,7245,36655,3630,33025,8045,1236,6809,67960,16160,9729,6431,40485,8153,32332,11315,2343,8972,22,079,2015
"St. Landry Parish, Louisiana",83848,82786,39983,11710,4622,7088,22858,2342,20516,5415,561,4854,42803,10906,4189,6717,25324,3092,22232,6573,1263,5310,22,097,2015
"St. Tammany Parish, Louisiana",250088,247529,119581,31027,13238,17789,71362,6594,64768,17192,2241,14951,127948,29749,13439,16310,77342,9092,68250,20857,3004,17853,22,103,2015
"Tangipahoa Parish, Louisiana",128755,128060,62389,16405,10746,5659,38674,5491,33183,7310,899,6411,65671,15761,8818,6943,41135,6568,34567,8775,2096,6679,22,105,2015
"Terrebonne Parish, Louisiana",113972,112565,55538,16114,6783,9331,33340,3505,29835,6084,405,5679,57027,14023,4643,9380,35214,6096,29118,7790,1323,6467,22,109,2015
"Androscoggin County, Maine",107233,106151,51895,12061,5173,6888,32323,5233,27090,7511,1424,6087,54256,11373,3972,7401,33834,7072,26762,9049,2616,6433,23,001,2015
"Aroostook County, Maine",68628,67603,33892,6464,3266,3198,20854,4617,16237,6574,1567,5007,33711,5866,2873,2993,20136,5157,14979,7709,2580,5129,23,003,2015
"Cumberland County, Maine",289977,286532,138246,28095,8098,19997,89283,7451,81832,20868,2304,18564,148286,27599,5009,22590,93887,11011,82876,26800,3780,23020,23,005,2015
"Kennebec County, Maine",119980,118573,57472,12472,5392,7080,35966,5352,30614,9034,1793,7241,61101,11465,3807,7658,37990,6850,31140,11646,2385,9261,23,011,2015
"Penobscot County, Maine",152692,151072,74332,14749,6178,8571,48283,7227,41056,11300,1273,10027,76740,13471,5177,8294,49440,12418,37022,13829,2707,11122,23,019,2015
"York County, Maine",201169,199209,97022,19909,6430,13479,60382,7050,53332,16731,1950,14781,102187,19033,7209,11824,63351,7281,56070,19803,3259,16544,23,031,2015
"Allegany County, Maryland",72528,67040,33098,6366,3118,3248,20703,4377,16326,6029,687,5342,33942,5984,3339,2645,20739,5185,15554,7219,1080,6139,24,001,2015
"Anne Arundel County, Maryland",564195,540978,261758,64478,14663,49815,163725,12374,151351,33555,2845,30710,279220,62357,14156,48201,175171,21674,153497,41692,3549,38143,24,003,2015
"Baltimore County, Maryland",831128,823528,390087,90842,28262,62580,244953,29435,215518,54292,5725,48567,433441,88091,30844,57247,270479,40917,229562,74871,8380,66491,24,005,2015
"Calvert County, Maryland",90595,89189,44031,10906,1401,9505,27883,2191,25692,5242,117,5125,45158,10314,1820,8494,29073,2041,27032,5771,782,4989,24,009,2015
"Carroll County, Maryland",167627,165478,80520,18619,3534,15085,50744,4307,46437,11157,362,10795,84958,18355,3978,14377,52247,5836,46411,14356,1110,13246,24,013,2015
"Cecil County, Maryland",102382,101260,50375,12430,4252,8178,31317,2766,28551,6628,522,6106,50885,11380,4203,7177,32127,4838,27289,7378,364,7014,24,015,2015
"Charles County, Maryland",156118,152853,72693,19434,4713,14721,45483,3454,42029,7776,802,6974,80160,18869,4334,14535,51502,6097,45405,9789,745,9044,24,017,2015
"Frederick County, Maryland",245322,243082,119518,29211,7359,21852,76102,6378,69724,14205,930,13275,123564,28655,6519,22136,77544,7747,69797,17365,1677,15688,24,021,2015
"Harford County, Maryland",250290,246594,121734,30623,7599,23024,74662,9043,65619,16449,1669,14780,124860,25965,8256,17709,78201,11177,67024,20694,2680,18014,24,025,2015
"Howard County, Maryland",313414,309888,150423,39448,7000,32448,93747,6517,87230,17228,1579,15649,159465,37288,4552,32736,100616,8138,92478,21561,2715,18846,24,027,2015
"Montgomery County, Maryland",1040116,1031729,497517,123859,33663,90196,311439,21730,289709,62219,5764,56455,534212,119489,32184,87305,334017,33602,300415,80706,11143,69563,24,031,2015
"Prince George's County, Maryland",909535,903155,434363,104381,45166,59215,286028,32136,253892,43954,4285,39669,468792,99835,47295,52540,307802,48434,259368,61155,8547,52608,24,033,2015
"St. Mary's County, Maryland",111413,108446,52867,13804,3178,10626,33547,3330,30217,5516,702,4814,55579,13705,3981,9724,34730,5625,29105,7144,1242,5902,24,037,2015
"Washington County, Maryland",149585,141052,68079,16339,7121,9218,41768,6285,35483,9972,1191,8781,72973,16714,7199,9515,43142,9120,34022,13117,1686,11431,24,043,2015
"Wicomico County, Maryland",102370,100790,47995,11686,5899,5787,29748,4234,25514,6561,260,6301,52795,10707,5332,5375,34101,7163,26938,7987,1244,6743,24,045,2015
"Baltimore city, Maryland",621849,612923,288038,67522,39676,27846,190185,47904,142281,30331,5109,25222,324885,63599,35852,27747,216959,64254,152705,44327,9881,34446,24,510,2015
"Barnstable County, Massachusetts",214333,211994,100444,16680,6329,10351,57581,14763,42818,26183,2156,24027,111550,17214,6577,10637,61350,16156,45194,32986,2690,30296,25,001,2015
"Berkshire County, Massachusetts",127828,125580,61062,11432,5056,6376,37710,9269,28441,11920,1533,10387,64518,10611,4131,6480,39658,10852,28806,14249,2603,11646,25,003,2015
"Bristol County, Massachusetts",556772,550396,268536,60434,25494,34940,171157,42388,128769,36945,5524,31421,281860,55959,21916,34043,178098,50335,127763,47803,8957,38846,25,005,2015
"Essex County, Massachusetts",776043,768509,370894,86548,34079,52469,232479,54693,177786,51867,8549,43318,397615,82347,34103,48244,247652,68181,179471,67616,13019,54597,25,009,2015
"Franklin County, Massachusetts",70601,69736,33940,6282,1831,4451,21786,5133,16653,5872,969,4903,35796,6190,2101,4089,22710,5881,16829,6896,1044,5852,25,011,2015
"Hampden County, Massachusetts",470690,465765,225318,53878,29595,24283,141452,38634,102818,29988,5496,24492,240447,50888,29627,21261,149996,53677,96319,39563,8921,30642,25,013,2015
"Hampshire County, Massachusetts",161292,159916,74834,12489,3768,8721,51894,10899,40995,10451,1687,8764,85082,11908,3250,8658,59958,10358,49600,13216,1316,11900,25,015,2015
"Middlesex County, Massachusetts",1585139,1569217,763762,164047,37416,126631,504634,70383,434251,95081,12086,82995,805455,158273,37189,121084,523240,83232,440008,123942,20681,103261,25,017,2015
"Norfolk County, Massachusetts",696023,687741,328600,75362,13811,61551,207745,27768,179977,45493,4577,40916,359141,73867,13250,60617,224346,32250,192096,60928,8164,52764,25,021,2015
"Plymouth County, Massachusetts",510393,503861,244377,58206,19286,38920,150075,27894,122181,36096,4557,31539,259484,54528,17683,36845,158468,37752,120716,46488,7627,38861,25,023,2015
"Suffolk County, Massachusetts",778121,771368,372750,67832,37370,30462,269994,62141,207853,34924,10626,24298,398618,65787,36484,29303,284317,81299,203018,48514,16636,31878,25,025,2015
"Worcester County, Massachusetts",818963,806009,394378,90798,32325,58473,253423,52765,200658,50157,7531,42626,411631,86770,31154,55616,261264,65372,195892,63597,11266,52331,25,027,2015
"Allegan County, Michigan",114625,113883,57427,15083,6034,9049,34001,3675,30326,8343,684,7659,56456,13615,5651,7964,33824,5520,28304,9017,522,8495,26,005,2015
"Bay County, Michigan",105659,104734,51392,11212,4486,6726,31957,7013,24944,8223,970,7253,53342,10933,4085,6848,31644,6753,24891,10765,1719,9046,26,017,2015
"Berrien County, Michigan",154636,153471,75093,17301,7285,10016,45777,8019,37758,12015,900,11115,78378,17193,7928,9265,45986,11006,34980,15199,1688,13511,26,021,2015
"Calhoun County, Michigan",134314,132771,64258,15734,6708,9026,39160,8046,31114,9364,1081,8283,68513,15296,6651,8645,40886,10575,30311,12331,1981,10350,26,025,2015
"Clinton County, Michigan",77390,76824,37480,8718,2288,6430,23146,2143,21003,5616,249,5367,39344,8708,2653,6055,24299,3084,21215,6337,314,6023,26,037,2015
"Eaton County, Michigan",108801,108158,52765,12010,4215,7795,32456,3834,28622,8299,665,7634,55393,11298,4269,7029,34078,5702,28376,10017,1476,8541,26,045,2015
"Genesee County, Michigan",410849,408644,196798,48887,25002,23885,119618,30927,88691,28293,2824,25469,211846,46457,23377,23080,128819,38460,90359,36570,4505,32065,26,049,2015
"Grand Traverse County, Michigan",91636,89698,44178,9687,2379,7308,27655,3572,24083,6836,325,6511,45520,8971,2407,6564,27813,4115,23698,8736,1163,7573,26,055,2015
"Ingham County, Michigan",286085,284355,138026,29156,11495,17661,93986,12657,81329,14884,1741,13143,146329,28344,9449,18895,98783,17228,81555,19202,2907,16295,26,065,2015
"Isabella County, Michigan",70698,70155,33911,6034,2112,3922,24298,4331,19967,3579,509,3070,36244,6042,2295,3747,25787,3964,21823,4415,801,3614,26,073,2015
"Jackson County, Michigan",159494,151155,73735,18066,8834,9232,44543,10053,34490,11126,889,10237,77420,16972,7742,9230,46254,11176,35078,14194,1658,12536,26,075,2015
"Kalamazoo County, Michigan",260263,258003,126289,28857,9826,19031,82105,10531,71574,15327,1697,13630,131714,28192,9408,18784,83612,12864,70748,19910,1762,18148,26,077,2015
"Kent County, Michigan",636369,632337,310610,80810,30285,50525,196545,25564,170981,33255,3621,29634,321727,77492,28333,49159,200471,32394,168077,43764,5671,38093,26,081,2015
"Lapeer County, Michigan",88373,86822,42765,9134,3308,5826,26949,3780,23169,6682,372,6310,44057,9935,3660,6275,26820,4251,22569,7302,614,6688,26,087,2015
"Lenawee County, Michigan",98573,95394,46638,10911,5188,5723,28452,3748,24704,7275,586,6689,48756,10241,5272,4969,29200,6640,22560,9315,649,8666,26,091,2015
"Livingston County, Michigan",187316,186500,93409,21564,6301,15263,58627,4780,53847,13218,559,12659,93091,20379,4703,15676,57546,6725,50821,15166,667,14499,26,093,2015
"Macomb County, Michigan",864840,858009,416277,95807,32187,63620,263444,36140,227304,57026,6033,50993,441732,91531,31181,60350,273084,49939,223145,77117,9872,67245,26,099,2015
"Marquette County, Michigan",67215,65039,32272,6114,2223,3891,21130,4002,17128,5028,349,4679,32767,5791,1717,4074,20999,3851,17148,5977,416,5561,26,103,2015
"Midland County, Michigan",83632,83015,41444,9670,3793,5877,25516,4223,21293,6258,798,5460,41571,8834,2612,6222,25229,4733,20496,7508,377,7131,26,111,2015
"Monroe County, Michigan",149568,148672,73406,16972,4629,12343,45713,6302,39411,10721,1006,9715,75266,16045,3902,12143,46316,7446,38870,12905,1280,11625,26,115,2015
"Muskegon County, Michigan",172790,167929,81745,20219,8510,11709,49882,10937,38945,11644,1321,10323,86184,20290,9303,10987,51795,13561,38234,14099,1836,12263,26,121,2015
"Oakland County, Michigan",1242304,1236141,601695,138496,33478,105018,380450,38400,342050,82749,7636,75113,634446,131924,30867,101057,396039,50824,345215,106483,13688,92795,26,125,2015
"Ottawa County, Michigan",279955,278578,137060,35864,10530,25334,84274,5969,78305,16922,1137,15785,141518,33596,8484,25112,87169,10083,77086,20753,1979,18774,26,139,2015
"Saginaw County, Michigan",193307,189942,91209,21076,9455,11621,55499,13632,41867,14634,1910,12724,98733,20507,10197,10310,59693,14990,44703,18533,2602,15931,26,145,2015
"St. Clair County, Michigan",159875,158679,78710,17876,6215,11661,48257,6624,41633,12577,1507,11070,79969,16741,5986,10755,48958,10440,38518,14270,2001,12269,26,147,2015
"Shiawassee County, Michigan",68619,68192,33882,7744,2016,5728,21021,2771,18250,5117,703,4414,34310,7441,2374,5067,20772,3595,17177,6097,652,5445,26,155,2015
"Van Buren County, Michigan",75077,74655,36352,8628,3846,4782,22019,4490,17529,5705,606,5099,38303,9198,4445,4753,22361,5282,17079,6744,603,6141,26,159,2015
"Washtenaw County, Michigan",358880,353447,174776,35284,8729,26555,119706,11881,107825,19786,1629,18157,178671,34067,8450,25617,120124,13512,106612,24480,2503,21977,26,161,2015
"Wayne County, Michigan",1759335,1747058,839221,215141,116919,98222,522201,134897,387304,101879,16769,85110,907837,207297,115383,91914,560390,177964,382426,140150,25348,114802,26,163,2015
"Anoka County, Minnesota",344151,341864,170889,43123,12423,30700,108517,12290,96227,19249,1700,17549,170975,40198,10098,30100,107960,15066,92894,22817,2555,20262,27,003,2015
"Blue Earth County, Minnesota",65787,65183,32741,6335,1187,5148,22723,2718,20005,3683,213,3470,32442,6284,1825,4459,21784,3214,18570,4374,260,4114,27,013,2015
"Carver County, Minnesota",98741,98469,48113,13585,1806,11779,29910,2228,27682,4618,361,4257,50356,13628,1787,11841,31226,3161,28065,5502,861,4641,27,019,2015
"Dakota County, Minnesota",414686,412819,202665,52726,12708,40018,127069,12153,114916,22870,1647,21223,210154,50085,11767,38318,131366,16404,114962,28703,3225,25478,27,037,2015
"Hennepin County, Minnesota",1223149,1214371,599257,138066,44829,93237,395427,51978,343449,65764,7142,58622,615114,133077,43491,89586,396455,64467,331988,85582,10839,74743,27,053,2015
"Olmsted County, Minnesota",151436,149572,73001,19228,5367,13861,44649,5238,39411,9124,487,8637,76571,18149,4015,14134,46751,7430,39321,11671,1555,10116,27,109,2015
"Ramsey County, Minnesota",538133,533926,260048,64288,28951,35337,166499,31994,134505,29261,3231,26030,273878,61362,27457,33905,173214,38351,134863,39302,4806,34496,27,123,2015
"Rice County, Minnesota",65400,62829,31148,7880,2529,5351,19217,1820,17397,4051,447,3604,31681,6588,1547,5041,20254,2942,17312,4839,1122,3717,27,131,2015
"St. Louis County, Minnesota",200431,197280,98969,19656,7672,11984,63321,10975,52346,15992,1561,14431,98311,18514,6597,11917,61579,13132,48447,18218,1611,16607,27,137,2015
"Scott County, Minnesota",141660,139986,70253,20245,3735,16510,44198,3029,41169,5810,856,4954,69733,20066,2713,17353,42765,4396,38369,6902,975,5927,27,139,2015
"Sherburne County, Minnesota",91705,89716,45492,13584,2822,10762,27549,2472,25077,4359,272,4087,44224,11798,2518,9280,27670,4567,23103,4756,379,4377,27,141,2015
"Stearns County, Minnesota",154708,153565,76906,17820,6958,10862,49824,7135,42689,9262,861,8401,76659,17473,6380,11093,48394,10012,38382,10792,1039,9753,27,145,2015
"Washington County, Minnesota",251597,248454,121729,31982,6394,25588,74749,6247,68502,14998,620,14378,126725,30385,2810,27575,78582,7996,70586,17758,543,17215,27,163,2015
"Wright County, Minnesota",131311,130572,65652,19017,4921,14096,39580,3379,36201,7055,426,6629,64920,18402,3956,14446,38988,5733,33255,7530,412,7118,27,171,2015
"DeSoto County, Mississippi",173323,172513,82701,22605,6301,16304,51102,4009,47093,8994,1379,7615,89812,23168,5282,17886,54978,5268,49710,11666,1571,10095,28,033,2015
"Forrest County, Mississippi",75944,75314,34719,8016,5331,2685,22688,3522,19166,4015,413,3602,40595,9635,6042,3593,25341,4430,20911,5619,1174,4445,28,035,2015
"Harrison County, Mississippi",201410,192761,91920,23924,12153,11771,55740,5702,50038,12256,1391,10865,100841,24958,13224,11734,60805,9383,51422,15078,1366,13712,28,047,2015
"Hinds County, Mississippi",242891,240377,111691,30847,20359,10488,68703,10197,58506,12141,1620,10521,128686,29329,18583,10746,81924,15672,66252,17433,4952,12481,28,049,2015
"Jackson County, Mississippi",141425,140128,69221,17895,7470,10425,41824,4680,37144,9502,511,8991,70907,16304,6820,9484,43778,6978,36800,10825,1636,9189,28,059,2015
"Jones County, Mississippi",68215,67475,32662,8881,6434,2447,19322,3887,15435,4459,313,4146,34813,8548,6362,2186,20565,4819,15746,5700,1418,4282,28,067,2015
"Lauderdale County, Mississippi",78524,75637,35635,9250,3914,5336,21415,1822,19593,4970,788,4182,40002,9135,4790,4345,24020,3893,20127,6847,1353,5494,28,075,2015
"Lee County, Mississippi",85300,84493,40233,11160,6283,4877,24024,3067,20957,5049,1095,3954,44260,10730,5560,5170,26540,3571,22969,6990,1531,5459,28,081,2015
"Madison County, Mississippi",103465,102480,48986,13072,4261,8811,30222,2119,28103,5692,434,5258,53494,12703,3924,8779,33397,3227,30170,7394,1293,6101,28,089,2015
"Rankin County, Mississippi",149039,143836,68778,18373,5767,12606,41727,2360,39367,8678,1358,7320,75058,17893,5598,12295,46006,4004,42002,11159,2055,9104,28,121,2015
"Boone County, Missouri",174974,173722,83965,18532,3604,14928,57777,2725,55052,7656,163,7493,89757,17177,2672,14505,62555,3617,58938,10025,670,9355,29,019,2015
"Buchanan County, Missouri",89100,86149,41660,9442,4764,4678,26540,2928,23612,5678,790,4888,44489,10841,4687,6154,26361,3707,22654,7287,980,6307,29,021,2015
"Cape Girardeau County, Missouri",78572,77433,36963,7867,2728,5139,23671,1364,22307,5425,372,5053,40470,9247,2386,6861,24644,1828,22816,6579,722,5857,29,031,2015
"Cass County, Missouri",101603,100820,48745,12822,2780,10042,29364,1235,28129,6559,329,6230,52075,12678,4748,7930,30740,2710,28030,8657,536,8121,29,037,2015
"Christian County, Missouri",83279,82858,40478,11598,3691,7907,23451,1717,21734,5429,280,5149,42380,10398,4222,6176,25531,3736,21795,6451,654,5797,29,043,2015
"Clay County, Missouri",235637,234221,114339,29165,6318,22847,72039,3537,68502,13135,749,12386,119882,28427,7251,21176,74645,5167,69478,16810,1534,15276,29,047,2015
"Cole County, Missouri",76720,72692,35212,8965,2270,6695,21536,1028,20508,4711,90,4621,37480,8539,2069,6470,22911,2137,20774,6030,377,5653,29,051,2015
"Franklin County, Missouri",102426,101652,51012,12680,4567,8113,31136,1567,29569,7196,524,6672,50640,11210,3531,7679,30265,3181,27084,9165,722,8443,29,071,2015
"Greene County, Missouri",288072,284179,136771,29772,8841,20931,88427,6169,82258,18572,892,17680,147408,30200,9092,21108,92262,6845,85417,24946,2259,22687,29,077,2015
"Jackson County, Missouri",687623,680565,328016,83318,31781,51537,206260,14543,191717,38438,4369,34069,352549,81298,29009,52289,218552,25494,193058,52699,6326,46373,29,095,2015
"Jasper County, Missouri",118596,117584,57678,15818,5977,9841,35108,2505,32603,6752,489,6263,59906,14420,4084,10336,36252,3331,32921,9234,1172,8062,29,097,2015
"Jefferson County, Missouri",224124,222594,110374,27645,8678,18967,68955,4194,64761,13774,691,13083,112220,26017,8481,17536,69992,5698,64294,16211,980,15231,29,099,2015
"Platte County, Missouri",96096,95229,47006,12102,1887,10215,29505,843,28662,5399,60,5339,48223,11029,2136,8893,30149,1894,28255,7045,97,6948,29,165,2015
"St. Charles County, Missouri",385590,383828,189161,47413,5941,41472,119185,3453,115732,22563,622,21941,194667,45149,7210,37939,120852,6023,114829,28666,928,27738,29,183,2015
"St. Francois County, Missouri",66520,59891,29769,6943,3341,3602,18589,2857,15732,4237,231,4006,30122,6790,3358,3432,17876,2803,15073,5456,124,5332,29,187,2015
"St. Louis County, Missouri",1003362,991554,469881,113151,28670,84481,289172,15541,273631,67558,3556,64002,521673,109156,29790,79366,318750,28079,290671,93767,7248,86519,29,189,2015
"St. Louis city, Missouri",315685,311156,150145,32771,17071,15700,102770,13666,89104,14604,3052,11552,161011,30509,15592,14917,109875,18145,91730,20627,5246,15381,29,510,2015
"Cascade County, Montana",82278,78485,38523,9453,3836,5617,22678,2036,20642,6392,781,5611,39962,8743,3084,5659,23198,2694,20504,8021,891,7130,30,013,2015
"Flathead County, Montana",96165,95597,47477,11003,3399,7604,28175,3200,24975,8299,281,8018,48120,10859,3823,7036,28566,3388,25178,8695,855,7840,30,029,2015
"Gallatin County, Montana",100739,100462,51443,9689,1360,8329,36225,979,35246,5529,204,5325,49019,10241,2106,8135,32969,1427,31542,5809,152,5657,30,031,2015
"Lewis and Clark County, Montana",66418,65782,32393,7284,2487,4797,19989,1974,18015,5120,284,4836,33389,6931,1923,5008,20741,2142,18599,5717,708,5009,30,049,2015
"Missoula County, Montana",114181,113542,56192,11111,4580,6531,37532,3253,34279,7549,341,7208,57350,10990,4144,6846,38266,3591,34675,8094,906,7188,30,063,2015
"Yellowstone County, Montana",157048,154689,76001,18463,6387,12076,46676,3626,43050,10862,859,10003,78688,18163,6266,11897,47444,3933,43511,13081,1047,12034,30,111,2015
"Douglas County, Nebraska",550064,543086,266419,72048,24293,47755,167059,10927,156132,27312,1543,25769,276667,69530,24502,45028,171635,14836,156799,35502,4451,31051,31,055,2015
"Lancaster County, Nebraska",306468,301969,148973,34624,8063,26561,97772,4776,92996,16577,1012,15565,152996,35870,10743,25127,96316,8454,87862,20810,2033,18777,31,109,2015
"Sarpy County, Nebraska",175692,171089,85006,26149,5475,20674,50915,1654,49261,7942,267,7675,86083,23036,3284,19752,52984,2404,50580,10063,735,9328,31,153,2015
"Clark County, Nevada",2114801,2091396,1037510,253141,92718,160423,649913,76686,573227,134456,14653,119803,1053886,244803,85190,159613,656393,104483,551910,152690,19642,133048,32,003,2015
"Washoe County, Nevada",446903,444253,223086,50925,17535,33390,140163,17383,122780,31998,2987,29011,221167,48195,17460,30735,138105,22405,115700,34867,4377,30490,32,031,2015
"Cheshire County, New Hampshire",75909,75210,36533,6997,1866,5131,23356,2209,21147,6180,298,5882,38677,6833,2147,4686,24554,3117,21437,7290,375,6915,33,005,2015
"Grafton County, New Hampshire",89320,88490,43730,7904,3514,4390,28245,1625,26620,7581,410,7171,44760,7133,2405,4728,28830,3223,25607,8797,865,7932,33,009,2015
"Hillsborough County, New Hampshire",406678,402546,199905,43870,11905,31965,130814,9498,121316,25221,1526,23695,202641,42853,10834,32019,129028,14108,114920,30760,2517,28243,33,011,2015
"Merrimack County, New Hampshire",147994,144878,70886,14833,5753,9080,45540,4403,41137,10513,1106,9407,73992,13931,4192,9739,47305,5516,41789,12756,845,11911,33,013,2015
"Rockingham County, New Hampshire",301777,299171,147864,31417,6578,24839,95416,3851,91565,21031,1231,19800,151307,29051,4814,24237,96946,5995,90951,25310,1080,24230,33,015,2015
"Strafford County, New Hampshire",126825,125692,60993,12285,3877,8408,40919,3084,37835,7789,243,7546,64699,11813,3566,8247,43525,5126,38399,9361,1066,8295,33,017,2015
"Atlantic County, New Jersey",274219,271263,130063,30283,14881,15402,80844,12707,68137,18936,1886,17050,141200,29786,12046,17740,86983,17687,69296,24431,3107,21324,34,001,2015
"Bergen County, New Jersey",938506,932626,452427,102582,17916,84666,285381,20265,265116,64464,4569,59895,480199,98581,16324,82257,297678,27336,270342,83940,9720,74220,34,003,2015
"Burlington County, New Jersey",450226,434898,208994,48408,10660,37748,130646,13889,116757,29940,2851,27089,225904,47127,12341,34786,139253,17793,121460,39524,3651,35873,34,005,2015
"Camden County, New Jersey",510923,504967,242748,60303,23278,37025,152247,21355,130892,30198,3607,26591,262219,57654,20365,37289,162665,30864,131801,41900,6090,35810,34,007,2015
"Cape May County, New Jersey",94727,92405,44968,8786,2755,6031,25946,3342,22604,10236,963,9273,47437,7876,2316,5560,26688,3980,22708,12873,975,11898,34,009,2015
"Cumberland County, New Jersey",155854,143821,69493,18886,10505,8381,42098,7952,34146,8509,1023,7486,74328,17606,9533,8073,44837,11026,33811,11885,2145,9740,34,011,2015
"Essex County, New Jersey",797434,785533,374467,96647,40893,55754,238496,34948,203548,39324,6576,32748,411066,94248,39877,54371,259257,55340,203917,57561,12089,45472,34,013,2015
"Gloucester County, New Jersey",291479,290326,141480,33593,7459,26134,89990,10035,79955,17897,2238,15659,148846,32291,6465,25826,93419,14369,79050,23136,2613,20523,34,015,2015
"Hudson County, New Jersey",674836,671228,333664,69706,35708,33998,234011,36377,197634,29947,7449,22498,337564,66545,33697,32848,229537,45338,184199,41482,11922,29560,34,017,2015
"Hunterdon County, New Jersey",125488,121872,59960,13341,2288,11053,37435,2863,34572,9184,506,8678,61912,12379,1518,10861,38699,3501,35198,10834,1172,9662,34,019,2015
"Mercer County, New Jersey",371398,365341,177726,40877,14573,26304,115258,14054,101204,21591,3333,18258,187615,39767,12411,27356,119283,17233,102050,28565,4025,24540,34,021,2015
"Middlesex County, New Jersey",840900,831493,406607,93930,24589,69341,264626,22637,241989,48051,5016,43035,424886,89754,23911,65843,271186,31571,239615,63946,9893,54053,34,023,2015
"Monmouth County, New Jersey",628715,624539,303839,69947,14773,55174,190858,15266,175592,43034,3729,39305,320700,68079,14475,53604,197129,19016,178113,55492,6953,48539,34,025,2015
"Morris County, New Jersey",499509,496158,243338,55966,9878,46088,153729,8935,144794,33643,2005,31638,252820,53392,6663,46729,156578,11387,145191,42850,3991,38859,34,027,2015
"Ocean County, New Jersey",588721,583615,281515,71581,28971,42610,156178,22624,133554,53756,2851,50905,302100,66648,29508,37140,162366,25172,137194,73086,5922,67164,34,029,2015
"Passaic County, New Jersey",510916,507279,248030,64104,33263,30841,155409,29705,125704,28517,4617,23900,259249,59411,30991,28420,161313,43751,117562,38525,9172,29353,34,031,2015
"Salem County, New Jersey",64180,62938,30521,6974,2804,4170,18606,2676,15930,4941,403,4538,32417,6915,2809,4106,19578,3589,15989,5924,717,5207,34,033,2015
"Somerset County, New Jersey",333654,330553,161293,38648,5943,32705,102568,5111,97457,20077,1712,18365,169260,37066,5772,31294,105873,6521,99352,26321,2593,23728,34,035,2015
"Sussex County, New Jersey",143673,142801,71178,15668,2865,12803,45244,4578,40666,10266,469,9797,71623,14466,2236,12230,45588,5038,40550,11569,976,10593,34,037,2015
"Union County, New Jersey",555786,550892,268659,67354,23289,44065,171931,18802,153129,29374,4049,25325,282233,64536,24757,39779,176515,26993,149522,41182,7114,34068,34,039,2015
"Warren County, New Jersey",106869,105867,51581,10426,2452,7974,33810,3903,29907,7345,368,6977,54286,11637,3078,8559,33386,3990,29396,9263,1064,8199,34,041,2015
"Bernalillo County, New Mexico",676685,669395,325917,77695,38416,39279,205011,44397,160614,43211,3981,39230,343478,75469,40876,34593,213538,52811,160727,54471,8363,46108,35,001,2015
"Chaves County, New Mexico",65764,64594,32433,9199,5782,3417,18646,4526,14120,4588,288,4300,32161,8168,5739,2429,18820,5723,13097,5173,526,4647,35,005,2015
"Doña Ana County, New Mexico",214295,210815,102415,27761,18669,9092,60327,14782,45545,14327,2341,11986,108400,26518,16645,9873,65715,24046,41669,16167,2730,13437,35,013,2015
"Lea County, New Mexico",71180,69180,34609,11034,5271,5763,20407,2758,17649,3168,343,2825,34571,10795,6429,4366,19325,5285,14040,4451,551,3900,35,025,2015
"McKinley County, New Mexico",76708,76360,36159,11616,7241,4375,21821,8723,13098,2722,1490,1232,40201,12038,8630,3408,23176,10968,12208,4987,2363,2624,35,031,2015
"Otero County, New Mexico",64362,59682,28669,7125,4333,2792,16478,5826,10652,5066,462,4604,31013,8137,5077,3060,17446,5611,11835,5430,1079,4351,35,035,2015
"Sandoval County, New Mexico",139394,138576,68386,17423,6423,11000,41038,6759,34279,9925,1082,8843,70190,16489,6699,9790,41927,7592,34335,11774,1809,9965,35,043,2015
"San Juan County, New Mexico",118737,117409,58152,15597,8055,7542,35054,6225,28829,7501,1482,6019,59257,15480,9445,6035,34883,9788,25095,8894,1637,7257,35,045,2015
"Santa Fe County, New Mexico",148686,146922,70661,14216,6768,7448,42214,6791,35423,14231,1216,13015,76261,14391,6515,7876,45062,8076,36986,16808,1592,15216,35,049,2015
"Valencia County, New Mexico",75737,74212,36881,9837,5540,4297,21492,5255,16237,5552,573,4979,37331,8687,4961,3726,22322,5932,16390,6322,686,5636,35,061,2015
"Albany County, New York",309381,305779,148920,30251,10808,19443,99027,14900,84127,19642,1801,17841,156859,27629,9083,18546,103080,16446,86634,26150,3540,22610,36,001,2015
"Bronx County, New York",1455444,1434184,674064,188134,131717,56417,424249,151300,272949,61681,22897,38784,760120,180086,127948,52138,483844,223849,259995,96190,42486,53704,36,005,2015
"Broome County, New York",196567,193760,95912,20143,9556,10587,61176,12254,48922,14593,1581,13012,97848,18109,7974,10135,60939,15110,45829,18800,2489,16311,36,007,2015
"Cattaraugus County, New York",77922,77144,37735,8446,3381,5065,23132,5982,17150,6157,622,5535,39409,8890,3874,5016,23531,6415,17116,6988,1107,5881,36,009,2015
"Cayuga County, New York",78288,74563,37608,8680,2941,5739,22972,3619,19353,5956,733,5223,36955,7354,2415,4939,22729,4071,18658,6872,1152,5720,36,011,2015
"Chautauqua County, New York",130779,128237,63655,14357,6510,7847,38798,7675,31123,10500,1220,9280,64582,12789,5367,7422,39020,10127,28893,12773,1539,11234,36,013,2015
"Chemung County, New York",87071,83812,39998,9116,3637,5479,24813,4086,20727,6069,600,5469,43814,9485,4559,4926,26391,6913,19478,7938,1014,6924,36,015,2015
"Clinton County, New York",81251,77004,37154,7448,3999,3449,23940,4721,19219,5766,814,4952,39850,6909,4298,2611,26102,7204,18898,6839,1463,5376,36,019,2015
"Dutchess County, New York",295754,288202,141322,29640,9537,20103,91173,13701,77472,20509,2035,18474,146880,28119,9573,18546,93464,15503,77961,25297,3062,22235,36,027,2015
"Erie County, New York",922578,911118,439787,96562,41054,55508,279190,49902,229288,64035,6970,57065,471331,92900,40802,52098,292610,67197,225413,85821,13187,72634,36,029,2015
"Jefferson County, New York",117635,105713,51730,15068,5099,9969,30024,6310,23714,6638,676,5962,53983,14193,4650,9543,31993,7520,24473,7797,821,6976,36,045,2015
"Kings County, New York",2636735,2625368,1243852,312152,178870,133282,801415,217967,583448,130285,44855,85430,1381516,299911,173611,126300,891121,276627,614494,190484,76491,113993,36,047,2015
"Livingston County, New York",64717,62175,30416,6390,2228,4162,19317,2661,16656,4709,400,4309,31759,6172,2384,3788,20220,4388,15832,5367,664,4703,36,051,2015
"Madison County, New York",71849,71322,35154,7283,2602,4681,22619,3811,18808,5252,249,5003,36168,7014,2659,4355,22982,4696,18286,6172,586,5586,36,053,2015
"Monroe County, New York",749600,742463,359340,81503,31064,50439,227630,40053,187577,50207,4729,45478,383123,77632,31271,46361,240930,55257,185673,64561,7811,56750,36,055,2015
"Nassau County, New York",1361350,1351425,655436,152630,28646,123984,407448,43521,363927,95358,8695,86663,695989,144639,28408,116231,424918,50055,374863,126432,16620,109812,36,059,2015
"New York County, New York",1644518,1634473,772654,121796,52409,69387,555602,90211,465391,95256,25194,70062,861819,118224,53513,64711,603975,124292,479683,139620,45944,93676,36,061,2015
"Niagara County, New York",212652,210526,101725,21636,8055,13581,64256,12965,51291,15833,2592,13241,108801,21479,10145,11334,66906,17406,49500,20416,4085,16331,36,063,2015
"Oneida County, New York",232500,225417,110598,25119,13082,12037,67988,16675,51313,17491,2223,15268,114819,24351,12505,11846,68752,18727,50025,21716,2111,19605,36,065,2015
"Onondaga County, New York",468463,463688,223862,51625,19698,31927,141261,22934,118327,30976,3614,27362,239826,50106,18210,31896,149999,28527,121472,39721,5302,34419,36,067,2015
"Ontario County, New York",109561,108675,53572,11700,4187,7513,33087,4480,28607,8785,473,8312,55103,10433,3374,7059,33820,5991,27829,10850,1620,9230,36,069,2015
"Orange County, New York",377647,368259,182039,49880,14217,35663,110945,17932,93013,21214,1942,19272,186220,46906,17534,29372,112786,19763,93023,26528,4392,22136,36,071,2015
"Oswego County, New York",120146,119371,59457,13277,7371,5906,38048,8327,29721,8132,809,7323,59914,12607,6523,6084,37958,10294,27664,9349,1373,7976,36,075,2015
"Putnam County, New York",99042,98390,49158,10411,2465,7946,32148,3922,28226,6599,403,6196,49232,10348,2061,8287,30799,3393,27406,8085,828,7257,36,079,2015
"Queens County, New York",2339150,2324250,1127928,243840,120017,123823,752706,158712,593994,131382,29113,102269,1196322,234221,114593,119628,779708,208239,571469,182393,49857,132536,36,081,2015
"Rensselaer County, New York",160266,158769,78676,16898,5868,11030,51247,6881,44366,10531,836,9695,80093,15392,4859,10533,51735,8034,43701,12966,1510,11456,36,083,2015
"Richmond County, New York",474558,470512,228103,53722,18083,35639,144595,22144,122451,29786,2509,27277,242409,50999,17041,33958,152221,28395,123826,39189,7522,31667,36,085,2015
"Rockland County, New York",326037,323643,158782,46203,21943,24260,92063,19677,72386,20516,2555,17961,164861,43869,21472,22397,93774,22117,71657,27218,4634,22584,36,087,2015
"St. Lawrence County, New York",111007,107059,52978,11650,4783,6867,34042,6496,27546,7286,1036,6250,54081,11037,4981,6056,33977,7652,26325,9067,2190,6877,36,089,2015
"Saratoga County, New York",226249,222806,109930,24567,5728,18839,68756,6595,62161,16607,1270,15337,112876,22995,4877,18118,70561,8809,61752,19320,1372,17948,36,091,2015
"Ellis County, Texas",163632,162341,79589,22335,5598,16737,48444,2765,45679,8810,671,8139,82752,21599,4478,17121,50515,3164,47351,10638,892,9746,48,139,2015
"El Paso County, Texas",835593,808873,387078,118954,61165,57789,228258,19689,208569,39866,10372,29494,421795,114034,55949,58085,251906,31757,220149,55855,18543,37312,48,141,2015
"Fort Bend County, Texas",716087,709909,346412,101419,22340,79079,212935,7202,205733,32058,3350,28708,363497,96934,20374,76560,228181,10479,217702,38382,7574,30808,48,157,2015
"Galveston County, Texas",322225,317031,156440,40920,13503,27417,96409,4805,91604,19111,2039,17072,160591,38381,10460,27921,100294,7793,92501,21916,2929,18987,48,167,2015
"Grayson County, Texas",125467,123908,60183,14839,5304,9535,36136,2492,33644,9208,407,8801,63725,15079,6907,8172,37416,3511,33905,11230,1166,10064,48,181,2015
"Gregg County, Texas",124108,121916,59593,16626,7254,9372,35912,2986,32926,7055,930,6125,62323,15416,6365,9051,37202,4313,32889,9705,1358,8347,48,183,2015
"Guadalupe County, Texas",151249,149452,73774,20309,6170,14139,44479,1919,42560,8986,1060,7926,75678,19068,6421,12647,46416,3657,42759,10194,1319,8875,48,187,2015
"Harris County, Texas",4538028,4517749,2243525,623272,286103,337169,1433579,104497,1329082,186674,24370,162304,2274224,600293,275161,325132,1439072,155274,1283798,234859,37288,197571,48,201,2015
"Harrison County, Texas",66746,65920,31689,8570,4677,3893,18860,1651,17209,4259,427,3832,34231,8186,3261,4925,19769,1715,18054,6276,1056,5220,48,203,2015
"Hays County, Texas",194739,192884,95575,23116,5273,17843,63569,1874,61695,8890,945,7945,97309,21793,5892,15901,64684,2856,61828,10832,1597,9235,48,209,2015
"Henderson County, Texas",79545,78566,37912,8670,4034,4636,21527,1825,19702,7715,536,7179,40654,8528,3604,4924,23475,3695,19780,8651,779,7872,48,213,2015
"Hidalgo County, Texas",842304,832982,402709,141852,92065,49787,221398,18415,202983,39459,11601,27858,430273,139278,87244,52034,242777,27336,215441,48218,17147,31071,48,215,2015
"Hunt County, Texas",89844,89069,43600,10794,3966,6828,26507,2272,24235,6299,416,5883,45469,10409,4556,5853,28047,3578,24469,7013,534,6479,48,231,2015
"Jefferson County, Texas",254308,240275,116987,30242,13504,16738,72576,5381,67195,14169,1198,12971,123288,30059,15236,14823,74355,7724,66631,18874,2070,16804,48,245,2015
"Johnson County, Texas",159990,157572,78332,21020,6307,14713,47739,3239,44500,9573,796,8777,79240,20520,7188,13332,47349,5067,42282,11371,1171,10200,48,251,2015
"Kaufman County, Texas",114690,113586,55441,15427,4598,10829,34229,3010,31219,5785,408,5377,58145,16096,5545,10551,34852,3525,31327,7197,591,6606,48,257,2015
"Liberty County, Texas",79654,73007,37864,10357,5073,5284,22630,1070,21560,4877,549,4328,35143,9660,4967,4693,20226,1866,18360,5257,606,4651,48,291,2015
"Lubbock County, Texas",299453,295389,144588,36075,15390,20685,93834,7133,86701,14679,1771,12908,150801,35913,17476,18437,94995,9640,85355,19893,2114,17779,48,303,2015
"McLennan County, Texas",245671,241534,117228,31059,14715,16344,72154,5412,66742,14015,1353,12662,124306,29567,12922,16645,77133,7875,69258,17606,2345,15261,48,309,2015
"Midland County, Texas",161077,159991,79777,22361,5656,16705,50583,1334,49249,6833,506,6327,80214,22383,5419,16964,49349,2723,46626,8482,1304,7178,48,329,2015
"Montgomery County, Texas",537559,534559,263617,72767,21067,51700,161809,6682,155127,29041,2582,26459,270942,70774,18657,52117,164355,9352,155003,35813,3620,32193,48,339,2015
"Nacogdoches County, Texas",65664,64902,30906,7876,2296,5580,19800,1714,18086,3230,105,3125,33996,7492,3098,4394,22036,1755,20281,4468,403,4065,48,347,2015
"Nueces County, Texas",359715,355330,174222,46399,20660,25739,107499,10361,97138,20324,3572,16752,181108,43704,22678,21026,111181,13952,97229,26223,5973,20250,48,355,2015
"Orange County, Texas",84260,83480,41540,11116,4467,6649,24775,1832,22943,5649,567,5082,41940,9785,3219,6566,25177,3526,21651,6978,1067,5911,48,361,2015
"Parker County, Texas",126042,125033,62605,16027,5213,10814,37723,2249,35474,8855,600,8255,62428,14768,5151,9617,37766,2861,34905,9894,918,8976,48,367,2015
"Potter County, Texas",121802,114749,56413,17327,8389,8938,33781,2807,30974,5305,609,4696,58336,16061,8700,7361,34591,4238,30353,7684,1223,6461,48,375,2015
"Randall County, Texas",130269,129481,63717,16469,5433,11036,39615,1292,38323,7633,527,7106,65764,14935,4100,10835,41101,2499,38602,9728,1018,8710,48,381,2015
"Rockwall County, Texas",90861,90171,43569,12632,1363,11269,26330,747,25583,4607,501,4106,46602,12315,1973,10342,27744,431,27313,6543,481,6062,48,397,2015
"San Patricio County, Texas",67357,66516,32702,9324,3519,5805,19082,1615,17467,4296,384,3912,33814,8946,3592,5354,19830,1860,17970,5038,935,4103,48,409,2015
"Smith County, Texas",222936,220652,105664,27468,11382,16086,63406,3377,60029,14790,1140,13650,114988,27667,14466,13201,68378,5955,62423,18943,2690,16253,48,423,2015
"Tarrant County, Texas",1982498,1966764,960642,271023,105897,165126,601515,34684,566831,88104,8352,79752,1006122,261995,94297,167698,629996,48598,581398,114131,15728,98403,48,439,2015
"Taylor County, Texas",136051,130212,62330,17086,7027,10059,37219,3006,34213,8025,1028,6997,67882,16490,6305,10185,41323,3384,37939,10069,852,9217,48,441,2015
"Tom Green County, Texas",118105,112970,55836,14120,4552,9568,34183,2618,31565,7533,334,7199,57134,13196,5353,7843,34843,3740,31103,9095,1181,7914,48,451,2015
"Travis County, Texas",1176558,1169695,588450,137326,42787,94539,405878,17154,388724,45246,4219,41027,581245,130502,37591,92911,395246,26864,368382,55497,6179,49318,48,453,2015
"Victoria County, Texas",92382,91312,44181,11541,3779,7762,26477,2179,24298,6163,1039,5124,47131,12118,5328,6790,27893,2755,25138,7120,1111,6009,48,469,2015
"Walker County, Texas",70699,55394,28376,6573,1914,4659,18686,903,17783,3117,78,3039,27018,4250,808,3442,18898,840,18058,3870,284,3586,48,471,2015
"Webb County, Texas",269721,267702,130389,46481,29590,16891,74380,7432,66948,9528,3298,6230,137313,44630,29599,15031,78999,12408,66591,13684,5424,8260,48,479,2015
"Wichita County, Texas",131705,116992,55959,15465,7012,8453,33425,2167,31258,7069,1163,5906,61033,13599,5365,8234,37551,4233,33318,9883,2087,7796,48,485,2015
"Williamson County, Texas",508514,504173,247356,68918,14223,54695,153097,5169,147928,25341,3048,22293,256817,66490,13837,52653,159308,9138,150170,31019,3960,27059,48,491,2015
"Cache County, Utah",120783,120235,59342,18109,3948,14161,36370,2895,33475,4863,390,4473,60893,18836,5086,13750,36482,3289,33193,5575,495,5080,49,005,2015
"Davis County, Utah",336043,333607,165946,56049,8043,48006,95728,5330,90398,14169,1124,13045,167661,54752,10057,44695,96029,6633,89396,16880,2073,14807,49,011,2015
"Salt Lake County, Utah",1107314,1099508,549972,159615,31702,127913,342019,17694,324325,48338,3274,45064,549536,150999,25378,125621,339097,24215,314882,59440,6764,52676,49,035,2015
"Utah County, Utah",575205,571666,288326,102572,19530,83042,167086,7826,159260,18668,1396,17272,283340,95544,19420,76124,165001,9994,155007,22795,2925,19870,49,049,2015
"Washington County, Utah",155602,154237,75178,21776,6937,14839,38768,2763,36005,14634,355,14279,79059,20985,6100,14885,42011,3944,38067,16063,1381,14682,49,053,2015
"Weber County, Utah",243645,240958,120445,35770,10499,25271,71949,5968,65981,12726,1565,11161,120513,34430,9010,25420,71707,7721,63986,14376,1788,12588,49,057,2015
"Chittenden County, Vermont",161382,160102,77989,15187,5895,9292,53860,7223,46637,8942,1022,7920,82113,14487,5482,9005,55509,9627,45882,12117,1725,10392,50,007,2015
"Albemarle County, Virginia",105703,104347,49172,10936,2630,8306,30649,918,29731,7587,242,7345,55175,10885,1433,9452,34435,1504,32931,9855,323,9532,51,003,2015
"Arlington County, Virginia",229164,225706,111617,19728,2279,17449,82296,1418,80878,9593,353,9240,114089,20262,2859,17403,82115,1846,80269,11712,895,10817,51,013,2015
"Augusta County, Virginia",74314,70496,35196,7948,2323,5625,20462,936,19526,6786,231,6555,35300,6657,2047,4610,21324,2678,18646,7319,314,7005,51,015,2015
"Bedford County, Virginia",77724,77309,38839,8116,1266,6850,23412,1063,22349,7311,280,7031,38470,7798,2547,5251,23029,1542,21487,7643,273,7370,51,019,2015
"Chesterfield County, Virginia",335687,333350,159343,40716,8362,32354,98534,4382,94152,20093,1111,18982,174007,40365,10727,29638,109297,9052,100245,24345,2219,22126,51,041,2015
"Fairfax County, Virginia",1142234,1127838,554564,139026,27777,111249,353694,11463,342231,61844,3556,58288,573274,132478,19440,113038,367713,12908,354805,73083,7207,65876,51,059,2015
"Fauquier County, Virginia",68782,68362,33420,8160,1662,6498,20183,538,19645,5077,210,4867,34942,8039,1303,6736,21510,1396,20114,5393,303,5090,51,061,2015
"Frederick County, Virginia",83199,82182,39540,9205,2286,6919,24048,457,23591,6287,474,5813,42642,9673,1766,7907,25635,1115,24520,7334,765,6569,51,069,2015
"Hanover County, Virginia",103227,102695,50404,11873,1837,10036,31150,1067,30083,7381,166,7215,52291,11284,2130,9154,32404,962,31442,8603,182,8421,51,085,2015
"Henrico County, Virginia",325155,323065,151434,38092,9495,28597,95407,5836,89571,17935,1719,16216,171631,37270,11599,25671,107259,8074,99185,27102,2296,24806,51,087,2015
"James City County, Virginia",73147,71524,34704,8304,1623,6681,18308,334,17974,8092,72,8020,36820,6595,713,5882,21196,315,20881,9029,150,8879,51,095,2015
"Loudoun County, Virginia",375629,373748,185195,55714,4382,51332,115756,1658,114098,13725,1067,12658,188553,53438,4385,49053,118071,2833,115238,17044,1405,15639,51,107,2015
"Montgomery County, Virginia",97653,97167,49634,7758,1453,6305,37349,1212,36137,4527,450,4077,47533,7873,1339,6534,33781,2249,31532,5879,492,5387,51,121,2015
"Prince William County, Virginia",451721,442768,218495,64231,14689,49542,137065,3676,133389,17199,1436,15763,224273,61276,12581,48695,141449,4793,136656,21548,2070,19478,51,153,2015
"Roanoke County, Virginia",94409,92894,44317,9593,1631,7962,26636,1018,25618,8088,292,7796,48577,10271,2564,7707,28143,1849,26294,10163,652,9511,51,161,2015
"Rockingham County, Virginia",78593,78226,38144,9070,2072,6998,22715,1294,21421,6359,419,5940,40082,8304,1427,6877,23998,1797,22201,7780,822,6958,51,165,2015
"Spotsylvania County, Virginia",130475,129757,63709,16973,3507,13466,39476,1300,38176,7260,558,6702,66048,16181,4322,11859,40882,3014,37868,8985,976,8009,51,177,2015
"Stafford County, Virginia",142003,136787,66899,19201,4764,14437,41691,1445,40246,6007,399,5608,69888,18453,3565,14888,44081,2957,41124,7354,1025,6329,51,179,2015
"York County, Virginia",67837,65349,31067,8449,1499,6950,18083,708,17375,4535,252,4283,34282,8076,892,7184,20754,758,19996,5452,242,5210,51,199,2015
"Alexandria city, Virginia",153511,149536,72069,14862,4183,10679,50540,1259,49281,6667,613,6054,77467,12664,4283,8381,56179,2085,54094,8624,157,8467,51,510,2015
"Chesapeake city, Virginia",235429,221051,102498,28765,7093,21672,61493,3334,58159,12240,244,11996,118553,28190,8526,19664,74297,6165,68132,16066,989,15077,51,550,2015
"Hampton city, Virginia",136454,130797,61779,14719,5592,9127,39011,2919,36092,8049,584,7465,69018,14047,5858,8189,43735,6632,37103,11236,1350,9886,51,650,2015
"Lynchburg city, Virginia",79812,78410,37668,8867,3288,5579,24503,1703,22800,4298,419,3879,40742,6515,3312,3203,27863,3741,24122,6364,828,5536,51,680,2015
"Newport News city, Virginia",182385,172721,80981,21302,9518,11784,50408,4093,46315,9271,1609,7662,91740,21202,8659,12543,58296,8341,49955,12242,1697,10545,51,700,2015
"Norfolk city, Virginia",246393,218735,105692,25580,11358,14222,70014,5849,64165,10098,1668,8430,113043,24026,10315,13711,74626,10736,63890,14391,3012,11379,51,710,2015
"Portsmouth city, Virginia",96201,91725,42420,11279,5708,5571,25969,2204,23765,5172,580,4592,49305,11576,4835,6741,30066,5418,24648,7663,1705,5958,51,740,2015
"Richmond city, Virginia",220289,217190,102332,20172,11648,8524,72618,6731,65887,9542,1665,7877,114858,19747,11472,8275,80338,11957,68381,14773,2390,12383,51,760,2015
"Roanoke city, Virginia",99897,98562,46534,10426,4984,5442,30047,3113,26934,6061,596,5465,52028,11239,6875,4364,32253,6446,25807,8536,787,7749,51,770,2015
"Suffolk city, Virginia",88161,85816,41236,11246,3457,7789,24899,1515,23384,5091,662,4429,44580,10408,3696,6712,27608,3540,24068,6564,1008,5556,51,800,2015
"Virginia Beach city, Virginia",452745,424310,199902,52242,9818,42424,123531,6534,116997,24129,1625,22504,224408,49854,12355,37499,142429,9174,133255,32125,3534,28591,51,810,2015
"Benton County, Washington",190309,188895,93469,25472,13241,12231,55268,9285,45983,12729,765,11964,95426,25822,12300,13522,55674,12718,42956,13930,1601,12329,53,005,2015
"Chelan County, Washington",75644,74913,37481,9444,3932,5512,21607,3328,18279,6430,397,6033,37432,8746,3811,4935,21619,3512,18107,7067,1352,5715,53,007,2015
"Clallam County, Washington",73486,72412,35390,6076,3145,2931,19928,4466,15462,9386,927,8459,37022,6711,2566,4145,19916,4901,15015,10395,900,9495,53,009,2015
"Clark County, Washington",459495,456552,225381,58236,25133,33103,137345,20174,117171,29800,3650,26150,231171,55980,23676,32304,140539,28744,111795,34652,4163,30489,53,011,2015
"Cowlitz County, Washington",103468,102412,50104,11522,5953,5569,30171,4653,25518,8411,853,7558,52308,12273,6514,5759,30095,7590,22505,9940,1386,8554,53,015,2015
"Franklin County, Washington",88807,86552,43680,15018,8843,6175,25678,4623,21055,2984,512,2472,42872,14745,8777,5968,24618,5112,19506,3509,1087,2422,53,021,2015
"Grant County, Washington",93259,92838,46873,14035,9416,4619,27279,4449,22830,5559,643,4916,45965,14003,9300,4703,25907,6579,19328,6055,1446,4609,53,025,2015
"Grays Harbor County, Washington",71122,68926,34833,7799,4756,3043,20327,4231,16096,6707,389,6318,34093,6918,3818,3100,20300,5575,14725,6875,563,6312,53,027,2015
"Island County, Washington",80593,75431,36966,7429,1606,5823,20711,2133,18578,8826,384,8442,38465,7736,2263,5473,21001,2428,18573,9728,656,9072,53,029,2015
"King County, Washington",2117125,2104491,1050468,223553,63746,159807,712019,75609,636410,114896,13331,101565,1054023,214653,68613,146040,695765,86614,609151,143605,19705,123900,53,033,2015
"Kitsap County, Washington",260131,246059,121608,27974,8601,19373,73612,11474,62138,20022,1902,18120,124451,25930,6541,19389,76024,15143,60881,22497,3777,18720,53,035,2015
"Lewis County, Washington",75882,75053,37176,8268,4517,3751,21524,4325,17199,7384,814,6570,37877,8355,3682,4673,21671,6230,15441,7851,1135,6716,53,041,2015
"Pierce County, Washington",843954,823757,404958,102604,40959,61645,253843,40610,213233,48511,5644,42867,418799,98578,38495,60083,261572,48399,213173,58649,8475,50174,53,053,2015
"Skagit County, Washington",121846,120587,59711,13653,6125,7528,35118,5155,29963,10940,894,10046,60876,13417,6397,7020,35202,7252,27950,12257,1338,10919,53,057,2015
"Snohomish County, Washington",772501,763066,380394,90517,25695,64822,248243,26630,221613,41634,5307,36327,382672,86640,25641,60999,243773,35061,208712,52259,9079,43180,53,061,2015
"Spokane County, Washington",490945,481315,236912,56915,29642,27273,146381,30284,116097,33616,3371,30245,244403,52746,25864,26882,151658,39759,111899,39999,5238,34761,53,063,2015
"Thurston County, Washington",269536,264027,129038,30805,11655,19150,79526,12069,67457,18707,1771,16936,134989,27434,9617,17817,84707,17620,67087,22848,2127,20721,53,067,2015
"Whatcom County, Washington",212284,210540,103256,20613,8999,11614,67178,10313,56865,15465,997,14468,107284,21435,8496,12939,68424,10952,57472,17425,2505,14920,53,073,2015
"Yakima County, Washington",248830,245937,123125,38113,17793,20320,70056,11965,58091,14956,1981,12975,122812,35923,16705,19218,69737,15117,54620,17152,2809,14343,53,077,2015
"Berkeley County, West Virginia",111901,111489,55007,13806,5649,8157,34379,5820,28559,6822,604,6218,56482,13238,5867,7371,34619,8269,26350,8625,1618,7007,54,003,2015
"Cabell County, West Virginia",96844,95507,46348,9923,4477,5446,29418,5287,24131,7007,550,6457,49159,9726,4134,5592,30297,7494,22803,9136,957,8179,54,011,2015
"Harrison County, West Virginia",68714,68140,33689,7612,4456,3156,20832,5249,15583,5245,538,4707,34451,7185,2665,4520,20498,5453,15045,6768,995,5773,54,033,2015
"Kanawha County, West Virginia",188332,186857,89928,19225,8591,10634,55609,11399,44210,15094,1688,13406,96929,19076,9539,9537,58367,15437,42930,19486,2939,16547,54,039,2015
"Monongalia County, West Virginia",104236,102376,52180,8252,2450,5802,38660,3985,34675,5268,343,4925,50196,7791,2187,5604,36081,5509,30572,6324,836,5488,54,061,2015
"Raleigh County, West Virginia",77510,75226,36237,7858,4585,3273,21900,4795,17105,6479,670,5809,38989,8562,4354,4208,22434,7204,15230,7993,1109,6884,54,081,2015
"Wood County, West Virginia",86452,86012,41240,9303,4834,4469,24915,5541,19374,7022,489,6533,44772,9243,4395,4848,26738,8323,18415,8791,746,8045,54,107,2015
"Brown County, Wisconsin",258718,255672,126271,32690,11850,20840,78643,9246,69397,14938,1391,13547,129401,29934,9373,20561,80205,12359,67846,19262,1957,17305,55,009,2015
"Dane County, Wisconsin",523643,519611,256996,56008,12091,43917,173897,11094,162803,27091,1373,25718,262615,53895,13623,40272,174189,15199,158990,34531,1799,32732,55,025,2015
"Dodge County, Wisconsin",88502,84618,42730,9464,2915,6549,27059,2790,24269,6207,654,5553,41888,9420,2510,6910,24852,4385,20467,7616,1042,6574,55,027,2015
"Eau Claire County, Wisconsin",102105,101328,49874,11391,5280,6111,32212,3759,28453,6271,670,5601,51454,9517,3644,5873,33841,5232,28609,8096,1483,6613,55,035,2015
"Fond du Lac County, Wisconsin",101973,100294,49588,11235,3303,7932,31048,3194,27854,7305,751,6554,50706,10836,3058,7778,30625,4119,26506,9245,1066,8179,55,039,2015
"Jefferson County, Wisconsin",84559,84121,41765,9179,2121,7058,26696,2470,24226,5890,883,5007,42356,9291,3556,5735,26190,2778,23412,6875,1401,5474,55,055,2015
"Kenosha County, Wisconsin",168437,166345,82199,20786,7364,13422,52057,5971,46086,9356,767,8589,84146,19433,8242,11191,53302,9212,44090,11411,1315,10096,55,059,2015
"La Crosse County, Wisconsin",118212,116891,56521,11673,2338,9335,37251,3670,33581,7597,1033,6564,60370,12011,2551,9460,38714,4862,33852,9645,1322,8323,55,063,2015
"Manitowoc County, Wisconsin",79806,79404,39908,8388,2975,5413,24908,3551,21357,6612,855,5757,39496,7863,2791,5072,23416,3258,20158,8217,949,7268,55,071,2015
"Marathon County, Wisconsin",135868,134828,68589,16317,4279,12038,42518,4258,38260,9754,1270,8484,66239,14982,4775,10207,39267,5108,34159,11990,2023,9967,55,073,2015
"Milwaukee County, Wisconsin",957735,948312,456697,118249,62162,56087,289819,52035,237784,48629,7628,41001,491615,114696,59457,55239,310527,76411,234116,66392,11689,54703,55,079,2015
"Outagamie County, Wisconsin",183245,181987,90401,22673,5693,16980,57101,4672,52429,10627,700,9927,91586,21209,5201,16008,56997,7131,49866,13380,1283,12097,55,087,2015
"Ozaukee County, Wisconsin",87850,87326,42546,9697,1351,8346,25951,1223,24728,6898,401,6497,44780,9591,998,8593,26869,1777,25092,8320,647,7673,55,089,2015
"Portage County, Wisconsin",70408,70129,35450,7138,1856,5282,23495,1663,21832,4817,825,3992,34679,6584,1276,5308,22220,1856,20364,5875,924,4951,55,097,2015
"Racine County, Wisconsin",195080,190816,94235,24482,9837,14645,57075,7717,49358,12678,1713,10965,96581,21462,7607,13855,58744,9242,49502,16375,2272,14103,55,101,2015
"Rock County, Wisconsin",161448,160101,78234,19394,6870,12524,47905,5372,42533,10935,724,10211,81867,18918,8639,10279,49475,9063,40412,13474,1051,12423,55,105,2015
"St. Croix County, Wisconsin",87513,86709,43261,11722,2339,9383,26687,1946,24741,4852,616,4236,43448,10913,1321,9592,26834,2586,24248,5701,1038,4663,55,109,2015
"Sheboygan County, Wisconsin",115569,113320,56429,13330,3665,9665,34492,3434,31058,8607,790,7817,56891,12736,3034,9702,34201,3792,30409,9954,1240,8714,55,117,2015
"Walworth County, Wisconsin",102804,102129,51050,11431,3175,8256,32459,3272,29187,7160,640,6520,51079,10738,4355,6383,31758,4679,27079,8583,813,7770,55,127,2015
"Washington County, Wisconsin",133674,132765,65283,14887,2655,12232,40829,2124,38705,9567,888,8679,67482,15799,4410,11389,40127,4260,35867,11556,777,10779,55,131,2015
"Waukesha County, Wisconsin",396488,393968,193321,44814,6792,38022,119334,6616,112718,29173,1774,27399,200647,42490,5522,36968,121575,9075,112500,36582,3847,32735,55,133,2015
"Winnebago County, Wisconsin",169546,164529,80774,17965,4090,13875,51794,4794,47000,11015,724,10291,83755,17169,4813,12356,52974,6533,46441,13612,1559,12053,55,139,2015
"Wood County, Wisconsin",73435,72786,36761,8041,3267,4774,22485,2770,19715,6235,242,5993,36025,7745,2571,5174,20986,4743,16243,7294,733,6561,55,141,2015
"Laramie County, Wyoming",97121,93834,46440,11736,3099,8637,28734,1206,27528,5970,496,5474,47394,10922,3363,7559,28952,2837,26115,7520,1240,6280,56,021,2015
"Natrona County, Wyoming",82178,81140,39782,10138,3582,6556,24974,1544,23430,4670,1024,3646,41358,10867,3204,7663,25057,2881,22176,5434,723,4711,56,025,2015
"Arecibo Municipio, Puerto Rico",89648,88823,42302,9379,7037,2342,25499,10936,14563,7424,1634,5790,46521,8812,6360,2452,27769,15167,12602,9940,3844,6096,72,013,2015
"Bayamón Municipio, Puerto Rico",189159,183605,84537,19406,10662,8744,50520,16033,34487,14611,3426,11185,99068,18030,10155,7875,59557,21783,37774,21481,6457,15024,72,021,2015
"Caguas Municipio, Puerto Rico",134481,133880,62324,14603,8014,6589,38112,14702,23410,9609,2618,6991,71556,13854,8141,5713,43511,18268,25243,14191,5361,8830,72,025,2015
"Carolina Municipio, Puerto Rico",161884,161297,74278,16622,9889,6733,44659,11373,33286,12997,3506,9491,87019,16143,8524,7619,51589,18509,33080,19287,6775,12512,72,031,2015
"Guaynabo Municipio, Puerto Rico",90879,90679,43445,9168,4171,4997,27012,5084,21928,7265,2135,5130,47234,7485,3050,4435,29411,8536,20875,10338,2743,7595,72,061,2015
"Mayagüez Municipio, Puerto Rico",79510,78894,37474,7616,5525,2091,23046,9405,13641,6812,2415,4397,41420,7160,5476,1684,24254,12645,11609,10006,4036,5970,72,097,2015
"Ponce Municipio, Puerto Rico",149028,146319,69364,16706,11987,4719,40801,19573,21228,11857,2587,9270,76955,15831,11867,3964,45040,24849,20191,16084,3705,12379,72,113,2015
"San Juan Municipio, Puerto Rico",355074,351925,160962,35027,19324,15703,98395,24643,73752,27540,6839,20701,190963,34299,17199,17100,114451,38173,76278,42213,11552,30661,72,127,2015
"Toa Alta Municipio, Puerto Rico",74368,74275,35773,8876,3165,5711,22858,5533,17325,4039,932,3107,38502,8393,3405,4988,25105,7043,18062,5004,900,4104,72,135,2015
"Toa Baja Municipio, Puerto Rico",82065,81833,38477,9121,5517,3604,23400,8788,14612,5956,2933,3023,43356,8663,4951,3712,26858,11178,15680,7835,4527,3308,72,137,2015
"Trujillo Alto Municipio, Puerto Rico",69615,69430,32661,7916,3746,4170,20027,5010,15017,4718,1515,3203,36769,7205,3878,3327,22886,6594,16292,6678,2133,4545,72,139,2015
"Schenectady County, New York",154604,152855,75287,18064,5832,12232,47278,8916,38362,9945,1166,8779,77568,15645,6122,9523,48641,10660,37981,13282,2280,11002,36,093,2015
"Steuben County, New York",97631,96411,48079,10869,3936,6933,29779,5488,24291,7431,645,6786,48332,10691,3654,7037,28707,7029,21678,8934,972,7962,36,101,2015
"Suffolk County, New York",1501587,1486424,731756,168496,44863,123633,463673,53271,410402,99587,8697,90890,754668,160215,32546,127669,467199,58194,409005,127254,16966,110288,36,103,2015
"Sullivan County, New York",74877,72638,36857,8257,3805,4452,22302,4917,17385,6298,772,5526,35781,7393,3682,3711,21928,6082,15846,6460,1024,5436,36,105,2015
"Tompkins County, New York",104926,104065,50686,7722,2619,5103,37200,5009,32191,5764,517,5247,53379,7124,2409,4715,39257,5586,33671,6998,833,6165,36,109,2015
"Ulster County, New York",180143,175858,85833,16782,5321,11461,54966,9667,45299,14085,1296,12789,90025,16370,6456,9914,56144,10605,45539,17511,2226,15285,36,111,2015
"Warren County, New York",64688,64134,31791,6678,2055,4623,19267,3535,15732,5846,359,5487,32343,5881,1944,3937,19571,4211,15360,6891,705,6186,36,113,2015
"Wayne County, New York",91446,90662,44864,10538,4380,6158,27455,4434,23021,6871,647,6224,45798,9523,3059,6464,27762,5824,21938,8513,1337,7176,36,117,2015
"Westchester County, New York",976396,964540,466342,112865,33210,79655,290370,36339,254031,63107,6752,56355,498198,107094,31662,75432,305443,47987,257456,85661,13089,72572,36,119,2015
"Alamance County, North Carolina",158276,157217,75225,18807,9481,9326,45650,4510,41140,10768,828,9940,81992,17169,9127,8042,50460,7730,42730,14363,1900,12463,37,001,2015
"Brunswick County, North Carolina",122765,121754,58610,10090,6063,4027,31599,4386,27213,16921,774,16147,63144,10246,5520,4726,35447,4754,30693,17451,1450,16001,37,019,2015
"Buncombe County, North Carolina",253178,249613,119422,24597,11117,13480,75718,6821,68897,19107,1531,17576,130191,23845,9608,14237,81009,9438,71571,25337,2296,23041,37,021,2015
"Burke County, North Carolina",88842,85830,41975,8875,4973,3902,25587,2925,22662,7513,507,7006,43855,8044,4450,3594,26955,3451,23504,8856,973,7883,37,023,2015
"Cabarrus County, North Carolina",196762,195434,95421,26760,9071,17689,58009,4567,53442,10652,599,10053,100013,24460,6882,17578,61219,6223,54996,14334,1709,12625,37,025,2015
"Caldwell County, North Carolina",81287,80448,39696,8590,4746,3844,24827,2451,22376,6279,651,5628,40752,8402,4288,4114,24393,4344,20049,7957,834,7123,37,027,2015
"Carteret County, North Carolina",68879,67169,31547,6017,2359,3658,18437,1725,16712,7093,718,6375,35622,6708,2646,4062,20816,2449,18367,8098,719,7379,37,031,2015
"Catawba County, North Carolina",155056,153538,76500,19208,10010,9198,46501,6053,40448,10791,674,10117,77038,15775,8379,7396,47563,8222,39341,13700,1637,12063,37,035,2015
"Chatham County, North Carolina",70928,70254,33696,7500,3315,4185,18827,1785,17042,7369,1165,6204,36558,6741,2437,4304,19987,1516,18471,9830,385,9445,37,037,2015
"Cleveland County, North Carolina",96879,96634,46350,10445,5590,4855,28830,3214,25616,7075,630,6445,50284,10458,6272,4186,30372,6049,24323,9454,2075,7379,37,045,2015
"Craven County, North Carolina",103451,96791,46143,11165,3695,7470,27054,2355,24699,7924,977,6947,50648,11653,4081,7572,29131,3244,25887,9864,1017,8847,37,049,2015
"Cumberland County, North Carolina",323838,299209,137713,42423,18116,24307,80056,9230,70826,15234,2499,12735,161496,40233,16354,23879,100519,18007,82512,20744,3966,16778,37,051,2015
"Davidson County, North Carolina",164622,162934,79619,19190,7331,11859,48785,5188,43597,11644,1067,10577,83315,17779,7196,10583,51256,6962,44294,14280,2017,12263,37,057,2015
"Durham County, North Carolina",300952,295068,139301,32996,13880,19116,92483,5066,87417,13822,1291,12531,155767,31953,14841,17112,104691,9085,95606,19123,2838,16285,37,063,2015
"Forsyth County, North Carolina",369019,365589,173025,44015,19305,24710,106091,8225,97866,22919,3083,19836,192564,43059,19464,23595,118626,13231,105395,30879,4371,26508,37,067,2015
"Gaston County, North Carolina",213442,211129,101925,24792,10174,14618,63479,6738,56741,13654,1296,12358,109204,24007,11153,12854,67078,9916,57162,18119,1965,16154,37,071,2015
"Guilford County, North Carolina",517600,513574,243088,59325,25291,34034,153603,13949,139654,30160,3073,27087,270486,57829,26043,31786,171339,21027,150312,41318,5296,36022,37,081,2015
"Harnett County, North Carolina",128140,121874,57584,17557,7343,10214,33812,3244,30568,6215,585,5630,64290,16981,8496,8485,39296,6192,33104,8013,1408,6605,37,085,2015
"Henderson County, North Carolina",112655,111520,53543,11350,5674,5676,30204,3633,26571,11989,611,11378,57977,10463,4305,6158,32310,3725,28585,15204,1065,14139,37,089,2015
"Iredell County, North Carolina",169866,168726,82912,20531,8593,11938,51445,3188,48257,10936,1019,9917,85814,19588,7553,12035,52420,5686,46734,13806,1722,12084,37,097,2015
"Johnston County, North Carolina",185660,184266,89980,25044,9912,15132,54282,3357,50925,10654,1072,9582,94286,23808,9663,14145,57301,5912,51389,13177,884,12293,37,101,2015
"Lincoln County, North Carolina",81035,80419,39849,9217,5326,3891,24866,2813,22053,5766,570,5196,40570,8444,4331,4113,25072,4881,20191,7054,413,6641,37,109,2015
"Mecklenburg County, North Carolina",1034070,1028662,493443,127064,48392,78672,322887,22108,300779,43492,3590,39902,535219,124699,48515,76184,349959,35829,314130,60561,10261,50300,37,119,2015
"Moore County, North Carolina",94352,91607,43680,10144,3933,6211,23719,1278,22441,9817,495,9322,47927,9811,2751,7060,26387,2311,24076,11729,923,10806,37,125,2015
"Nash County, North Carolina",93919,92299,44140,11225,6739,4486,26288,1825,24463,6627,659,5968,48159,9893,3989,5904,29264,3963,25301,9002,2187,6815,37,127,2015
"New Hanover County, North Carolina",220358,217739,103199,21160,6961,14199,66922,4701,62221,15117,1197,13920,114540,21316,7662,13654,73894,7727,66167,19330,1794,17536,37,129,2015
"Onslow County, North Carolina",186311,156531,73517,24420,7167,17253,42119,3828,38291,6978,763,6215,83014,23355,7530,15825,50528,6827,43701,9131,1331,7800,37,133,2015
"Orange County, North Carolina",141354,140700,67901,15285,4336,10949,45212,2258,42954,7404,650,6754,72799,13360,3324,10036,50648,2850,47798,8791,651,8140,37,135,2015
"Pitt County, North Carolina",175842,174959,82661,19715,9742,9973,54320,4092,50228,8626,1028,7598,92298,18680,7493,11187,62111,8155,53956,11507,2677,8830,37,147,2015
"Randolph County, North Carolina",142799,141524,69750,16777,7238,9539,42804,3424,39380,10169,812,9357,71774,16333,7155,9178,42638,4989,37649,12803,2171,10632,37,151,2015
"Robeson County, North Carolina",134197,132377,63619,17565,11577,5988,38447,6139,32308,7607,1856,5751,68758,16824,11082,5742,42116,9440,32676,9818,1853,7965,37,155,2015
"Rockingham County, North Carolina",91758,90696,43614,9611,4321,5290,26933,2585,24348,7070,770,6300,47082,9662,5191,4471,27972,5765,22207,9448,842,8606,37,157,2015
"Rowan County, North Carolina",139142,136603,67083,15909,8616,7293,41534,5148,36386,9640,871,8769,69520,15233,8583,6650,41615,7766,33849,12672,1607,11065,37,159,2015
"Rutherford County, North Carolina",66390,65551,31416,7502,5375,2127,18240,3446,14794,5674,582,5092,34135,6533,3730,2803,19979,4856,15123,7623,1242,6381,37,161,2015
"Surry County, North Carolina",72743,71947,35782,8231,4236,3995,21201,3205,17996,6350,337,6013,36165,7550,4036,3514,21217,3239,17978,7398,663,6735,37,171,2015
"Union County, North Carolina",222742,221852,108737,31131,8876,22255,66239,3121,63118,11367,754,10613,113115,31371,9002,22369,67565,5360,62205,14179,1733,12446,37,179,2015
"Wake County, North Carolina",1024198,1016393,495135,128303,38292,90011,322104,16363,305741,44728,2767,41961,521258,124624,35471,89153,338421,23619,314802,58213,7013,51200,37,183,2015
"Wayne County, North Carolina",124132,120501,56803,13480,5723,7757,35720,5046,30674,7603,974,6629,63698,15856,9097,6759,37459,6694,30765,10383,1962,8421,37,191,2015
"Wilkes County, North Carolina",68502,67647,33152,7070,3328,3742,19974,2025,17949,6108,303,5805,34495,7003,3434,3569,20134,2525,17609,7358,1240,6118,37,193,2015
"Wilson County, North Carolina",81714,80644,39173,10277,5338,4939,23491,2291,21200,5405,1205,4200,41471,8725,3566,5159,24933,4210,20723,7813,1666,6147,37,195,2015
"Burleigh County, North Dakota",92991,90931,45152,10411,1792,8619,28946,1100,27846,5795,264,5531,45779,9777,1242,8535,28633,2164,26469,7369,836,6533,38,015,2015
"Cass County, North Dakota",171512,170470,86632,19810,2480,17330,58522,3261,55261,8300,934,7366,83838,18182,3084,15098,55179,5715,49464,10477,1259,9218,38,017,2015
"Grand Forks County, North Dakota",70916,68777,35070,7353,1653,5700,24258,1983,22275,3459,427,3032,33707,6988,1170,5818,22550,1991,20559,4169,476,3693,38,035,2015
"Ward County, North Dakota",71275,66543,31675,7301,984,6317,21066,758,20308,3308,169,3139,34868,9130,943,8187,21402,1415,19987,4336,208,4128,38,101,2015
"Allen County, Ohio",104425,102271,50444,12386,4779,7607,31188,4196,26992,6870,457,6413,51827,11992,4137,7855,30569,6404,24165,9266,1154,8112,39,003,2015
"Ashtabula County, Ohio",98632,95714,46183,10747,4199,6548,27796,5315,22481,7640,890,6750,49531,11352,3984,7368,28878,7952,20926,9301,815,8486,39,007,2015
"Athens County, Ohio",65886,65170,32592,5083,2291,2792,24250,3863,20387,3259,656,2603,32578,4815,2418,2397,23795,5049,18746,3968,777,3191,39,009,2015
"Belmont County, Ohio",69154,65357,32306,7029,2703,4326,19874,3582,16292,5403,283,5120,33051,6042,2176,3866,19800,3993,15807,7209,818,6391,39,013,2015
"Butler County, Ohio",376353,373053,182556,46324,15096,31228,114943,14482,100461,21289,791,20498,190497,43892,15572,28320,119610,19203,100407,26995,1335,25660,39,017,2015
"Clark County, Ohio",135959,134309,64852,15837,8737,7100,38421,7211,31210,10594,1024,9570,69457,15261,8174,7087,41205,10709,30496,12991,1439,11552,39,023,2015
"Clermont County, Ohio",201973,200676,98740,24259,6355,17904,61572,6957,54615,12909,466,12443,101936,23539,5258,18281,62356,8782,53574,16041,989,15052,39,025,2015
"Columbiana County, Ohio",104806,101220,49853,11189,4959,6230,30192,4590,25602,8472,556,7916,51367,10559,4651,5908,30721,7693,23028,10087,554,9533,39,029,2015
"Cuyahoga County, Ohio",1255921,1240431,589702,136016,59478,76538,369236,71134,298102,84450,8640,75810,650729,131827,60634,71193,400716,101586,299130,118186,14833,103353,39,035,2015
"Delaware County, Ohio",193013,192109,95385,27614,3321,24293,57560,2495,55065,10211,467,9744,96724,25215,2575,22640,58991,4588,54403,12518,649,11869,39,041,2015
"Erie County, Ohio",75550,74598,36253,7922,3789,4133,21803,3266,18537,6528,457,6071,38345,7790,3483,4307,22514,4788,17726,8041,1043,6998,39,043,2015
"Fairfield County, Ohio",151408,148551,72967,18531,6294,12237,44681,6523,38158,9755,814,8941,75584,18045,6830,11215,45359,9032,36327,12180,1304,10876,39,045,2015
"Franklin County, Ohio",1251722,1243632,606916,150337,62350,87987,398733,46562,352171,57846,5840,52006,636716,145130,60016,85114,414729,75218,339511,76857,8877,67980,39,049,2015
"Geauga County, Ohio",94102,93436,46459,11325,1627,9698,27324,1811,25513,7810,454,7356,46977,10988,1968,9020,26698,2523,24175,9291,486,8805,39,055,2015
"Greene County, Ohio",164427,160918,79398,18396,7299,11097,48988,6051,42937,12014,967,11047,81520,15873,4312,11561,51836,8688,43148,13811,1147,12664,39,057,2015
"Hamilton County, Ohio",807598,799419,385379,94976,33624,61352,242609,30464,212145,47794,4343,43451,414040,92611,34352,58259,257635,50315,207320,63794,5975,57819,39,061,2015
"Hancock County, Ohio",75573,74699,36727,8811,2791,6020,22699,2529,20170,5217,597,4620,37972,8194,2623,5571,23400,2815,20585,6378,836,5542,39,063,2015
"Jefferson County, Ohio",67347,66617,32066,6595,3178,3417,19928,3298,16630,5543,485,5058,34551,6830,2875,3955,20929,5383,15546,6792,981,5811,39,081,2015
"Lake County, Ohio",229245,227032,111972,24946,6260,18686,68981,5843,63138,18045,1571,16474,115060,22675,4292,18383,69380,7570,61810,23005,1652,21353,39,085,2015
"Licking County, Ohio",170570,169210,83205,20782,6419,14363,51009,6757,44252,11414,750,10664,86005,19349,6301,13048,52463,9744,42719,14193,1234,12959,39,089,2015
"Lorain County, Ohio",305147,299030,146071,35523,13245,22278,88548,12519,76029,22000,1405,20595,152959,33329,13234,20095,92026,20525,71501,27604,2114,25490,39,093,2015
"Lucas County, Ohio",433689,428530,207554,51486,24929,26557,129257,22281,106976,26811,3005,23806,220976,49064,23739,25325,136545,33922,102623,35367,5310,30057,39,095,2015
"Mahoning County, Ohio",231900,228259,110498,23909,11066,12843,68023,14269,53754,18566,1813,16753,117761,23772,10891,12881,69540,17688,51852,24449,3471,20978,39,099,2015
"Marion County, Ohio",65355,59941,29072,7177,3796,3381,17359,4037,13322,4536,289,4247,30869,6602,4141,2461,18629,5549,13080,5638,1137,4501,39,101,2015
"Medina County, Ohio",176395,175337,87480,21236,3413,17823,53400,3972,49428,12844,477,12367,87857,19612,3517,16095,53236,4707,48529,15009,505,14504,39,103,2015
"Miami County, Ohio",104224,103264,50721,11836,3849,7987,30766,2631,28135,8119,656,7463,52543,12374,4364,8010,30721,6214,24507,9448,416,9032,39,109,2015
"Montgomery County, Ohio",532258,524357,253021,61671,28398,33273,154361,26946,127415,36989,3044,33945,271336,57397,25859,31538,163731,38884,124847,50208,5301,44907,39,113,2015
"Muskingum County, Ohio",86290,85420,41471,10384,5359,5025,24889,4839,20050,6198,674,5524,43949,9692,4017,5675,26030,7388,18642,8227,883,7344,39,119,2015
"Portage County, Ohio",162275,160964,78012,15649,4979,10670,51739,5730,46009,10624,402,10222,82952,15378,4985,10393,55132,9694,45438,12442,783,11659,39,133,2015
"Richland County, Ohio",121707,115152,54884,12433,5717,6716,33090,5348,27742,9361,788,8573,60268,13863,6378,7485,33982,8256,25726,12423,1147,11276,39,139,2015
"Ross County, Ohio",77170,71411,35275,8871,3747,5124,21291,4763,16528,5113,394,4719,36136,8075,4559,3516,21923,5577,16346,6138,743,5395,39,141,2015
"Scioto County, Ohio",76825,73962,35693,8589,4669,3920,21715,5407,16308,5389,543,4846,38269,8274,3626,4648,23015,9227,13788,6980,766,6214,39,145,2015
"Stark County, Ohio",375165,370525,180077,41573,15093,26480,109628,12886,96742,28876,2033,26843,190448,40222,16237,23985,114468,23220,91248,35758,4064,31694,39,151,2015
"Summit County, Ohio",541968,537086,261667,59664,20116,39548,163972,22168,141804,38031,3172,34859,275419,56906,19082,37824,169340,31665,137675,49173,5714,43459,39,153,2015
"Trumbull County, Ohio",203751,200205,97558,21982,10063,11919,57919,9759,48160,17657,1357,16300,102647,20584,7923,12661,60486,13931,46555,21577,2173,19404,39,155,2015
"Tuscarawas County, Ohio",92916,91996,45461,11016,4376,6640,27112,4014,23098,7333,903,6430,46535,10030,3831,6199,27341,5130,22211,9164,1285,7879,39,157,2015
"Warren County, Ohio",224469,217217,105978,29918,5259,24659,63470,3990,59480,12590,841,11749,111239,27797,4725,23072,67503,5990,61513,15939,857,15082,39,165,2015
"Wayne County, Ohio",116063,114980,57174,14718,4244,10474,33917,3611,30306,8539,691,7848,57806,13684,3862,9822,34073,5888,28185,10049,677,9372,39,169,2015
"Wood County, Ohio",129730,128285,63505,13983,2677,11306,41527,3496,38031,7995,515,7480,64780,12643,2935,9708,42138,4678,37460,9999,963,9036,39,173,2015
"Canadian County, Oklahoma",133378,131443,64445,17866,4225,13641,39357,2096,37261,7222,400,6822,66998,17459,4221,13238,40773,3634,37139,8766,447,8319,40,017,2015
"Cleveland County, Oklahoma",274458,268828,132796,31727,10288,21439,86349,3892,82457,14720,677,14043,136032,28906,7270,21636,88710,5458,83252,18416,1526,16890,40,027,2015
"Comanche County, Oklahoma",124648,111248,54513,16163,3301,12862,32723,2444,30279,5627,882,4745,56735,13065,2631,10434,35792,2916,32876,7878,1059,6819,40,031,2015
"Creek County, Oklahoma",70892,69970,34739,9145,4060,5085,20194,2018,18176,5400,344,5056,35231,7979,4345,3634,20702,2877,17825,6550,674,5876,40,037,2015
"Muskogee County, Oklahoma",69699,66841,32635,9201,4261,4940,18748,2095,16653,4686,409,4277,34206,7869,3909,3960,20162,3282,16880,6175,775,5400,40,101,2015
"Oklahoma County, Oklahoma",776864,764389,371384,101976,45695,56281,228184,14728,213456,41224,3649,37575,393005,97830,45855,51975,241075,23160,217915,54100,6958,47142,40,109,2015
"Payne County, Oklahoma",80850,79824,41406,7765,3010,4755,29644,1465,28179,3997,413,3584,38418,7352,2676,4676,26222,2142,24080,4844,906,3938,40,119,2015
"Pottawatomie County, Oklahoma",71875,69872,33285,8562,3517,5045,19689,1322,18367,5034,237,4797,36587,8814,3959,4855,21634,2559,19075,6139,841,5298,40,125,2015
"Rogers County, Oklahoma",90802,89812,44162,11211,3548,7663,26892,1140,25752,6059,382,5677,45650,10852,3180,7672,27407,2018,25389,7391,639,6752,40,131,2015
"Tulsa County, Oklahoma",639242,634447,308688,82772,33315,49457,190737,9911,180826,35179,2612,32567,325759,80055,32199,47856,198847,18345,180502,46857,4030,42827,40,143,2015
"Wagoner County, Oklahoma",76559,76276,37653,9827,3655,6172,22310,1534,20776,5516,245,5271,38623,9260,3635,5625,23373,3019,20354,5990,489,5501,40,145,2015
"Benton County, Oregon",87572,87317,43626,7250,2376,4874,30550,4761,25789,5826,473,5353,43691,7246,2173,5073,29636,4783,24853,6809,689,6120,41,003,2015
"Clackamas County, Oregon",401515,399933,197443,45945,12450,33495,121505,12916,108589,29993,2896,27097,202490,42403,11340,31063,123956,17373,106583,36131,4907,31224,41,005,2015
"Deschutes County, Oregon",175268,174719,86233,18964,10319,8645,50841,8360,42481,16428,1197,15231,88486,17953,7502,10451,53427,11493,41934,17106,2280,14826,41,017,2015
"Douglas County, Oregon",107685,107089,52821,10876,7490,3386,29725,8791,20934,12220,1371,10849,54268,9818,7280,2538,30538,11323,19215,13912,2147,11765,41,019,2015
"Jackson County, Oregon",212567,211363,102541,21521,12261,9260,60366,16393,43973,20654,2408,18246,108822,22040,13247,8793,62920,20646,42274,23862,2995,20867,41,029,2015
"Josephine County, Oregon",84745,84095,41680,9307,6518,2789,22549,6063,16486,9824,952,8872,42415,6932,4423,2509,24110,6783,17327,11373,1148,10225,41,033,2015
"Klamath County, Oregon",66016,65599,32082,6826,3658,3168,19067,4879,14188,6189,734,5455,33517,7284,3656,3628,19376,6180,13196,6857,681,6176,41,035,2015
"Lane County, Oregon",362895,361243,176449,34741,16259,18482,112804,23023,89781,28904,2297,26607,184794,34009,17276,16733,115800,26661,89139,34985,3265,31720,41,039,2015
"Linn County, Oregon",120547,119973,59018,14013,7627,6386,35312,9115,26197,9693,973,8720,60955,14078,6359,7719,35486,10373,25113,11391,900,10491,41,043,2015
"Marion County, Oregon",330700,325081,159721,42426,22510,19916,96326,19829,76497,20969,2287,18682,165360,40421,21878,18543,98324,25991,72333,26615,2786,23829,41,047,2015
"Multnomah County, Oregon",790294,785389,388165,78920,31784,47136,267834,48221,219613,41411,7293,34118,397224,75309,31778,43531,269288,59009,210279,52627,10919,41708,41,051,2015
"Polk County, Oregon",79391,78990,37589,8293,3334,4959,23029,3952,19077,6267,467,5800,41401,9760,4224,5536,24543,4846,19697,7098,874,6224,41,053,2015
"Umatilla County, Oregon",76531,72177,36015,9929,5613,4316,21643,4557,17086,4443,446,3997,36162,9728,5907,3821,21199,5762,15437,5235,753,4482,41,059,2015
"Washington County, Oregon",574326,571093,282040,70224,17845,52379,181715,21003,160712,30101,2612,27489,289053,67219,19009,48210,182400,28871,153529,39434,4316,35118,41,067,2015
"Yamhill County, Oregon",102659,100400,48454,11284,5226,6058,29578,4846,24732,7592,690,6902,51946,12182,6086,6096,30851,7089,23762,8913,1264,7649,41,071,2015
"Adams County, Pennsylvania",102295,101046,49803,10938,2826,8112,30483,1714,28769,8382,483,7899,51243,10160,2980,7180,30978,2951,28027,10105,665,9440,42,001,2015
"Allegheny County, Pennsylvania",1230459,1216193,585556,118602,37468,81134,379073,34945,344128,87881,8295,79586,630637,114498,38036,76462,394258,53979,340279,121881,19812,102069,42,003,2015
"Armstrong County, Pennsylvania",67052,66488,33106,6746,2996,3750,20233,3233,17000,6127,370,5757,33382,6344,2914,3430,19355,3581,15774,7683,1058,6625,42,005,2015
"Beaver County, Pennsylvania",168871,167217,81094,17184,7279,9905,49710,7087,42623,14200,1825,12375,86123,15960,7190,8770,51559,10491,41068,18604,2368,16236,42,007,2015
"Berks County, Pennsylvania",415271,410785,202237,48568,20271,28297,124588,14467,110121,29081,2603,26478,208548,45512,15627,29885,127659,22535,105124,35377,5359,30018,42,011,2015
"Blair County, Pennsylvania",125593,124296,60326,12762,5058,7704,37469,5244,32225,10095,707,9388,63970,13107,4875,8232,37271,6715,30556,13592,1659,11933,42,013,2015
"Bucks County, Pennsylvania",627367,621311,304218,67268,13766,53502,189758,10527,179231,47192,4037,43155,317093,64630,13332,51298,194206,16603,177603,58257,5282,52975,42,017,2015
"Butler County, Pennsylvania",186818,184874,91022,19451,3914,15537,57590,3512,54078,13981,1146,12835,93852,18722,3979,14743,57833,6258,51575,17297,1781,15516,42,019,2015
"Cambria County, Pennsylvania",136411,133107,64595,13390,5626,7764,39295,5054,34241,11910,1367,10543,68512,12885,4479,8406,40054,9311,30743,15573,2130,13443,42,021,2015
"Carbon County, Pennsylvania",63960,63199,31125,6502,3336,3166,19025,2827,16198,5598,368,5230,32074,6200,2631,3569,19214,3917,15297,6660,286,6374,42,025,2015
"Centre County, Pennsylvania",160580,155324,79538,12563,2628,9935,57886,3037,54849,9089,497,8592,75786,11555,2213,9342,53638,4875,48763,10593,1508,9085,42,027,2015
"Chester County, Pennsylvania",515939,511566,251381,61466,11934,49532,156893,8161,148732,33022,1925,31097,260185,58447,12307,46140,160267,9252,151015,41471,3369,38102,42,029,2015
"Clearfield County, Pennsylvania",80994,75268,37510,8017,5277,2740,22923,4564,18359,6570,849,5721,37758,7469,3884,3585,21945,5719,16226,8344,1457,6887,42,033,2015
"Columbia County, Pennsylvania",66672,65893,31731,6199,2122,4077,20718,2751,17967,4814,440,4374,34162,5780,1425,4355,22026,3278,18748,6356,721,5635,42,037,2015
"Crawford County, Pennsylvania",86484,85101,42216,9600,4450,5150,24972,3546,21426,7644,884,6760,42885,8553,3113,5440,25505,4740,20765,8827,1409,7418,42,039,2015
"Cumberland County, Pennsylvania",246338,239705,116460,25140,5353,19787,72897,4968,67929,18423,1174,17249,123245,24949,5126,19823,74964,5479,69485,23332,1596,21736,42,041,2015
"Dauphin County, Pennsylvania",272983,269910,130446,31477,13984,17493,80729,11128,69601,18240,1557,16683,139464,30047,12062,17985,86102,14177,71925,23315,3166,20149,42,043,2015
"Delaware County, Pennsylvania",563894,556469,266045,63824,19205,44619,167407,15885,151522,34814,3099,31715,290424,61103,16622,44481,180453,23119,157334,48868,4795,44073,42,045,2015
"Erie County, Pennsylvania",278045,272536,133004,31077,15028,16049,82567,11958,70609,19360,1352,18008,139532,29141,13608,15533,86382,20973,65409,24009,3446,20563,42,049,2015
"Fayette County, Pennsylvania",133628,130172,62824,13181,5726,7455,38595,7726,30869,11048,984,10064,67348,13085,6053,7032,39762,10534,29228,14501,1998,12503,42,051,2015
"Franklin County, Pennsylvania",153638,152395,74792,17894,3659,14235,44116,3322,40794,12782,780,12002,77603,17202,3924,13278,44960,4250,40710,15441,1498,13943,42,055,2015
"Indiana County, Pennsylvania",86966,85509,43119,8191,3042,5149,28144,4248,23896,6784,666,6118,42390,7491,2867,4624,26843,4666,22177,8056,872,7184,42,063,2015
"Lackawanna County, Pennsylvania",211917,208091,100431,22168,10337,11831,62460,6642,55818,15803,1483,14320,107660,20502,8280,12222,65111,10141,54970,22047,2696,19351,42,069,2015
"Lancaster County, Pennsylvania",536624,530832,258910,64864,21760,43104,155010,15855,139155,39036,3887,35149,271922,63762,22410,41352,160509,24267,136242,47651,4284,43367,42,071,2015
"Lawrence County, Pennsylvania",88082,87033,42274,9054,3946,5108,25639,4347,21292,7581,685,6896,44759,8821,3536,5285,26257,6008,20249,9681,1446,8235,42,073,2015
"Lebanon County, Pennsylvania",137067,135317,66347,15752,6173,9579,39825,4576,35249,10770,830,9940,68970,15867,6103,9764,39660,5916,33744,13443,1491,11952,42,075,2015
"Lehigh County, Pennsylvania",360685,355597,173463,42135,18841,23294,107565,11052,96513,23763,2915,20848,182134,40018,17341,22677,111147,19810,91337,30969,3917,27052,42,077,2015
"Luzerne County, Pennsylvania",318449,310611,151456,31721,13865,17856,95344,13607,81737,24391,2720,21671,159155,30539,12165,18374,95385,17034,78351,33231,5323,27908,42,079,2015
"Lycoming County, Pennsylvania",116048,112793,56262,12684,4478,8206,34629,5135,29494,8949,885,8064,56531,11210,4516,6694,34361,6237,28124,10960,1590,9370,42,081,2015
"Mercer County, Pennsylvania",114234,110221,53972,11797,5307,6490,32419,4886,27533,9756,946,8810,56249,10362,4127,6235,33643,5382,28261,12244,1234,11010,42,085,2015
"Monroe County, Pennsylvania",166397,165472,80841,17222,7580,9642,52045,8236,43809,11574,1070,10504,84631,17397,6376,11021,53607,9797,43810,13627,2043,11584,42,089,2015
"Montgomery County, Pennsylvania",819264,805329,389252,90995,17004,73991,241982,15779,226203,56275,3484,52791,416077,87091,16943,70148,254603,22608,231995,74383,5201,69182,42,091,2015
"Northampton County, Pennsylvania",300813,298259,145974,31562,10749,20813,92160,8140,84020,22252,1601,20651,152285,29768,8884,20884,93170,12589,80581,29347,3295,26052,42,095,2015
"Northumberland County, Pennsylvania",93246,89264,44282,9489,3949,5540,26819,4318,22501,7974,973,7001,44982,8492,3009,5483,26463,4427,22036,10027,1081,8946,42,097,2015
"Philadelphia County, Pennsylvania",1567442,1553955,733105,175697,105750,69947,481633,95282,386351,75775,16215,59560,820850,170211,106793,63418,534664,150582,384082,115975,30096,85879,42,101,2015
"Schuylkill County, Pennsylvania",144590,137444,67847,14753,5145,9608,41152,5209,35943,11942,1528,10414,69597,13460,5053,8407,41305,7014,34291,14832,2170,12662,42,107,2015
"Somerset County, Pennsylvania",75522,70601,34800,6872,3045,3827,21350,2958,18392,6578,593,5985,35801,7056,3420,3636,20687,3414,17273,8058,995,7063,42,111,2015
"Washington County, Pennsylvania",208261,206771,100676,20867,8139,12728,62742,8593,54149,17067,1435,15632,106095,20277,6358,13919,63500,11606,51894,22318,3157,19161,42,125,2015
"Westmoreland County, Pennsylvania",357956,354591,173085,34053,11741,22312,106933,13491,93442,32099,3214,28885,181506,32733,12706,20027,107047,16924,90123,41726,4557,37169,42,129,2015
"York County, Pennsylvania",442867,438121,215827,50607,19071,31536,133305,11880,121425,31915,2570,29345,222294,48326,17410,30916,134747,20968,113779,39221,4022,35199,42,133,2015
"Kent County, Rhode Island",164801,163487,78994,16464,5293,11171,49867,6894,42973,12663,1619,11044,84493,15161,4921,10240,53331,10384,42947,16001,1677,14324,44,003,2015
"Newport County, Rhode Island",82423,79970,38381,7807,1293,6514,23579,2040,21539,6995,788,6207,41589,7290,1073,6217,25122,3474,21648,9177,1274,7903,44,005,2015
"Providence County, Rhode Island",633473,623794,301820,67416,29725,37691,197040,40267,156773,37364,6918,30446,321974,65158,27607,37551,207678,54115,153563,49138,8171,40967,44,007,2015
"Washington County, Rhode Island",126517,125550,60947,11451,2523,8928,39174,3976,35198,10322,670,9652,64603,11284,2423,8861,40942,4928,36014,12377,1163,11214,44,009,2015
"Aiken County, South Carolina",165829,163817,79235,19089,10147,8942,47191,5032,42159,12955,1033,11922,84582,17443,8223,9220,51354,7865,43489,15785,1429,14356,45,003,2015
"Anderson County, South Carolina",194692,193118,92875,22937,9557,13380,55842,4943,50899,14096,1584,12512,100243,21986,9968,12018,59950,8683,51267,18307,2315,15992,45,007,2015
"Beaufort County, South Carolina",179589,172640,81625,17306,6680,10626,43105,4604,38501,21214,575,20639,91015,17832,6539,11293,50140,6250,43890,23043,941,22102,45,013,2015
"Berkeley County, South Carolina",202786,197569,96248,24977,9964,15013,59697,4526,55171,11574,1167,10407,101321,24142,9325,14817,62911,6563,56348,14268,1746,12522,45,015,2015
"Charleston County, South Carolina",389262,382331,182941,39722,12083,27639,117792,6603,111189,25427,2343,23084,199390,38330,13954,24376,128844,13068,115776,32216,4618,27598,45,019,2015
"Darlington County, South Carolina",67548,66758,32437,8776,4953,3823,18843,1810,17033,4818,348,4470,34321,6652,3390,3262,21470,4411,17059,6199,325,5874,45,031,2015
"Dorchester County, South Carolina",152478,148901,71497,19588,6128,13460,43819,4338,39481,8090,942,7148,77404,19112,7939,11173,48457,7242,41215,9835,2000,7835,45,035,2015
"Florence County, South Carolina",138900,137476,64205,17321,8009,9312,38096,4976,33120,8788,743,8045,73271,16136,8557,7579,45055,8103,36952,12080,2336,9744,45,041,2015
"Greenville County, South Carolina",491863,487787,236057,58679,19141,39538,146238,10276,135962,31140,3397,27743,251730,55966,19580,36386,156218,17643,138575,39546,4018,35528,45,045,2015
"Greenwood County, South Carolina",69838,68784,33044,8796,4750,4046,19565,2142,17423,4683,238,4445,35740,7255,2835,4420,21910,3428,18482,6575,1387,5188,45,047,2015
"Horry County, South Carolina",309199,308186,149727,30273,13960,16313,88784,7112,81672,30670,2613,28057,158459,28625,14185,14440,95455,16422,79033,34379,3259,31120,45,051,2015
"Lancaster County, South Carolina",85842,83936,40595,9896,4560,5336,23348,1294,22054,7351,943,6408,43341,8978,3925,5053,25214,4605,20609,9149,1185,7964,45,057,2015
"Laurens County, South Carolina",66623,65484,32899,8189,4358,3831,19845,2008,17837,4865,446,4419,32585,6415,4063,2352,20458,3739,16719,5712,613,5099,45,059,2015
"Lexington County, South Carolina",281833,278772,136593,34274,14301,19973,84071,7405,76666,18248,1093,17155,142179,31637,11060,20577,88679,9498,79181,21863,1627,20236,45,063,2015
"Oconee County, South Carolina",75713,75230,36814,7337,3706,3631,21694,3275,18419,7783,501,7282,38416,7701,3863,3838,21707,3748,17959,9008,843,8165,45,073,2015
"Orangeburg County, South Carolina",89208,88505,41186,9950,7334,2616,24614,4233,20381,6622,1318,5304,47319,10002,6659,3343,28551,7954,20597,8766,3063,5703,45,075,2015
"Pickens County, South Carolina",121691,120999,61197,12194,5329,6865,40749,2760,37989,8254,791,7463,59802,11036,4299,6737,38528,4522,34006,10238,1254,8984,45,077,2015
"Richland County, South Carolina",407051,384267,180641,43903,20576,23327,117876,10146,107730,18862,2612,16250,203626,43858,19914,23944,133352,20211,113141,26416,4121,22295,45,079,2015
"Spartanburg County, South Carolina",297302,293000,140269,34993,14899,20094,85585,9042,76543,19691,1823,17868,152731,34563,14985,19578,92922,13134,79788,25246,4958,20288,45,083,2015
"Sumter County, South Carolina",107480,104271,49303,13268,7118,6150,29611,3607,26004,6424,775,5649,54968,12717,6435,6282,33193,6587,26606,9058,1893,7165,45,085,2015
"York County, South Carolina",251195,249693,119730,30998,9242,21756,74522,5165,69357,14210,1493,12717,129963,30668,9278,21390,80966,8232,72734,18329,1622,16707,45,091,2015
"Minnehaha County, South Dakota",185197,182457,91505,24164,6338,17826,57224,3890,53334,10117,757,9360,90952,21796,6825,14971,56895,5687,51208,12261,1221,11040,46,099,2015
"Pennington County, South Dakota",108702,106097,53168,13739,5090,8649,31336,1695,29641,8093,1261,6832,52929,11612,3876,7736,32307,2624,29683,9010,1357,7653,46,103,2015
"Anderson County, Tennessee",75749,74841,35536,7892,4411,3481,21787,2967,18820,5857,540,5317,39305,7712,3906,3806,23402,5165,18237,8191,1310,6881,47,001,2015
"Blount County, Tennessee",127253,126086,60592,13565,4243,9322,36264,4033,32231,10763,1420,9343,65494,13014,4533,8481,39570,5835,33735,12910,1644,11266,47,009,2015
"Bradley County, Tennessee",104091,103065,49583,11757,4807,6950,30694,3531,27163,7132,533,6599,53482,11835,4480,7355,32754,5268,27486,8893,1148,7745,47,011,2015
"Davidson County, Tennessee",678889,672763,322731,72594,34955,37639,219540,18940,200600,30597,4503,26094,350032,72597,35500,37097,234271,33811,200460,43164,7102,36062,47,037,2015
"Greene County, Tennessee",68580,67395,33000,6794,3692,3102,19939,4002,15937,6267,871,5396,34395,6446,3832,2614,20771,4902,15869,7178,1214,5964,47,059,2015
"Hamilton County, Tennessee",354098,350105,168301,38212,13675,24537,105898,8736,97162,24191,2587,21604,181804,36286,11223,25063,113310,16503,96807,32208,4714,27494,47,065,2015
"Knox County, Tennessee",451324,447898,217639,49604,19797,29807,140155,12004,128151,27880,2203,25677,230259,46499,18001,28498,146745,19370,127375,37015,4365,32650,47,093,2015
"Madison County, Tennessee",97610,96440,45316,10827,5731,5096,28090,3691,24399,6399,730,5669,51124,11724,5743,5981,31360,5760,25600,8040,1176,6864,47,113,2015
"Maury County, Tennessee",87757,86726,41507,10348,4640,5708,25580,2484,23096,5579,304,5275,45219,10179,4502,5677,27882,4142,23740,7158,996,6162,47,119,2015
"Montgomery County, Tennessee",193479,177703,82598,26304,8544,17760,49063,6182,42881,7231,849,6382,95105,25869,7080,18789,60165,9271,50894,9071,1244,7827,47,125,2015
"Putnam County, Tennessee",74553,73805,36431,7812,3550,4262,23458,2984,20474,5161,455,4706,37374,7667,3692,3975,23146,4031,19115,6561,1389,5172,47,141,2015
"Robertson County, Tennessee",68570,67541,33100,8701,3995,4706,20223,1379,18844,4176,433,3743,34441,8334,3886,4448,21044,2734,18310,5063,372,4691,47,147,2015
"Rutherford County, Tennessee",298612,296616,147349,38472,8873,29599,96095,7016,89079,12782,1349,11433,149267,35598,8999,26599,98136,8709,89427,15533,1895,13638,47,149,2015
"Sevier County, Tennessee",95946,95047,45619,9970,3774,6196,27719,2246,25473,7930,834,7096,49428,9480,3569,5911,30170,2792,27378,9778,1614,8164,47,155,2015
"Shelby County, Tennessee",938069,924973,436446,119563,53268,66295,271547,32620,238927,45336,5797,39539,488527,117709,55453,62256,306573,52545,254028,64245,11871,52374,47,157,2015
"Sullivan County, Tennessee",156791,155232,75443,16000,8058,7942,45475,5531,39944,13968,1602,12366,79789,14823,5560,9263,47304,8088,39216,17662,2260,15402,47,163,2015
"Sumner County, Tennessee",175989,174390,84757,21602,7555,14047,51427,3801,47626,11728,1033,10695,89633,20919,6057,14862,54533,5889,48644,14181,1547,12634,47,165,2015
"Washington County, Tennessee",126302,124516,60288,12362,3849,8513,38355,3127,35228,9571,1520,8051,64228,12260,4327,7933,40320,4791,35529,11648,1189,10459,47,179,2015
"Williamson County, Tennessee",211672,211198,102648,29766,2992,26774,61335,1685,59650,11547,1008,10539,108550,29312,2330,26982,65442,3029,62413,13796,612,13184,47,187,2015
"Wilson County, Tennessee",128911,127659,62029,16005,3129,12876,37410,2167,35243,8614,272,8342,65630,15099,5076,10023,40377,3632,36745,10154,1250,8904,47,189,2015
"Angelina County, Texas",88255,85831,41906,12462,6520,5942,24074,1344,22730,5370,1020,4350,43925,10603,4239,6364,25906,2767,23139,7416,1273,6143,48,005,2015
"Bastrop County, Texas",80527,78426,37637,10009,4779,5230,22844,2151,20693,4784,254,4530,40789,10499,4086,6413,24530,2194,22336,5760,621,5139,48,021,2015
"Bell County, Texas",334941,310432,146365,46870,16130,30740,84436,5759,78677,15059,1917,13142,164067,46452,17081,29371,99360,10445,88915,18255,2829,15426,48,027,2015
"Bexar County, Texas",1897753,1866755,911413,250039,111781,138258,568485,52950,515535,92889,12694,80195,955342,243393,101639,141754,590916,66915,524001,121033,22174,98859,48,029,2015
"Bowie County, Texas",93389,88121,41966,10719,4546,6173,25515,2678,22837,5732,517,5215,46155,11903,6399,5504,26106,4269,21837,8146,914,7232,48,037,2015
"Brazoria County, Texas",346312,334188,163032,46478,10451,36027,99687,2845,96842,16867,1694,15173,171156,45603,8089,37514,105728,5658,100070,19825,2775,17050,48,039,2015
"Brazos County, Texas",215037,211111,105869,22257,8226,14031,75716,2606,73110,7896,835,7061,105242,21785,8221,13564,73792,4070,69722,9665,1069,8596,48,041,2015
"Cameron County, Texas",422156,419293,202320,66775,43179,23596,111943,10976,100967,23602,5343,18259,216973,65025,43684,21341,122727,16393,106334,29221,9624,19597,48,061,2015
"Collin County, Texas",914127,911182,447194,125425,21617,103808,281951,7717,274234,39818,2329,37489,463988,120601,21434,99167,292604,9088,283516,50783,4860,45923,48,085,2015
"Comal County, Texas",129048,128155,63086,15539,5324,10215,37010,1785,35225,10537,487,10050,65069,14498,3516,10982,38744,2045,36699,11827,668,11159,48,091,2015
"Coryell County, Texas",75503,57939,25574,8395,2768,5627,14311,852,13459,2868,184,2684,32365,9956,3167,6789,18828,1822,17006,3581,350,3231,48,099,2015
"Dallas County, Texas",2553385,2533711,1244122,347465,177305,170160,790751,56832,733919,105906,15615,90291,1289589,334292,169648,164644,814620,90847,723773,140677,26171,114506,48,113,2015
"Denton County, Texas",780612,776831,381613,102793,19911,82882,247957,8070,239887,30863,2150,28713,395218,98356,21656,76700,258148,8678,249470,38714,3852,34862,48,121,2015
"Ector County, Texas",159436,158054,80688,25110,7377,17733,48985,2473,46512,6593,1233,5360,77366,22622,6618,16004,46776,4319,42457,7968,1243,6725,48,135,2015
"Craighead County, Arkansas",105835,104786,51863,13504,7635,5869,32636,5191,27445,5723,706,5017,52923,12576,6332,6244,32156,8773,23383,8191,1561,6630,05,031,2016
"Faulkner County, Arkansas",122227,121025,58307,14447,6007,8440,37754,5310,32444,6106,535,5571,62718,13907,5598,8309,40574,8106,32468,8237,1175,7062,05,045,2016
"Garland County, Arkansas",97477,96213,46292,10440,6091,4349,26209,3996,22213,9643,1009,8634,49921,9832,6758,3074,28813,6171,22642,11276,1538,9738,05,051,2016
"Jefferson County, Arkansas",70016,65670,30999,8297,4148,4149,18102,4360,13742,4600,1131,3469,34671,7480,3582,3898,20924,5610,15314,6267,1240,5027,05,069,2016
"Lonoke County, Arkansas",72228,70607,34676,9712,3740,5972,20692,3590,17102,4272,619,3653,35931,8723,3790,4933,21858,3503,18355,5350,1070,4280,05,085,2016
"Pulaski County, Arkansas",393250,386784,183802,47508,25300,22208,112978,18029,94949,23316,3260,20056,202982,45058,24007,21051,126158,25275,100883,31766,3272,28494,05,119,2016
"Saline County, Arkansas",118703,117440,58343,14451,5224,9227,34602,4027,30575,9290,551,8739,59097,13220,3985,9235,34857,5054,29803,11020,901,10119,05,125,2016
"Sebastian County, Arkansas",127793,126838,61410,15438,9974,5464,37669,6218,31451,8303,657,7646,65428,15399,8009,7390,39219,9073,30146,10810,1499,9311,05,131,2016
"Washington County, Arkansas",228049,226224,112121,28254,12605,15649,72164,7238,64926,11703,1243,10460,114103,27876,11989,15887,72010,9882,62128,14217,2077,12140,05,143,2016
"White County, Arkansas",79263,78755,37789,9362,3282,6080,23057,3822,19235,5370,512,4858,40966,9351,4547,4804,24819,5358,19461,6796,789,6007,05,145,2016
"Alameda County, California",1647704,1638769,804484,176747,55590,121157,535214,84466,450748,92523,15931,76592,834285,168345,50434,117911,547132,101130,446002,118808,27656,91152,06,001,2016
"Butte County, California",226864,223789,109696,23783,11705,12078,68176,18509,49667,17737,3059,14678,114093,21805,11011,10794,70111,21666,48445,22177,4088,18089,06,007,2016
"Contra Costa County, California",1135127,1129678,551572,132695,41725,90970,345428,48066,297362,73449,9335,64114,578106,128460,39327,89133,355942,61346,294596,93704,14264,79440,06,013,2016
"El Dorado County, California",185625,184404,92796,20230,4676,15554,55444,9946,45498,17122,1561,15561,91608,17667,5914,11753,55709,11852,43857,18232,2385,15847,06,017,2016
"Fresno County, California",979915,969448,480730,142886,85811,57075,286948,87085,199863,50896,11137,39759,488718,137271,86129,51142,288307,103489,184818,63140,15925,47215,06,019,2016
"Humboldt County, California",136646,135753,67005,12986,7555,5431,43433,15110,28323,10586,1311,9275,68748,13524,6734,6790,43040,15063,27977,12184,2354,9830,06,023,2016
"Imperial County, California",180883,171672,83632,26799,16251,10548,46679,14430,32249,10154,4190,5964,88040,24929,13778,11151,50351,20444,29907,12760,5633,7127,06,025,2016
"Kern County, California",884788,855550,426463,131165,75872,55293,254519,72590,181929,40779,8383,32396,429087,126640,76746,49894,253666,97706,155960,48781,14374,34407,06,029,2016
"Kings County, California",149785,132848,66656,20527,8414,12113,39771,8699,31072,6358,1089,5269,66192,20383,8957,11426,38051,10073,27978,7758,1824,5934,06,031,2016
"Lake County, California",64116,63496,30874,6438,4227,2211,17175,7591,9584,7261,1270,5991,32622,6835,4900,1935,18142,7344,10798,7645,1311,6334,06,033,2016
"Los Angeles County, California",10137915,10072777,4953375,1148861,567236,581625,3249328,684576,2564752,555186,143430,411756,5119402,1100219,546699,553520,3292661,869978,2422683,726522,230032,496490,06,037,2016
"Madera County, California",154697,147136,72032,21324,15633,5691,40831,14367,26464,9877,2098,7779,75104,21208,14584,6624,43901,17962,25939,9995,2282,7713,06,039,2016
"Marin County, California",260651,255991,122698,26379,5668,20711,72928,7976,64952,23391,2893,20498,133293,26640,5776,20864,77094,8829,68265,29559,3351,26208,06,041,2016
"Mendocino County, California",87628,86931,42351,9196,6239,2957,25355,7731,17624,7800,772,7028,44580,10063,6248,3815,25099,10382,14717,9418,1592,7826,06,045,2016
"Merced County, California",268672,265886,133092,41095,26133,14962,78929,29468,49461,13068,3023,10045,132794,39049,26935,12114,78342,35040,43302,15403,4970,10433,06,047,2016
"Monterey County, California",435232,419886,208615,59271,32543,26728,125004,25264,99740,24340,4683,19657,211271,55377,32168,23209,126102,32642,93460,29792,5972,23820,06,053,2016
"Napa County, California",142166,140216,69212,15214,4664,10550,42824,6955,35869,11174,832,10342,71004,14848,4132,10716,42581,6838,35743,13575,2333,11242,06,055,2016
"Nevada County, California",99107,98215,49905,10072,2934,7138,27565,4559,23006,12268,938,11330,48310,7648,3207,4441,27632,6136,21496,13030,949,12081,06,057,2016
"Orange County, California",3172532,3155801,1555515,363359,138940,224419,997793,148163,849630,194363,27083,167280,1600286,348404,132807,215597,1009230,184426,824804,242652,44958,197694,06,059,2016
"Placer County, California",380531,377667,183759,43241,9145,34096,108895,12399,96496,31623,2403,29220,193908,42072,7931,34141,112354,15300,97054,39482,3907,35575,06,061,2016
"Riverside County, California",2387741,2366438,1170269,311629,161474,150155,708827,159012,549815,149813,21987,127826,1196169,301423,142741,158682,716179,200649,515530,178567,34774,143793,06,065,2016
"Sacramento County, California",1514460,1500522,728578,184439,87411,97028,456041,111627,344414,88098,18274,69824,771944,178035,81494,96541,478880,126511,352369,115029,22436,92593,06,067,2016
"San Bernardino County, California",2140096,2089284,1019505,291736,156290,135446,624783,156183,468600,102986,17333,85653,1069779,281076,157085,123991,660170,205675,454495,128533,31612,96921,06,071,2016
"San Diego County, California",3317749,3220462,1585788,371378,142947,228431,1019962,154619,865343,194448,33737,160711,1634674,356071,138723,217348,1034723,197733,836990,243880,49922,193958,06,073,2016
"San Francisco County, California",870887,866553,441461,59815,18966,40849,324693,43940,280753,56953,13726,43227,425092,58002,14506,43496,297242,44301,252941,69848,21606,48242,06,075,2016
"San Joaquin County, California",733709,725875,359945,103006,52287,50719,217791,54697,163094,39148,7913,31235,365930,98138,50551,47587,218519,70323,148196,49273,12713,36560,06,077,2016
"San Luis Obispo County, California",282887,276422,137066,25569,8839,16730,86793,9631,77162,24704,802,23902,139356,25075,8941,16134,85700,11824,73876,28581,2011,26570,06,079,2016
"San Mateo County, California",764797,761136,375680,83112,21709,61403,242706,26784,215922,49862,6838,43024,385456,78153,21307,56846,243069,34100,208969,64234,11618,52616,06,081,2016
"Santa Barbara County, California",446170,439316,217760,50777,27463,23314,138605,22242,116363,28378,3549,24829,221556,49187,24769,24418,136798,28193,108605,35571,4882,30689,06,083,2016
"Santa Clara County, California",1919402,1910117,963190,221819,63111,158708,633949,86972,546977,107422,20286,87136,946927,210986,62255,148731,602475,98087,504388,133466,31199,102267,06,085,2016
"Santa Cruz County, California",274673,272994,134906,27898,11638,16260,88481,13808,74673,18527,2820,15707,138088,26190,10432,15758,89983,20175,69808,21915,2966,18949,06,087,2016
"Shasta County, California",179631,178192,87773,20266,10647,9619,50995,14190,36805,16512,1230,15282,90419,18180,9597,8583,52782,15136,37646,19457,1664,17793,06,089,2016
"Solano County, California",440207,427533,208262,50738,23144,27594,130005,25135,104870,27519,3265,24254,219271,48036,21229,26807,135687,31552,104135,35548,6358,29190,06,095,2016
"Sonoma County, California",503070,498003,242513,50882,19779,31103,151513,23526,127987,40118,4447,35671,255490,49451,18459,30992,155714,30337,125377,50325,6925,43400,06,097,2016
"Stanislaus County, California",541560,538462,264490,73686,41305,32381,160798,46875,113923,30006,6611,23395,273972,73183,39131,34052,162975,57327,105648,37814,9946,27868,06,099,2016
"Sutter County, California",96651,95417,48080,13387,7731,5656,28054,8405,19649,6639,1813,4826,47337,11558,7233,4325,28330,11896,16434,7449,1958,5491,06,101,2016
"Tulare County, California",460437,456802,226801,72541,38364,34177,131858,37429,94429,22402,5264,17138,230001,71253,34961,36292,132252,46337,85915,26496,7349,19147,06,107,2016
"Ventura County, California",849738,843130,415509,101051,37293,63758,259697,36111,223586,54761,6522,48239,427621,98969,37059,61910,261226,47352,213874,67426,10773,56653,06,111,2016
"Yolo County, California",215802,214550,104315,22863,10232,12631,69963,11884,58079,11489,1427,10062,110235,22702,8599,14103,73616,14478,59138,13917,2576,11341,06,113,2016
"Yuba County, California",75275,72932,36326,10735,5723,5012,21550,6122,15428,4041,480,3561,36606,10227,5268,4959,22397,7629,14768,3982,853,3129,06,115,2016
"Adams County, Colorado",498187,494284,248115,69085,31125,37960,156763,20483,136280,22267,2635,19632,246169,66854,31440,35414,152488,28784,123704,26827,4000,22827,08,001,2016
"Arapahoe County, Colorado",637068,630246,310953,79264,22507,56757,197272,22729,174543,34417,3952,30465,319293,73165,22082,51083,202989,26084,176905,43139,6244,36895,08,005,2016
"Boulder County, Colorado",322226,320093,160734,32334,7090,25244,109179,9634,99545,19221,1414,17807,159359,31035,6340,24695,105739,11828,93911,22585,1500,21085,08,013,2016
"Broomfield County, Colorado",66529,66176,32413,7643,886,6757,21132,1573,19559,3638,445,3193,33763,8024,1369,6655,20975,1556,19419,4764,514,4250,08,014,2016
"Denver County, Colorado",693060,687874,345149,71393,35139,36254,240389,36462,203927,33367,4255,29112,342725,69090,32582,36508,231335,46825,184510,42300,6517,35783,08,031,2016
"Douglas County, Colorado",328632,327995,163604,46261,5206,41055,100529,5337,95192,16814,907,15907,164391,43145,4051,39094,102077,6321,95756,19169,1455,17714,08,035,2016
"El Paso County, Colorado",688284,655145,320259,87007,32654,54353,196634,30508,166126,36618,2907,33711,334886,81737,29068,52669,207514,40165,167349,45635,4910,40725,08,041,2016
"Jefferson County, Colorado",571837,565358,279488,58948,14673,44275,181005,20397,160608,39535,3029,36506,285870,56536,14379,42157,181173,23502,157671,48161,3558,44603,08,059,2016
"Larimer County, Colorado",339993,337766,169050,35388,9903,25485,110745,12007,98738,22917,1993,20924,168716,32560,9595,22965,109683,17610,92073,26473,1946,24527,08,069,2016
"Mesa County, Colorado",150083,149144,73784,17548,9033,8515,44016,10145,33871,12220,830,11390,75360,16134,7473,8661,45006,12227,32779,14220,2264,11956,08,077,2016
"Pueblo County, Colorado",165123,161956,79566,19160,10481,8679,47282,14062,33220,13124,2030,11094,82390,18530,11695,6835,48465,16204,32261,15395,2906,12489,08,101,2016
"Weld County, Colorado",294932,292364,146677,40356,16262,24094,90305,12645,77660,16016,1808,14208,145687,37887,13830,24057,90168,16655,73513,17632,2162,15470,08,123,2016
"Fairfield County, Connecticut",944177,935871,455102,111236,35093,76143,285699,35961,249738,58167,5558,52609,480769,106343,33160,73183,297516,52236,245280,76910,9437,67473,09,001,2016
"Hartford County, Connecticut",892389,878739,424171,97249,35993,61256,267411,40592,226819,59511,7641,51870,454568,92960,34698,58262,281483,58221,223262,80125,14253,65872,09,003,2016
"Litchfield County, Connecticut",182571,181334,90277,18155,4974,13181,55647,9244,46403,16475,1961,14514,91057,16063,4439,11624,56094,9469,46625,18900,3298,15602,09,005,2016
"Middlesex County, Connecticut",163329,161546,79530,15985,4795,11190,50483,4809,45674,13062,1090,11972,82016,14195,3748,10447,51593,6843,44750,16228,2091,14137,09,007,2016
"New Haven County, Connecticut",856875,846577,407719,90100,36522,53578,259705,44652,215053,57914,7337,50577,438858,86185,36997,49188,276461,59121,217340,76212,11513,64699,09,009,2016
"New London County, Connecticut",269801,258352,126034,26825,12309,14516,79605,12914,66691,19604,2151,17453,132318,26727,11233,15494,81198,18351,62847,24393,4435,19958,09,011,2016
"Tolland County, Connecticut",151118,148200,73309,13509,2397,11112,49716,4771,44945,10084,627,9457,74891,13065,3092,9973,50276,7513,42763,11550,841,10709,09,013,2016
"Windham County, Connecticut",116192,114535,56272,11156,4015,7141,37413,6698,30715,7703,604,7099,58263,11706,5221,6485,37134,8524,28610,9423,2296,7127,09,015,2016
"Kent County, Delaware",174827,171909,81894,20612,9801,10811,49045,8457,40588,12237,1392,10845,90015,19778,8270,11508,54095,13783,40312,16142,1787,14355,10,001,2016
"New Castle County, Delaware",556987,548463,263290,61248,18077,43171,168017,21836,146181,34025,3454,30571,285173,60230,19455,40775,180408,30340,150068,44535,6092,38443,10,003,2016
"Sussex County, Delaware",220251,217563,105019,21233,10375,10858,57660,9378,48282,26126,2556,23570,112544,20603,10542,10061,62371,11003,51368,29570,3474,26096,10,005,2016
"District of Columbia, District of Columbia",681170,670985,315799,60445,29718,30727,224017,45775,178242,31337,7985,23352,355186,59868,29620,30248,249861,64204,185657,45457,12372,33085,11,001,2016
"Alachua County, Florida",263496,260788,124830,23741,11114,12627,86360,8988,77372,14729,2031,12698,135958,23962,10105,13857,93151,10110,83041,18845,2827,16018,12,001,2016
"Bay County, Florida",183974,179288,87559,20450,6783,13667,52909,6619,46290,14200,1466,12734,91729,19456,8857,10599,56012,8781,47231,16261,1940,14321,12,005,2016
"Brevard County, Florida",579130,574700,279504,54401,21161,33240,164633,15834,148799,60470,6787,53683,295196,52500,21808,30692,170888,25597,145291,71808,8657,63151,12,009,2016
"Broward County, Florida",1909632,1897888,920986,206431,92486,113945,582579,42117,540462,131976,16728,115248,976902,200312,83273,117039,605685,65108,540577,170905,29417,141488,12,011,2016
"Charlotte County, Florida",178465,174869,84771,11976,4924,7052,39763,4912,34851,33032,2314,30718,90098,10788,5079,5709,43951,5679,38272,35359,2941,32418,12,015,2016
"Citrus County, Florida",143621,141147,67374,10512,7185,3327,32663,6655,26008,24199,1628,22571,73773,9552,6773,2779,38185,9670,28515,26036,2713,23323,12,017,2016
"Clay County, Florida",208311,204791,99846,24970,6182,18788,60921,5708,55213,13955,1951,12004,104945,24375,6773,17602,63843,8501,55342,16727,2271,14456,12,019,2016
"Collier County, Florida",365136,363285,177587,32502,14396,18106,91952,5563,86389,53133,2795,50338,185698,31431,15379,16052,95240,9004,86236,59027,4570,54457,12,021,2016
"Columbia County, Florida",69299,64301,31204,7453,3078,4375,18239,2512,15727,5512,960,4552,33097,7295,3118,4177,19185,3924,15261,6617,1258,5359,12,023,2016
"Duval County, Florida",926255,904469,433008,106513,43524,62989,273558,27550,246008,52937,7302,45635,471461,102957,43737,59220,299307,45066,254241,69197,9798,59399,12,031,2016
"Escambia County, Florida",315187,298529,142867,32985,12928,20057,87659,9478,78181,22223,1996,20227,155662,32693,14742,17951,94728,13463,81265,28241,2962,25279,12,033,2016
"Flagler County, Florida",108310,107932,52118,9955,3322,6633,26713,2594,24119,15450,1014,14436,55814,8870,3301,5569,29387,2951,26436,17557,2042,15515,12,035,2016
"Hernando County, Florida",182835,181103,86501,17251,6733,10518,46052,5802,40250,23198,2098,21100,94602,16866,6961,9905,51018,8381,42637,26718,3043,23675,12,053,2016
"Highlands County, Florida",100917,99798,47400,7869,5287,2582,23682,7254,16428,15849,1689,14160,52398,9808,6465,3343,24736,5820,18916,17854,2203,15651,12,055,2016
"Hillsborough County, Florida",1376238,1366358,663704,161161,69878,91283,420837,45538,375299,81706,11826,69880,702654,154776,66249,88527,443793,59843,383950,104085,16664,87421,12,057,2016
"Indian River County, Florida",151563,150262,71944,12324,6990,5334,37438,5081,32357,22182,942,21240,78318,12285,6291,5994,40203,8704,31499,25830,2461,23369,12,061,2016
"Lake County, Florida",335396,332024,161228,34536,15921,18615,86004,10538,75466,40688,2939,37749,170796,30686,14166,16520,92722,12115,80607,47388,4220,43168,12,069,2016
"Lee County, Florida",722336,717346,350791,67278,30437,36841,189802,17032,172770,93711,7151,86560,366555,63927,28574,35353,200815,24585,176230,101813,9900,91913,12,071,2016
"Leon County, Florida",287822,284277,134620,27133,9640,17493,92036,9275,82761,15451,1314,14137,149657,26292,9012,17280,103792,10959,92833,19573,2476,17097,12,073,2016
"Manatee County, Florida",375888,372850,179401,35494,16847,18647,98277,10675,87602,45630,3575,42055,193449,35405,17102,18303,105477,13966,91511,52567,4449,48118,12,081,2016
"Marion County, Florida",349020,339935,164815,33963,18510,15453,84842,14962,69880,46010,3971,42039,175120,31021,15096,15925,91780,15911,75869,52319,6021,46298,12,083,2016
"Martin County, Florida",158701,155124,75566,13812,6124,7688,40127,3389,36738,21627,1101,20526,79558,13139,4793,8346,41014,4740,36274,25405,2305,23100,12,085,2016
"Miami-Dade County, Florida",2712945,2686274,1295836,281129,154100,127029,839021,85524,753497,175686,62428,113258,1390438,270666,149725,120941,871291,121544,749747,248481,105150,143331,12,086,2016
"Monroe County, Florida",79077,76986,39971,6235,1774,4461,24525,1565,22960,9211,839,8372,37015,5603,1451,4152,23581,1673,21908,7831,921,6910,12,087,2016
"Nassau County, Florida",80622,79287,38024,8286,2046,6240,21508,2018,19490,8230,94,8136,41263,7589,1948,5641,24891,3059,21832,8783,272,8511,12,089,2016
"Okaloosa County, Florida",201170,187594,90835,22914,7529,15385,54063,4038,50025,13858,1309,12549,96759,21248,5983,15265,58322,6351,51971,17189,2323,14866,12,091,2016
"Orange County, Florida",1314367,1302091,637149,150933,67818,83115,422750,37610,385140,63466,10280,53186,664942,144513,60609,83904,439746,61799,377947,80683,16287,64396,12,095,2016
"Osceola County, Florida",336015,334521,163043,40426,16596,23830,103183,12182,91001,19434,1890,17544,171478,42462,19465,22997,105343,15756,89587,23673,4398,19275,12,097,2016
"Palm Beach County, Florida",1443810,1430841,689320,142780,55389,87391,400775,32980,367795,145765,11182,134583,741521,136522,57733,78789,419417,45811,373606,185582,21140,164442,12,099,2016
"Pasco County, Florida",512368,506685,245785,52953,19820,33133,139843,19573,120270,52989,6955,46034,260900,50812,22271,28541,148221,25319,122902,61867,11180,50687,12,101,2016
"Pinellas County, Florida",960730,950345,455656,81255,35434,45821,274922,30226,244696,99479,9297,90182,494689,78790,29738,49052,292417,38341,254076,123482,14976,108506,12,103,2016
"Polk County, Florida",666149,657655,319376,76111,36173,39938,182756,24611,158145,60509,7709,52800,338279,73108,36391,36717,194142,35130,159012,71029,9843,61186,12,105,2016
"Putnam County, Florida",72277,71285,35872,9042,6850,2192,19478,3540,15938,7352,541,6811,35413,6549,4436,2113,20677,5022,15655,8187,1184,7003,12,107,2016
"St. Johns County, Florida",235087,233466,113947,27372,5652,21720,66140,4661,61479,20435,912,19523,119519,24549,5374,19175,71613,6162,65451,23357,1385,21972,12,109,2016
"St. Lucie County, Florida",306507,304292,147553,31600,16975,14625,82399,10536,71863,33554,2665,30889,156739,30359,14262,16097,88548,12917,75631,37832,4078,33754,12,111,2016
"Santa Rosa County, Florida",170497,159924,77207,18864,5763,13101,46624,4582,42042,11719,836,10883,82717,18990,4959,14031,50328,6422,43906,13399,833,12566,12,113,2016
"Sarasota County, Florida",412569,408781,195698,31718,10694,21024,98370,8132,90238,65610,4828,60782,213083,28120,10889,17231,107241,10584,96657,77722,4854,72868,12,115,2016
"Seminole County, Florida",455479,453074,218357,49232,12012,37220,139703,7677,132026,29422,1840,27582,234717,47334,12349,34985,148969,13153,135816,38414,4571,33843,12,117,2016
"Sumter County, Florida",123996,114795,52893,4050,1882,2168,15175,3386,11789,33668,2324,31344,61902,4604,2435,2169,21494,3700,17794,35804,2628,33176,12,119,2016
"Volusia County, Florida",529364,524767,256145,48844,19343,29501,151094,17878,133216,56207,5848,50359,268622,45220,19488,25732,155476,23304,132172,67926,9079,58847,12,127,2016
"Walton County, Florida",65889,63589,32166,7165,1991,5174,18753,1973,16780,6248,1003,5245,31423,5763,1274,4489,19188,2243,16945,6472,489,5983,12,131,2016
"Barrow County, Georgia",77126,76986,37911,10561,4155,6406,23297,2133,21164,4053,776,3277,39075,9961,4592,5369,24391,3796,20595,4723,854,3869,13,013,2016
"Bartow County, Georgia",103807,102236,50483,13896,6020,7876,30324,3787,26537,6263,789,5474,51753,11947,5499,6448,32561,6063,26498,7245,1007,6238,13,015,2016
"Bibb County, Georgia",152760,149058,68850,19367,10970,8397,40723,6243,34480,8760,1691,7069,80208,18543,9143,9400,48738,7493,41245,12927,2591,10336,13,021,2016
"Bulloch County, Georgia",74722,73852,37028,8050,3824,4226,25175,1764,23411,3803,359,3444,36824,6588,1455,5133,25963,3415,22548,4273,1073,3200,13,031,2016
"Carroll County, Georgia",116261,114969,56842,15110,4375,10735,35195,3882,31313,6537,624,5913,58127,12886,4857,8029,36958,6548,30410,8283,1212,7071,13,045,2016
"Catoosa County, Georgia",66398,65906,32770,8896,2930,5966,19031,1226,17805,4843,414,4429,33136,6289,2844,3445,20549,2770,17779,6298,376,5922,13,047,2016
"Chatham County, Georgia",289082,281595,133101,32270,14695,17575,83158,4889,78269,17673,1903,15770,148494,30991,17070,13921,94497,10489,84008,23006,2921,20085,13,051,2016
"Cherokee County, Georgia",241689,240501,118242,32458,6417,26041,72441,2093,70348,13343,749,12594,122259,28651,6043,22608,75802,3977,71825,17806,1526,16280,13,057,2016
"Clarke County, Georgia",124707,124018,59645,12107,6501,5606,42646,2588,40058,4892,613,4279,64373,9171,4605,4566,47939,3561,44378,7263,718,6545,13,059,2016
"Clayton County, Georgia",279462,275925,125899,37326,19084,18242,78084,7323,70761,10489,1466,9023,150026,41609,24824,16785,94109,14896,79213,14308,2730,11578,13,063,2016
"Cobb County, Georgia",748150,743437,358313,91274,21918,69356,230111,8505,221606,36928,3333,33595,385124,90071,24055,66016,247878,13325,234553,47175,5006,42169,13,067,2016
"Columbia County, Georgia",147450,142792,67958,19217,3373,15844,40233,2524,37709,8508,834,7674,74834,19021,1195,17826,45984,2153,43831,9829,1505,8324,13,073,2016
"Coweta County, Georgia",140526,140021,67932,18191,5343,12848,42078,1594,40484,7663,780,6883,72089,17227,4920,12307,44950,4248,40702,9912,1510,8402,13,077,2016
"DeKalb County, Georgia",740321,733763,346117,88524,36590,51934,224674,17284,207390,32919,4747,28172,387646,86702,40018,46684,253362,27996,225366,47582,7728,39854,13,089,2016
"Dougherty County, Georgia",90017,88196,39491,10935,7008,3927,23441,2947,20494,5115,665,4450,48705,11477,6492,4985,29764,5122,24642,7464,1386,6078,13,095,2016
"Douglas County, Georgia",142224,140859,67875,19408,7446,11962,41442,2137,39305,7025,448,6577,72984,17697,6825,10872,46627,4014,42613,8660,797,7863,13,097,2016
"Fayette County, Georgia",111627,111338,53808,13276,2776,10500,31880,531,31349,8652,520,8132,57530,12747,1775,10972,34300,1038,33262,10483,207,10276,13,113,2016
"Floyd County, Georgia",96560,94362,45679,11720,5435,6285,27314,2096,25218,6645,670,5975,48683,10614,4176,6438,29773,3911,25862,8296,776,7520,13,115,2016
"Forsyth County, Georgia",221009,220246,109092,31932,3709,28223,65351,1848,63503,11809,415,11394,111154,30071,3888,26183,66439,2123,64316,14644,1311,13333,13,117,2016
"Fulton County, Georgia",1023336,1013346,486467,117011,46073,70938,323710,19045,304665,45746,5496,40250,526879,114489,42048,72441,347470,30190,317280,64920,10500,54420,13,121,2016
"Glynn County, Georgia",84502,83516,39055,9788,4231,5557,22853,2147,20706,6414,200,6214,44461,9609,5781,3828,26567,3223,23344,8285,1121,7164,13,127,2016
"Gwinnett County, Georgia",907135,902279,439561,126616,46795,79821,276410,12916,263494,36535,3559,32976,462718,122524,42168,80356,292796,18566,274230,47398,7065,40333,13,135,2016
"Hall County, Georgia",196637,195842,97204,26118,11653,14465,58654,3387,55267,12432,1918,10514,98638,24912,9416,15496,58235,4527,53708,15491,1939,13552,13,139,2016
"Henry County, Georgia",221768,220896,105447,30343,10146,20197,64523,4935,59588,10581,955,9626,115449,28123,10763,17360,74108,8134,65974,13218,764,12454,13,151,2016
"Houston County, Georgia",152122,149733,72655,20000,8546,11454,44170,3639,40531,8485,1299,7186,77078,18989,7430,11559,47723,5760,41963,10366,1695,8671,13,153,2016
"Liberty County, Georgia",62570,56372,26768,9177,2920,6257,15428,719,14709,2163,200,1963,29604,8405,3027,5378,18194,2023,16171,3005,382,2623,13,179,2016
"Lowndes County, Georgia",114628,107984,51114,14100,5019,9081,31258,2942,28316,5756,1313,4443,56870,13278,6782,6496,36088,5307,30781,7504,1618,5886,13,185,2016
"Muscogee County, Georgia",197485,186830,86933,24040,11181,12859,53169,6325,46844,9724,1964,7760,99897,23962,10268,13694,61033,9299,51734,14902,2947,11955,13,215,2016
"Newton County, Georgia",106999,106203,49461,13392,7157,6235,30316,3877,26439,5753,613,5140,56742,15103,7690,7413,34371,6090,28281,7268,1295,5973,13,217,2016
"Paulding County, Georgia",155825,154745,74892,21471,6435,15036,45988,3143,42845,7433,1234,6199,79853,20499,7072,13427,50126,4443,45683,9228,1456,7772,13,223,2016
"Richmond County, Georgia",201647,191485,88967,23619,13082,10537,54799,6861,47938,10549,2226,8323,102518,23109,12412,10697,63971,10812,53159,15438,3171,12267,13,245,2016
"Rockdale County, Georgia",89355,88449,41938,11380,4926,6454,25106,1920,23186,5452,1038,4414,46511,11079,4705,6374,28954,3017,25937,6478,1925,4553,13,247,2016
"Troup County, Georgia",70005,68575,33127,9534,3909,5625,19511,1364,18147,4082,645,3437,35448,7921,4417,3504,22062,2232,19830,5465,1267,4198,13,285,2016
"Walker County, Georgia",67896,66435,33016,8429,3830,4599,19604,1795,17809,4983,514,4469,33419,6867,3027,3840,20077,2890,17187,6475,1159,5316,13,295,2016
"Walton County, Georgia",90184,89345,43951,11934,5188,6746,26252,2361,23891,5765,787,4978,45394,10839,4634,6205,27253,3560,23693,7302,1304,5998,13,297,2016
"Whitfield County, Georgia",104589,103782,51592,14538,7279,7259,30944,1880,29064,6110,360,5750,52190,13719,7163,6556,30801,2983,27818,7670,1458,6212,13,313,2016
"Hawaii County, Hawaii",198449,196567,97299,21969,11499,10470,57019,15275,41744,18311,2260,16051,99268,20804,11259,9545,59286,14005,45281,19178,1954,17224,15,001,2016
"Honolulu County, Hawaii",992605,946353,463643,109875,28574,81301,282693,29702,252991,71075,8642,62433,482710,101876,25504,76372,290991,39309,251682,89843,12341,77502,15,003,2016
"Kauai County, Hawaii",72029,71386,34678,7488,2481,5007,20816,3349,17467,6374,668,5706,36708,8702,2669,6033,21128,2564,18564,6878,803,6075,15,007,2016
"Maui County, Hawaii",165379,164330,81450,19114,7664,11450,49737,4717,45020,12599,1133,11466,82880,17733,7263,10470,50691,8981,41710,14456,1382,13074,15,009,2016
"Ada County, Idaho",444028,437600,216834,55243,13030,42213,134031,8455,125576,27560,3887,23673,220766,53010,12788,40222,134980,9675,125305,32776,4421,28355,16,001,2016
"Bannock County, Idaho",84377,83267,41105,11129,4458,6671,24654,3214,21440,5322,579,4743,42162,11363,4701,6662,24924,3916,21008,5875,710,5165,16,005,2016
"Bonneville County, Idaho",112232,111042,55810,18240,6501,11739,30642,2461,28181,6928,749,6179,55232,16481,5934,10547,30926,3694,27232,7825,824,7001,16,019,2016
"Canyon County, Idaho",211698,210146,103134,31148,18520,12628,59061,5326,53735,12925,1763,11162,107012,30923,17073,13850,61010,8317,52693,15079,2401,12678,16,027,2016
"Kootenai County, Idaho",154311,153108,75546,18561,8414,10147,44402,2582,41820,12583,1238,11345,77562,16753,7795,8958,46193,5331,40862,14616,1873,12743,16,055,2016
"Twin Falls County, Idaho",83514,82748,40169,11468,4942,6526,23097,2235,20862,5604,1044,4560,42579,11706,5106,6600,24223,3030,21193,6650,721,5929,16,083,2016
"Adams County, Illinois",66578,65342,32160,7875,2097,5778,19108,2949,16159,5177,362,4815,33182,7154,3646,3508,19359,3955,15404,6669,596,6073,17,001,2016
"Champaign County, Illinois",208419,206456,102265,18837,4643,14194,72762,4948,67814,10666,450,10216,104191,19889,4935,14954,71365,7423,63942,12937,1181,11756,17,019,2016
"Cook County, Illinois",5203499,5155979,2498911,589184,271735,317449,1621373,224913,1396460,288354,37176,251178,2657068,571590,267204,304386,1690714,333542,1357172,394764,62782,331982,17,031,2016
"DeKalb County, Illinois",104528,103883,52446,12311,5013,7298,34890,4455,30435,5245,545,4700,51437,10519,4982,5537,34555,6886,27669,6363,362,6001,17,037,2016
"DuPage County, Illinois",929368,923443,453478,108821,22629,86192,287571,19028,268543,57086,4376,52710,469965,104893,21742,83151,292966,28085,264881,72106,7524,64582,17,043,2016
"Kane County, Illinois",531715,528527,263547,72012,28328,43684,162162,15783,146379,29373,1368,28005,264980,67477,24683,42794,161398,22861,138537,36105,4506,31599,17,089,2016
"Kankakee County, Illinois",110008,107888,52531,13303,4275,9028,31760,5754,26006,7468,702,6766,55357,12549,4908,7641,33748,6853,26895,9060,1076,7984,17,091,2016
"Kendall County, Illinois",124695,124365,61148,18930,2781,16149,37156,2232,34924,5062,36,5026,63217,16914,3715,13199,38669,3434,35235,7634,939,6695,17,093,2016
"Lake County, Illinois",703047,687670,339718,89158,25137,64021,210131,16697,193434,40429,3221,37208,347952,85035,23122,61913,214016,23117,190899,48901,4338,44563,17,097,2016
"LaSalle County, Illinois",110642,107168,53293,11783,4771,7012,32816,5013,27803,8694,764,7930,53875,11794,4635,7159,31700,6295,25405,10381,463,9918,17,099,2016
"McHenry County, Illinois",307004,305844,152086,38026,8901,29125,96108,9414,86694,17952,664,17288,153758,36261,9698,26563,96476,11739,84737,21021,1213,19808,17,111,2016
"McLean County, Illinois",172418,171172,84005,19474,4844,14630,55503,5773,49730,9028,596,8432,87167,18079,4341,13738,58041,7650,50391,11047,710,10337,17,113,2016
"Macon County, Illinois",106550,104060,49939,11902,5754,6148,29583,5245,24338,8454,943,7511,54121,11722,5495,6227,31450,9373,22077,10949,1599,9350,17,115,2016
"Madison County, Illinois",265759,263203,128133,30057,11255,18802,80241,12486,67755,17835,1342,16493,135070,28152,10174,17978,82887,13936,68951,24031,1614,22417,17,119,2016
"Peoria County, Illinois",185006,182641,88660,22605,9005,13600,53787,9354,44433,12268,1196,11072,93981,21775,8095,13680,56557,12997,43560,15649,2001,13648,17,143,2016
"Rock Island County, Illinois",144784,142367,68924,15648,6993,8655,41761,6924,34837,11515,579,10936,73443,16561,8850,7711,42854,8001,34853,14028,1210,12818,17,161,2016
"St. Clair County, Illinois",262759,255865,121982,32002,13862,18140,74172,12287,61885,15808,1421,14387,133883,30423,12146,18277,82324,19733,62591,21136,3140,17996,17,163,2016
"Sangamon County, Illinois",197499,195367,93981,23138,8931,14207,57201,8485,48716,13642,852,12790,101386,21620,7285,14335,61666,10808,50858,18100,1257,16843,17,167,2016
"Tazewell County, Illinois",134385,131930,64566,15452,5432,10020,38783,4114,34669,10331,752,9579,67364,14855,3799,11056,39614,6426,33188,12895,1105,11790,17,179,2016
"Vermilion County, Illinois",78111,75477,36710,9642,4609,5033,20919,4588,16331,6149,607,5542,38767,8983,3665,5318,22127,5951,16176,7657,1002,6655,17,183,2016
"Will County, Illinois",689529,682270,336333,90305,22120,68185,209548,17250,192298,36480,1954,34526,345937,86797,21866,64931,213596,25701,187895,45544,4081,41463,17,197,2016
"Williamson County, Illinois",67560,65676,32963,8171,2846,5325,19574,3325,16249,5218,697,4521,32713,6916,2368,4548,19194,4295,14899,6603,1228,5375,17,199,2016
"Winnebago County, Illinois",285873,282717,137978,34777,16861,17916,82768,16745,66023,20433,2578,17855,144739,32341,16662,15679,86962,24020,62942,25436,3539,21897,17,201,2016
"Allen County, Indiana",370404,366791,178819,48832,20547,28285,108553,14029,94524,21434,1835,19599,187972,47306,16846,30460,113394,20526,92868,27272,2577,24695,18,003,2016
"Bartholomew County, Indiana",81402,80654,41089,10590,3017,7573,25054,2967,22087,5445,158,5287,39565,8804,2889,5915,24112,2935,21177,6649,242,6407,18,005,2016
"Clark County, Indiana",116031,114438,54959,13484,4042,9442,34171,3610,30561,7304,563,6741,59479,13187,4160,9027,36715,5006,31709,9577,1210,8367,18,019,2016
"Delaware County, Indiana",115603,114197,56151,10924,5498,5426,36938,4857,32081,8289,1072,7217,58046,10068,4088,5980,38152,5811,32341,9826,1241,8585,18,035,2016
"Elkhart County, Indiana",203781,201349,99040,28506,9378,19128,58680,5399,53281,11854,974,10880,102309,27925,9008,18917,58995,7681,51314,15389,1389,14000,18,039,2016
"Floyd County, Indiana",76990,75961,37446,8511,2404,6107,23658,2305,21353,5277,261,5016,38515,8564,1735,6829,23868,3555,20313,6083,194,5889,18,043,2016
"Grant County, Indiana",66937,66108,31848,7483,5407,2076,18962,2742,16220,5403,862,4541,34260,6431,3648,2783,21020,3909,17111,6809,798,6011,18,053,2016
"Hamilton County, Indiana",316373,315066,152330,43006,4869,38137,93079,4593,88486,16245,559,15686,162736,44884,5738,39146,98193,6072,92121,19659,595,19064,18,057,2016
"Hancock County, Indiana",73717,73091,36185,9117,1153,7964,22101,1761,20340,4967,30,4937,36906,8285,1256,7029,22471,1879,20592,6150,291,5859,18,059,2016
"Hendricks County, Indiana",160610,156713,76291,20259,2749,17510,46973,2207,44766,9059,536,8523,80422,20684,3100,17584,48691,3001,45690,11047,592,10455,18,063,2016
"Howard County, Indiana",82568,81692,39648,9742,4882,4860,23181,3599,19582,6725,746,5979,42044,9004,3363,5641,24145,4790,19355,8895,1084,7811,18,067,2016
"Johnson County, Indiana",151982,150337,72615,18597,4207,14390,45112,3358,41754,8906,718,8188,77722,19910,5634,14276,45855,5453,40402,11957,831,11126,18,081,2016
"Kosciusko County, Indiana",79092,78403,38644,9571,2982,6589,23602,1994,21608,5471,535,4936,39759,9577,2867,6710,23420,2927,20493,6762,859,5903,18,085,2016
"Lake County, Indiana",485846,482092,232866,59284,29986,29298,142108,17734,124374,31474,2220,29254,249226,57103,24986,32117,150816,26943,123873,41307,4258,37049,18,089,2016
"LaPorte County, Indiana",110015,102444,50178,12894,6109,6785,29654,3770,25884,7630,434,7196,52266,11007,4035,6972,31246,4848,26398,10013,878,9135,18,091,2016
"Madison County, Indiana",129296,125040,59928,14527,6543,7984,35777,5203,30574,9624,1133,8491,65112,13532,6384,7148,38912,8939,29973,12668,2247,10421,18,095,2016
"Marion County, Indiana",941229,931182,447762,119640,61906,57734,283568,36284,247284,44554,4921,39633,483420,114204,59407,54797,306954,60990,245964,62262,8552,53710,18,097,2016
"Monroe County, Indiana",145496,144416,72242,12176,5578,6598,52718,4990,47728,7348,324,7024,72174,10700,4255,6445,52028,6955,45073,9446,770,8676,18,105,2016
"Morgan County, Indiana",69698,68711,33832,7925,2776,5149,20799,2217,18582,5108,355,4753,34879,7562,2831,4731,21750,3969,17781,5567,432,5135,18,109,2016
"Porter County, Indiana",167791,165911,81703,19207,4620,14587,50897,4331,46566,11599,508,11091,84208,18549,4269,14280,52013,7249,44764,13646,1562,12084,18,127,2016
"St. Joseph County, Indiana",269141,266355,129089,33077,13224,19853,79134,9557,69577,16878,1970,14908,137266,31152,11028,20124,84258,13917,70341,21856,2710,19146,18,141,2016
"Tippecanoe County, Indiana",188059,186459,95531,20496,6006,14490,66832,4594,62238,8203,633,7570,90928,18610,5456,13154,61476,5792,55684,10842,663,10179,18,157,2016
"Vanderburgh County, Indiana",181721,179707,87687,20961,8749,12212,54686,6292,48394,12040,742,11298,92020,18675,8083,10592,57645,10795,46850,15700,1658,14042,18,163,2016
"Vigo County, Indiana",107931,104021,51134,11517,4891,6626,32961,4193,28768,6656,936,5720,52887,10753,4761,5992,32812,6513,26299,9322,945,8377,18,167,2016
"Wayne County, Indiana",66568,65406,31351,7181,3293,3888,19284,2817,16467,4886,215,4671,34055,7363,3811,3552,19550,3728,15822,7142,1125,6017,18,177,2016
"Black Hawk County, Iowa",132904,131714,65447,15389,6182,9207,41017,5810,35207,9041,968,8073,66267,13026,4379,8647,42012,6724,35288,11229,1191,10038,19,013,2016
"Dallas County, Iowa",84516,83973,41482,12079,1928,10151,25231,1686,23545,4172,252,3920,42491,11693,1341,10352,25521,2202,23319,5277,91,5186,19,049,2016
"Dubuque County, Iowa",97003,95752,47628,11420,3561,7859,29082,2688,26394,7126,669,6457,48124,10670,3330,7340,28638,4707,23931,8816,1233,7583,19,061,2016
"Johnson County, Iowa",146547,144956,70975,14981,4990,9991,49357,3586,45771,6637,416,6221,73981,14532,4442,10090,51123,5137,45986,8326,811,7515,19,103,2016
"Linn County, Iowa",221661,219725,108315,26363,7741,18622,67560,8441,59119,14392,1148,13244,111410,25832,7550,18282,67950,9798,58152,17628,2605,15023,19,113,2016
"Polk County, Iowa",474045,469405,230799,60188,23132,37056,145885,21597,124288,24726,2827,21899,238606,58873,23083,35790,148099,28461,119638,31634,3939,27695,19,153,2016
"Pottawattamie County, Iowa",93582,92583,45755,10954,4535,6419,28067,4242,23825,6734,428,6306,46828,10710,4261,6449,27769,5358,22411,8349,778,7571,19,155,2016
"Scott County, Iowa",172474,170596,83817,21324,7839,13485,50929,7451,43478,11564,1280,10284,86779,20070,7455,12615,52893,9841,43052,13816,1451,12365,19,163,2016
"Story County, Iowa",97090,96402,49525,8153,1858,6295,36469,1925,34544,4903,361,4542,46877,7323,2319,5004,33792,2553,31239,5762,225,5537,19,169,2016
"Woodbury County, Iowa",102779,101865,50635,14403,7403,7000,29865,5481,24384,6367,1198,5169,51230,12699,6592,6107,29992,7450,22542,8539,1191,7348,19,193,2016
"Butler County, Kansas",67025,64397,31568,8542,2242,6300,18799,1228,17571,4227,311,3916,32829,8416,2211,6205,19478,2157,17321,4935,898,4037,20,015,2016
"Douglas County, Kansas",119440,118860,59190,11237,2758,8479,42054,2154,39900,5899,568,5331,59670,10610,2955,7655,41870,3653,38217,7190,408,6782,20,045,2016
"Johnson County, Kansas",584451,580680,284410,74152,15462,58690,176251,5559,170692,34007,1646,32361,296270,70783,10310,60473,181992,9393,172599,43495,2374,41121,20,091,2016
"Leavenworth County, Kansas",80204,72914,36777,10949,1993,8956,21384,1029,20355,4444,262,4182,36137,8109,2079,6030,22063,1692,20371,5965,212,5753,20,103,2016
"Riley County, Kansas",73343,67804,34746,6789,1217,5572,25304,833,24471,2653,558,2095,33058,5192,452,4740,24659,1855,22804,3207,546,2661,20,161,2016
"Sedgwick County, Kansas",511995,506990,249466,67844,24696,43148,151580,8002,143578,30042,2611,27431,257524,65549,21781,43768,154670,14915,139755,37305,4189,33116,20,173,2016
"Shawnee County, Kansas",178146,174808,85144,21804,5810,15994,50009,4200,45809,13331,2173,11158,89664,20664,5976,14688,53021,5953,47068,15979,2934,13045,20,177,2016
"Wyandotte County, Kansas",163831,162562,80121,23606,14454,9152,48720,4373,44347,7795,1092,6703,82441,22413,13692,8721,49518,6686,42832,10510,1652,8858,20,209,2016
"Boone County, Kentucky",128536,127075,62368,18272,6309,11963,37322,3803,33519,6774,417,6357,64707,16294,3977,12317,39820,6284,33536,8593,893,7700,21,015,2016
"Bullitt County, Kentucky",79151,78833,39005,9424,2601,6823,24176,2339,21837,5405,605,4800,39828,8478,2160,6318,25362,4567,20795,5988,515,5473,21,029,2016
"Campbell County, Kentucky",92211,90960,43929,9780,2899,6881,28453,2875,25578,5696,549,5147,47031,9673,2363,7310,30200,4119,26081,7158,638,6520,21,037,2016
"Christian County, Kentucky",72351,62650,30143,10294,4625,5669,16674,4182,12492,3175,473,2702,32507,9455,3518,5937,18803,6425,12378,4249,1022,3227,21,047,2016
"Daviess County, Kentucky",99674,97573,47213,12098,4714,7384,28321,4555,23766,6794,803,5991,50360,11790,5237,6553,29763,8423,21340,8807,768,8039,21,059,2016
"Fayette County, Kentucky",318449,313355,152478,33849,14569,19280,102583,13928,88655,16046,1217,14829,160877,32803,12907,19896,106731,18763,87968,21343,2157,19186,21,067,2016
"Hardin County, Kentucky",107316,103578,50060,13420,4012,9408,30595,4773,25822,6045,966,5079,53518,13006,5784,7222,32690,8557,24133,7822,1686,6136,21,093,2016
"Jefferson County, Kentucky",765352,757040,365464,87407,36551,50856,229738,41314,188424,48319,4798,43521,391576,83671,32061,51610,242972,52731,190241,64933,6462,58471,21,111,2016
"Kenton County, Kentucky",164945,163689,80502,20034,8154,11880,51283,6455,44828,9185,705,8480,83187,19772,7288,12484,51446,9313,42133,11969,1196,10773,21,117,2016
"McCracken County, Kentucky",65162,63855,30881,7377,3438,3939,18333,5323,13010,5171,642,4529,32974,6800,3364,3436,19492,5890,13602,6682,928,5754,21,145,2016
"Madison County, Kentucky",89547,88754,42348,9801,5038,4763,27512,5375,22137,5035,494,4541,46406,9217,4805,4412,31076,8291,22785,6113,536,5577,21,151,2016
"Oldham County, Kentucky",65560,61365,29633,8222,745,7477,18061,1311,16750,3350,135,3215,31732,8484,959,7525,19108,2271,16837,4140,458,3682,21,185,2016
"Warren County, Kentucky",125532,124080,60945,14541,7325,7216,39515,5240,34275,6889,193,6696,63135,13880,6311,7569,40935,7234,33701,8320,1072,7248,21,227,2016
"Ascension Parish, Louisiana",121587,120786,60505,18313,4256,14057,36166,3122,33044,6026,105,5921,60281,15043,4630,10413,38037,4868,33169,7201,729,6472,22,005,2016
"Bossier Parish, Louisiana",126057,118404,56228,17070,7937,9133,32641,5107,27534,6517,950,5567,62176,14733,7363,7370,37923,7528,30395,9520,1613,7907,22,015,2016
"Caddo Parish, Louisiana",248851,244798,115365,30534,18865,11669,68945,11720,57225,15886,2685,13201,129433,29816,17134,12682,77870,18146,59724,21747,4895,16852,22,017,2016
"Calcasieu Parish, Louisiana",200601,198466,96698,26079,14537,11542,58709,7267,51442,11910,1090,10820,101768,23734,12430,11304,62850,11810,51040,15184,2311,12873,22,019,2016
"East Baton Rouge Parish, Louisiana",447037,444281,211807,50787,26453,24334,136742,16023,120719,24278,3148,21130,232474,50124,23448,26676,149145,23456,125689,33205,3390,29815,22,033,2016
"Iberia Parish, Louisiana",73273,72536,34009,8890,4073,4817,20531,2598,17933,4588,345,4243,38527,10821,6152,4669,22180,5528,16652,5526,1503,4023,22,045,2016
"Jefferson Parish, Louisiana",436523,433130,209318,48121,24417,23704,131496,13946,117550,29701,3781,25920,223812,47314,23768,23546,137623,24019,113604,38875,6526,32349,22,051,2016
"Lafayette Parish, Louisiana",241398,239195,116250,29589,13806,15783,74714,7999,66715,11947,696,11251,122945,27756,14248,13508,79585,12410,67175,15604,1733,13871,22,055,2016
"Lafourche Parish, Louisiana",98305,97185,47056,11551,5910,5641,29521,2738,26783,5984,901,5083,50129,11486,5913,5573,30842,4859,25983,7801,1084,6717,22,057,2016
"Livingston Parish, Louisiana",140138,139213,69743,19160,10908,8252,42251,6095,36156,8332,1706,6626,69470,17425,7503,9922,42842,7844,34998,9203,1077,8126,22,063,2016
"Orleans Parish, Louisiana",391495,382593,180020,40748,22446,18302,118154,22075,96079,21118,4484,16634,202573,39016,22096,16920,135199,31359,103840,28358,7223,21135,22,071,2016
"Ouachita Parish, Louisiana",156983,153319,72647,20115,12040,8075,43287,8192,35095,9245,1012,8233,80672,19388,12070,7318,48943,11841,37102,12341,2191,10150,22,073,2016
"Rapides Parish, Louisiana",132424,129496,62855,17226,9362,7864,37221,5576,31645,8408,1778,6630,66641,15875,7733,8142,39716,8774,30942,11050,1683,9367,22,079,2016
"St. Landry Parish, Louisiana",83883,82854,39521,11280,5712,5568,22809,3943,18866,5432,496,4936,43333,11414,6672,4742,24877,3702,21175,7042,2047,4995,22,097,2016
"St. Tammany Parish, Louisiana",253602,251334,121594,31030,13148,17882,72581,7705,64876,17983,1626,16357,129740,30120,11416,18704,77969,11376,66593,21651,3018,18633,22,103,2016
"Tangipahoa Parish, Louisiana",130710,129814,63279,16390,10269,6121,38902,7387,31515,7987,1313,6674,66535,15454,8339,7115,41892,10259,31633,9189,1200,7989,22,105,2016
"Terrebonne Parish, Louisiana",113220,111912,55099,15329,8895,6434,33363,4780,28583,6407,700,5707,56813,13779,7111,6668,34727,5563,29164,8307,1809,6498,22,109,2016
"Androscoggin County, Maine",107319,106250,51842,11231,3891,7340,32939,4761,28178,7672,1338,6334,54408,11749,5192,6557,33152,6175,26977,9507,2220,7287,23,001,2016
"Aroostook County, Maine",67959,66887,33218,6430,2912,3518,20188,3969,16219,6600,1184,5416,33669,6088,2544,3544,19672,5051,14621,7909,2396,5513,23,003,2016
"Cumberland County, Maine",292041,288875,139265,28499,5526,22973,89502,8317,81185,21264,2270,18994,149610,27580,5470,22110,94734,10061,84673,27296,4260,23036,23,005,2016
"Kennebec County, Maine",120569,119003,58310,12486,4672,7814,36730,5202,31528,9094,1139,7955,60693,11280,4952,6328,37825,7146,30679,11588,1989,9599,23,011,2016
"Penobscot County, Maine",151806,150389,74340,14404,6076,8328,48099,7233,40866,11837,1507,10330,76049,13540,4960,8580,48636,8647,39989,13873,3127,10746,23,019,2016
"York County, Maine",202343,200292,97102,20669,6349,14320,59236,5803,53433,17197,1683,15514,103190,18760,4842,13918,63703,9141,54562,20727,3143,17584,23,031,2016
"Allegany County, Maryland",72130,66669,33103,6810,3008,3802,20311,4690,15621,5982,436,5546,33566,5906,2674,3232,20662,4462,16200,6998,909,6089,24,001,2016
"Anne Arundel County, Maryland",568346,547441,265734,65302,16515,48787,166025,15180,150845,34407,2387,32020,281707,61932,13149,48783,176279,21753,154526,43496,4616,38880,24,003,2016
"Baltimore County, Maryland",831026,821846,389697,90876,28658,62218,242129,28225,213904,56692,5448,51244,432149,88172,22969,65203,267615,35623,231992,76362,9874,66488,24,005,2016
"Calvert County, Maryland",91251,90224,44392,11454,2456,8998,26941,3198,23743,5997,228,5769,45832,10117,2100,8017,28916,3117,25799,6799,381,6418,24,009,2016
"Carroll County, Maryland",167656,165829,82326,18799,4006,14793,51282,3588,47694,12245,919,11326,83503,17808,3396,14412,51510,4733,46777,14185,1535,12650,24,013,2016
"Cecil County, Maryland",102603,101602,50401,12357,5389,6968,31219,4279,26940,6825,355,6470,51201,11274,4783,6491,32194,6666,25528,7733,711,7022,24,015,2016
"Charles County, Maryland",157705,154131,73654,19972,7379,12593,45425,4049,41376,8257,730,7527,80477,18212,3823,14389,52049,7837,44212,10216,1425,8791,24,017,2016
"Frederick County, Maryland",247591,244905,120078,29247,5638,23609,76070,7069,69001,14761,836,13925,124827,28846,5999,22847,77924,7072,70852,18057,2004,16053,24,021,2016
"Harford County, Maryland",251032,247787,119998,29001,6158,22843,74183,7175,67008,16814,1069,15745,127789,27269,6316,20953,79435,11449,67986,21085,2563,18522,24,025,2016
"Howard County, Maryland",317233,313553,152390,40118,7787,32331,94129,5716,88413,18143,1122,17021,161163,37863,7060,30803,100803,10565,90238,22497,3087,19410,24,027,2016
"Montgomery County, Maryland",1043863,1034616,498159,124457,34321,90136,309394,26304,283090,64308,7146,57162,536457,119653,32213,87440,332761,35616,297145,84043,10558,73485,24,031,2016
"Prince George's County, Maryland",908049,900711,432850,103579,43549,60030,283404,31922,251482,45867,5542,40325,467861,99948,42379,57569,303876,45215,258661,64037,8336,55701,24,033,2016
"St. Mary's County, Maryland",112587,109897,53066,13703,3487,10216,33397,4208,29189,5966,887,5079,56831,13939,3785,10154,35637,5633,30004,7255,861,6394,24,037,2016
"Washington County, Maryland",150292,141819,68862,16824,7360,9464,41577,9244,32333,10461,1106,9355,72957,16454,6719,9735,43851,9868,33983,12652,2119,10533,24,043,2016
"Wicomico County, Maryland",102577,101412,48293,11974,7277,4697,29776,6699,23077,6543,779,5764,53119,10638,6170,4468,34118,7754,26364,8363,1051,7312,24,045,2016
"Baltimore city, Maryland",614664,605828,283011,65040,38969,26071,188111,44704,143407,29860,6295,23565,322817,63906,37285,26621,212545,64503,148042,46366,9854,36512,24,510,2016
"Barnstable County, Massachusetts",214276,212192,101249,16418,7829,8589,57114,14260,42854,27717,2175,25542,110943,17266,8183,9083,59214,14460,44754,34463,3338,31125,25,001,2016
"Berkshire County, Massachusetts",126903,124740,59750,10946,4321,6625,36840,8843,27997,11964,1830,10134,64990,10827,4170,6657,39599,11048,28551,14564,2283,12281,25,003,2016
"Bristol County, Massachusetts",558324,552307,268533,59810,24383,35427,171027,37751,133276,37696,5537,32159,283774,56057,24337,31720,178040,51395,126645,49677,10531,39146,25,005,2016
"Essex County, Massachusetts",779018,772061,371998,86480,31530,54950,232594,50451,182143,52924,7953,44971,400063,81641,29636,52005,248133,62780,185353,70289,13607,56682,25,009,2016
"Franklin County, Massachusetts",70382,69585,33861,6615,3132,3483,21050,5304,15746,6196,1002,5194,35724,5745,2125,3620,22754,6566,16188,7225,1386,5839,25,011,2016
"Hampden County, Massachusetts",468467,463079,223196,52334,28921,23413,140181,38947,101234,30681,5939,24742,239883,50522,26006,24516,148420,52402,96018,40941,8586,32355,25,013,2016
"Hampshire County, Massachusetts",161816,160323,75156,12952,3240,9712,50851,7493,43358,11353,943,10410,85167,11547,3024,8523,59483,10870,48613,14137,1664,12473,25,015,2016
"Middlesex County, Massachusetts",1589774,1574259,767697,163536,39388,124148,506460,72248,434212,97701,13306,84395,806562,157445,38400,119045,522735,86778,435957,126382,21364,105018,25,017,2016
"Norfolk County, Massachusetts",697181,688138,328352,75299,14958,60341,206446,25767,180679,46607,5645,40962,359786,73059,14258,58801,224443,36794,187649,62284,10282,52002,25,021,2016
"Plymouth County, Massachusetts",513565,507526,245809,57670,18205,39465,150573,30007,120566,37566,4470,33096,261717,54673,17860,36813,159008,33489,125519,48036,6800,41236,25,023,2016
"Suffolk County, Massachusetts",784230,777327,376042,67790,40099,27691,272029,64464,207565,36223,11338,24885,401285,65988,37117,28871,285859,82816,203043,49438,20627,28811,25,025,2016
"Worcester County, Massachusetts",819589,806364,395967,89757,29979,59778,253582,50929,202653,52628,8547,44081,410397,85810,27324,58486,260602,62814,197788,63985,12470,51515,25,027,2016
"Allegan County, Michigan",115548,114766,57371,14558,5275,9283,34791,4653,30138,8022,800,7222,57395,13851,4784,9067,33600,5565,28035,9944,1308,8636,26,005,2016
"Bay County, Michigan",104747,103784,51402,11349,5077,6272,31485,6643,24842,8568,1373,7195,52382,10049,3620,6429,31415,8392,23023,10918,1666,9252,26,017,2016
"Berrien County, Michigan",154010,152958,75092,17530,7216,10314,44870,7788,37082,12692,1374,11318,77866,16694,6335,10359,45899,10756,35143,15273,2273,13000,26,021,2016
"Calhoun County, Michigan",134386,132697,64270,15117,7857,7260,38730,8488,30242,10423,1727,8696,68427,15754,5803,9951,40681,11482,29199,11992,1665,10327,26,025,2016
"Clinton County, Michigan",77888,77314,38023,8960,2213,6747,23093,3168,19925,5970,460,5510,39291,8860,1796,7064,24021,3343,20678,6410,697,5713,26,037,2016
"Eaton County, Michigan",109160,108495,53003,12009,4692,7317,32761,3909,28852,8233,787,7446,55492,11179,4198,6981,33955,5795,28160,10358,1578,8780,26,045,2016
"Genesee County, Michigan",408615,406481,195676,47922,23186,24736,118775,29653,89122,28979,3234,25745,210805,46018,22690,23328,127526,42035,85491,37261,4907,32354,26,049,2016
"Grand Traverse County, Michigan",92084,90233,43248,9390,2536,6854,26460,3805,22655,7398,634,6764,46985,9667,2640,7027,27988,5200,22788,9330,1315,8015,26,055,2016
"Ingham County, Michigan",288051,286263,138110,28135,12369,15766,94347,12178,82169,15628,1137,14491,148153,29307,12262,17045,99037,20442,78595,19809,2210,17599,26,065,2016
"Isabella County, Michigan",71282,70772,34536,6356,2750,3606,24607,3737,20870,3573,430,3143,36236,5994,2739,3255,25796,5025,20771,4446,250,4196,26,073,2016
"Jackson County, Michigan",158460,150950,73882,17508,6453,11055,44728,7558,37170,11646,911,10735,77068,16782,6822,9960,46306,11005,35301,13980,1154,12826,26,075,2016
"Kalamazoo County, Michigan",261654,259789,126669,28601,10970,17631,82091,10993,71098,15977,1364,14613,133120,28239,11884,16355,84575,15260,69315,20306,1649,18657,26,077,2016
"Kent County, Michigan",642173,637452,313456,81275,30476,50799,197603,25828,171775,34578,4287,30291,323996,77096,29079,48017,201819,37623,164196,45081,6205,38876,26,081,2016
"Lapeer County, Michigan",88340,86847,43951,9271,3999,5272,27660,5526,22134,7020,927,6093,42896,9082,3409,5673,26036,5008,21028,7778,1314,6464,26,087,2016
"Lenawee County, Michigan",98504,95258,47621,11214,4326,6888,28842,3603,25239,7565,645,6920,47637,9822,4039,5783,28921,5470,23451,8894,874,8020,26,091,2016
"Livingston County, Michigan",188624,187773,94259,21559,3580,17979,58747,4954,53793,13953,1093,12860,93514,19997,4456,15541,57876,7063,50813,15641,1477,14164,26,093,2016
"Macomb County, Michigan",867730,860881,418687,95642,30963,64679,263319,37384,225935,59726,6554,53172,442194,90959,32731,58228,273389,49502,223887,77846,9526,68320,26,099,2016
"Marquette County, Michigan",66435,64715,32747,6375,2233,4142,20679,3471,17208,5693,493,5200,31968,5983,2057,3926,20343,3595,16748,5642,772,4870,26,103,2016
"Midland County, Michigan",83462,82785,40851,9252,2278,6974,25348,3348,22000,6251,337,5914,41934,8600,2620,5980,25467,4827,20640,7867,633,7234,26,111,2016
"Monroe County, Michigan",149208,148334,73319,16400,4341,12059,45540,6050,39490,11379,559,10820,75015,16435,5234,11201,45413,6816,38597,13167,1157,12010,26,115,2016
"Muskegon County, Michigan",173408,168657,81912,20660,10537,10123,49238,12065,37173,12014,1011,11003,86745,19897,9115,10782,51713,16121,35592,15135,2481,12654,26,121,2016
"Oakland County, Michigan",1243970,1237998,604067,136854,28772,108082,382198,39804,342394,85015,7906,77109,633931,130702,27689,103013,393760,49475,344285,109469,14526,94943,26,125,2016
"Ottawa County, Michigan",282250,280834,137705,34444,9875,24569,85861,8331,77530,17400,1128,16272,143129,34474,8977,25497,87729,11800,75929,20926,1825,19101,26,139,2016
"Saginaw County, Michigan",192326,189065,91719,21814,8822,12992,54833,11713,43120,15072,1442,13630,97346,19340,8678,10662,59074,13662,45412,18932,1854,17078,26,145,2016
"St. Clair County, Michigan",159587,158342,78639,17629,8138,9491,48456,8979,39477,12554,1053,11501,79703,16488,6529,9959,48429,11999,36430,14786,1855,12931,26,147,2016
"Shiawassee County, Michigan",68554,68200,33611,7254,3022,4232,21257,3752,17505,5100,345,4755,34589,7410,2486,4924,20721,4792,15929,6458,368,6090,26,155,2016
"Van Buren County, Michigan",75223,74631,37285,9363,4227,5136,22095,4628,17467,5827,395,5432,37346,8617,4370,4247,22119,5606,16513,6610,496,6114,26,159,2016
"Washtenaw County, Michigan",364709,359292,178268,35053,8420,26633,122432,10902,111530,20783,2034,18749,181024,34125,8422,25703,121460,14913,106547,25439,3482,21957,26,161,2016
"Wayne County, Michigan",1749366,1737228,834660,213149,116115,97034,517876,139026,378850,103635,15815,87820,902568,205799,115062,90737,554127,180549,373578,142642,28845,113797,26,163,2016
"Anoka County, Minnesota",345957,343566,170524,42307,11745,30562,108550,12087,96463,19667,1567,18100,173042,40935,10454,30481,107698,16942,90756,24409,2531,21878,27,003,2016
"Blue Earth County, Minnesota",66441,65698,32800,6519,2451,4068,22474,3199,19275,3807,260,3547,32898,6108,2228,3880,22271,3995,18276,4519,641,3878,27,013,2016
"Carver County, Minnesota",100262,99996,49902,13717,2434,11283,31285,1360,29925,4900,334,4566,50094,13000,1671,11329,31237,2503,28734,5857,437,5420,27,019,2016
"Dakota County, Minnesota",417486,415495,204770,52881,12083,40798,127825,12902,114923,24064,1899,22165,210725,50049,9796,40253,131076,15990,115086,29600,2761,26839,27,037,2016
"Hennepin County, Minnesota",1232483,1224030,604480,138556,42203,96353,397525,54586,342939,68399,6827,61572,619550,133948,41274,92674,396559,66397,330162,89043,10028,79015,27,053,2016
"Olmsted County, Minnesota",153102,151431,73788,19094,3973,15121,44734,4617,40117,9960,917,9043,77643,18572,4759,13813,46944,5548,41396,12127,974,11153,27,109,2016
"Ramsey County, Minnesota",540649,536323,260905,64525,31398,33127,165975,33266,132709,30405,2823,27582,275418,61781,27425,34356,173091,40957,132134,40546,5065,35481,27,123,2016
"Rice County, Minnesota",65622,63016,31446,7082,1906,5176,20128,2630,17498,4236,400,3836,31570,6995,2258,4737,19560,3200,16360,5015,573,4442,27,131,2016
"St. Louis County, Minnesota",199980,196892,98379,19440,7802,11638,62957,11258,51699,15982,960,15022,98513,18480,6966,11514,61383,13829,47554,18650,2048,16602,27,137,2016
"Scott County, Minnesota",143680,141859,70637,20704,3110,17594,44095,3782,40313,5838,160,5678,71222,19655,3500,16155,44415,3961,40454,7152,225,6927,27,139,2016
"Sherburne County, Minnesota",93528,91503,45843,13360,2251,11109,28050,1541,26509,4433,447,3986,45660,12592,2599,9993,28016,2468,25548,5052,718,4334,27,141,2016
"Stearns County, Minnesota",155652,154571,77874,18286,4800,13486,50173,6034,44139,9415,790,8625,76697,17269,5913,11356,47825,9266,38559,11603,1006,10597,27,145,2016
"Washington County, Minnesota",253117,249888,123172,32555,6446,26109,74670,6042,68628,15947,585,15362,126716,30376,4580,25796,77660,7394,70266,18680,1108,17572,27,163,2016
"Wright County, Minnesota",132550,131763,66614,19052,4203,14849,39974,3063,36911,7588,464,7124,65149,18235,3217,15018,38983,4373,34610,7931,488,7443,27,171,2016
"DeSoto County, Mississippi",175611,174432,84540,23725,5726,17999,51458,2562,48896,9357,762,8595,89892,22112,6686,15426,55860,4856,51004,11920,1868,10052,28,033,2016
"Forrest County, Mississippi",75979,75401,35050,8372,4630,3742,22751,2442,20309,3927,889,3038,40351,9008,4902,4106,25500,3245,22255,5843,2015,3828,28,035,2016
"Harrison County, Mississippi",203234,195467,93343,24856,12692,12164,56045,5196,50849,12442,1345,11097,102124,24118,12915,11203,63090,9505,53585,14916,2395,12521,28,047,2016
"Hinds County, Mississippi",241229,238620,110845,29646,18258,11388,68985,6662,62323,12214,1620,10594,127775,29130,18882,10248,80501,12834,67667,18144,3333,14811,28,049,2016
"Jackson County, Mississippi",141241,139651,66713,16467,6722,9745,40914,3243,37671,9332,734,8598,72938,17632,7502,10130,44336,4430,39906,10970,1149,9821,28,059,2016
"Jones County, Mississippi",67953,67179,32457,8896,4848,4048,18848,3024,15824,4713,497,4216,34722,8455,5825,2630,20529,3904,16625,5738,1485,4253,28,067,2016
"Lauderdale County, Mississippi",77755,74386,35545,10565,5842,4723,19912,2341,17571,5068,467,4601,38841,8425,2997,5428,23121,3889,19232,7295,1235,6060,28,075,2016
"Lee County, Mississippi",85381,84450,40602,11396,4943,6453,24275,1609,22666,4931,696,4235,43848,10369,4142,6227,26538,3970,22568,6941,872,6069,28,081,2016
"Madison County, Mississippi",105114,103964,49866,14066,5023,9043,29985,3292,26693,5815,855,4960,54098,12377,3494,8883,34304,3434,30870,7417,2039,5378,28,089,2016
"Rankin County, Mississippi",150228,145312,69014,18190,6604,11586,42244,3022,39222,8580,381,8199,76298,17692,6710,10982,46753,5029,41724,11853,1896,9957,28,121,2016
"Boone County, Missouri",176594,175132,85543,18829,5394,13435,57870,3203,54667,8844,276,8568,89589,17016,5928,11088,61550,3088,58462,11023,1156,9867,29,019,2016
"Buchanan County, Missouri",88938,85928,42988,10523,3993,6530,26883,3628,23255,5582,244,5338,42940,9501,3310,6191,25947,3467,22480,7492,630,6862,29,021,2016
"Cape Girardeau County, Missouri",78913,77489,37079,8425,2686,5739,23944,741,23203,4710,583,4127,40410,8446,2519,5927,24840,1560,23280,7124,939,6185,29,031,2016
"Cass County, Missouri",102845,101992,49638,12290,3496,8794,30047,1861,28186,7301,271,7030,52354,12815,3738,9077,30721,2100,28621,8818,1069,7749,29,037,2016
"Christian County, Missouri",84401,83972,40790,11252,3860,7392,23664,1320,22344,5874,437,5437,43182,10592,3962,6630,25844,2275,23569,6746,284,6462,29,043,2016
"Clay County, Missouri",239085,237626,117188,30251,6830,23421,72357,2656,69701,14580,736,13844,120438,28267,8087,20180,75247,5756,69491,16924,776,16148,29,047,2016
"Cole County, Missouri",76631,72896,35444,8905,2317,6588,21582,1418,20164,4957,145,4812,37452,8509,2016,6493,22680,1721,20959,6263,162,6101,29,051,2016
"Franklin County, Missouri",102838,102020,51120,12554,3053,9501,30921,1462,29459,7645,505,7140,50900,11323,2284,9039,30515,2533,27982,9062,764,8298,29,071,2016
"Greene County, Missouri",288690,284813,138822,31252,10491,20761,88612,7404,81208,18958,1579,17379,145991,28902,10399,18503,91659,9272,82387,25430,2420,23010,29,077,2016
"Jackson County, Missouri",691801,684792,330817,84114,28675,55439,206964,15081,191883,39739,3186,36553,353975,81286,27622,53664,218716,22626,196090,53973,5615,48358,29,095,2016
"Jasper County, Missouri",119111,118293,57225,14807,5995,8812,35039,3124,31915,7379,323,7056,61068,15141,5734,9407,36554,4391,32163,9373,1204,8169,29,097,2016
"Jefferson County, Missouri",224226,222621,110382,26971,8980,17991,69250,4509,64741,14161,1072,13089,112239,26234,7480,18754,69528,6231,63297,16477,1695,14782,29,099,2016
"Platte County, Missouri",98309,97445,48272,11981,1670,10311,30132,987,29145,6159,149,6010,49173,11458,2201,9257,30657,1571,29086,7058,409,6649,29,165,2016
"St. Charles County, Missouri",390918,388873,190977,46794,4766,42028,119751,2688,117063,24432,898,23534,197896,46366,5735,40631,121870,4817,117053,29660,1806,27854,29,183,2016
"St. Francois County, Missouri",66627,60034,30205,6891,1980,4911,18641,3393,15248,4673,629,4044,29829,7000,1789,5211,17402,2473,14929,5427,1038,4389,29,187,2016
"St. Louis County, Missouri",998581,986410,468746,113205,23428,89777,286190,14314,271876,69351,4507,64844,517664,107929,23208,84721,314543,21815,292728,95192,7894,87298,29,189,2016
"St. Louis city, Missouri",311404,306677,147455,31690,18164,13526,101489,11960,89529,14276,2112,12164,159222,29874,17349,12525,108376,20063,88313,20972,4294,16678,29,510,2016
"Cascade County, Montana",81755,78168,38609,9397,3531,5866,22291,3495,18796,6921,638,6283,39559,8870,2863,6007,23033,4442,18591,7656,1810,5846,30,013,2016
"Flathead County, Montana",98082,97464,48076,11116,4934,6182,28537,4163,24374,8423,822,7601,49388,10643,4395,6248,29945,5073,24872,8800,772,8028,30,029,2016
"Gallatin County, Montana",104502,104204,54140,11124,1970,9154,37184,1966,35218,5832,734,5098,50064,10137,2177,7960,33438,3644,29794,6489,226,6263,30,031,2016
"Lewis and Clark County, Montana",67282,66663,32308,7530,2472,5058,19311,1912,17399,5467,859,4608,34355,7189,2386,4803,20775,3159,17616,6391,728,5663,30,049,2016
"Missoula County, Montana",116130,115534,58892,11604,5923,5681,39418,4833,34585,7870,923,6947,56642,10378,3425,6953,37779,6198,31581,8485,920,7565,30,063,2016
"Yellowstone County, Montana",158437,156304,78075,19966,5309,14657,46807,4377,42430,11302,1396,9906,78229,17256,5077,12179,47419,5822,41597,13554,1579,11975,30,111,2016
"Douglas County, Nebraska",554995,547707,269587,73408,23561,49847,168007,9284,158723,28172,2873,25299,278120,69146,22766,46380,171960,13956,158004,37014,4778,32236,31,055,2016
"Lancaster County, Nebraska",309637,305072,151337,35935,10158,25777,97632,4448,93184,17770,1730,16040,153735,35155,9377,25778,96913,7120,89793,21667,2801,18866,31,109,2016
"Sarpy County, Nebraska",179023,174776,86433,25509,5325,20184,52471,2157,50314,8453,548,7905,88343,24124,4647,19477,53554,4337,49217,10665,1213,9452,31,153,2016
"Clark County, Nevada",2155664,2132361,1058129,258827,96011,162816,658680,83850,574830,140622,16136,124486,1074232,247341,96642,150699,666457,115068,551389,160434,20867,139567,32,003,2016
"Washoe County, Nevada",453616,451145,226893,51775,17357,34418,141685,17212,124473,33433,3181,30252,224252,47733,15715,32018,139370,20378,118992,37149,4086,33063,32,031,2016
"Cheshire County, New Hampshire",75774,75019,37026,7009,2472,4537,23617,3045,20572,6400,814,5586,37993,6596,2534,4062,24237,2907,21330,7160,592,6568,33,005,2016
"Grafton County, New Hampshire",88888,87788,43300,7117,2884,4233,28179,2607,25572,8004,924,7080,44488,7474,2707,4767,28221,4764,23457,8793,500,8293,33,009,2016
"Hillsborough County, New Hampshire",407761,403072,201505,45293,13280,32013,130145,11065,119080,26067,2307,23760,201567,40021,11386,28635,129725,14805,114920,31821,2425,29396,33,011,2016
"Merrimack County, New Hampshire",148582,144528,71025,14845,4232,10613,44794,4254,40540,11386,1277,10109,73503,13950,3373,10577,46267,5108,41159,13286,1397,11889,33,013,2016
"Rockingham County, New Hampshire",303251,300715,148753,30965,5367,25598,95434,5890,89544,22354,1815,20539,151962,29327,5044,24283,96074,7047,89027,26561,1672,24889,33,015,2016
"Strafford County, New Hampshire",127428,126208,61893,12570,3508,9062,41183,2436,38747,8140,493,7647,64315,11407,3319,8088,43496,4570,38926,9412,435,8977,33,017,2016
"Atlantic County, New Jersey",270991,268694,130041,30097,12024,18073,80175,12925,67250,19769,3174,16595,138653,28835,11845,16990,85085,15975,69110,24733,3013,21720,34,001,2016
"Bergen County, New Jersey",939151,932821,451879,102673,17858,84815,284609,19941,264668,64597,4674,59923,480942,98463,17179,81284,296668,27483,269185,85811,11150,74661,34,003,2016
"Burlington County, New Jersey",449284,434158,209400,47258,9438,37820,131443,13003,118440,30699,2559,28140,224758,46614,11516,35098,138043,15462,122581,40101,2886,37215,34,005,2016
"Camden County, New Jersey",510150,504570,244147,60644,24104,36540,151844,23992,127852,31659,3201,28458,260423,56752,22870,33882,161718,35114,126604,41953,5962,35991,34,007,2016
"Cape May County, New Jersey",94430,92383,45561,8966,3167,5799,25892,3564,22328,10703,999,9704,46822,7635,2460,5175,26719,4532,22187,12468,1613,10855,34,009,2016
"Cumberland County, New Jersey",153797,141264,67693,18810,9901,8909,39485,8617,30868,9398,778,8620,73571,17751,9822,7929,43815,11519,32296,12005,1930,10075,34,011,2016
"Essex County, New Jersey",796914,784669,373759,96248,39808,56440,237183,40957,196226,40328,5644,34684,410910,92941,38811,54130,259273,55917,203356,58696,10687,48009,34,013,2016
"Gloucester County, New Jersey",292330,291207,141447,33484,9232,24252,89464,11743,77721,18499,1851,16648,149760,31957,6745,25212,93373,14372,79001,24430,3081,21349,34,015,2016
"Hudson County, New Jersey",677983,672860,333996,70627,32911,37716,233210,30097,203113,30159,6198,23961,338864,67821,33272,34549,228849,43415,185434,42194,11821,30373,34,017,2016
"Hunterdon County, New Jersey",124676,120798,59608,12599,1803,10796,37425,1571,35854,9584,999,8585,61190,11598,1449,10149,38631,2056,36575,10961,950,10011,34,019,2016
"Mercer County, New Jersey",371023,365908,177914,40301,13378,26923,115862,12822,103040,21751,3101,18650,187994,39251,12740,26511,119193,16874,102319,29550,3596,25954,34,021,2016
"Middlesex County, New Jersey",837073,828133,405006,92767,20886,71881,262565,19932,242633,49674,5267,44407,423127,89163,23394,65769,267896,29184,238712,66068,9080,56988,34,023,2016
"Monmouth County, New Jersey",625846,622120,302660,68765,14917,53848,189799,14882,174917,44096,4436,39660,319460,66529,15830,50699,195446,20063,175383,57485,6348,51137,34,025,2016
"Morris County, New Jersey",498423,495032,243061,55254,8381,46873,152953,8351,144602,34854,2830,32024,251971,52821,7072,45749,155763,12706,143057,43387,4365,39022,34,027,2016
"Ocean County, New Jersey",592497,587255,283130,71738,33172,38566,157114,23389,133725,54278,3306,50972,304125,68362,30111,38251,161393,26757,134636,74370,5150,69220,34,029,2016
"Passaic County, New Jersey",507945,503953,246005,62965,33359,29606,154251,23016,131235,28789,4708,24081,257948,59878,30372,29506,159671,37353,122318,38399,7669,30730,34,031,2016
"Salem County, New Jersey",63436,62206,30254,6966,3253,3713,18257,3073,15184,5031,534,4497,31952,6727,2205,4522,19280,3010,16270,5945,1115,4830,34,033,2016
"Somerset County, New Jersey",333751,330882,160785,37740,4516,33224,102654,5884,96770,20391,2241,18150,170097,36751,4871,31880,105748,5429,100319,27598,2941,24657,34,035,2016
"Sussex County, New Jersey",142522,141776,70689,15094,3532,11562,45147,4828,40319,10448,544,9904,71087,14114,3289,10825,45278,4778,40500,11695,1031,10664,34,037,2016
"Union County, New Jersey",555630,550999,268445,66576,23508,43068,171296,18659,152637,30573,4475,26098,282554,64560,23852,40708,175866,25932,149934,42128,7466,34662,34,039,2016
"Warren County, New Jersey",106617,105890,52553,11425,3283,8142,33463,3149,30314,7665,657,7008,53337,10428,2368,8060,33317,4271,29046,9592,832,8760,34,041,2016
"Bernalillo County, New Mexico",676953,670015,326717,77315,40011,37304,204983,42517,162466,44419,5409,39010,343298,74199,42309,31890,212126,54369,157757,56973,8227,48746,35,001,2016
"Chaves County, New Mexico",65282,64281,32361,9703,6024,3679,18359,5834,12525,4299,1295,3004,31920,8092,4907,3185,18570,5881,12689,5258,1008,4250,35,005,2016
"Doña Ana County, New Mexico",214207,210477,102476,26959,18269,8690,60488,16350,44138,15029,2823,12206,108001,26375,18584,7791,64392,21953,42439,17234,2991,14243,35,013,2016
"Lea County, New Mexico",69749,67739,33378,10652,4997,5655,19475,3344,16131,3251,1022,2229,34361,10576,5140,5436,19898,5197,14701,3887,1044,2843,35,025,2016
"McKinley County, New Mexico",74923,74608,35797,11890,8806,3084,20931,8884,12047,2976,1627,1349,38811,10528,8073,2455,23055,11242,11813,5228,2686,2542,35,031,2016
"Otero County, New Mexico",65410,59848,28056,6940,4344,2596,16040,4424,11616,5076,787,4289,31792,8493,4976,3517,17865,5464,12401,5434,1081,4353,35,035,2016
"Sandoval County, New Mexico",142025,140808,69185,17954,6590,11364,40466,7782,32684,10765,928,9837,71623,15993,5820,10173,43297,8642,34655,12333,991,11342,35,043,2016
"San Juan County, New Mexico",115079,113871,55736,14285,7841,6444,33696,7694,26002,7755,1402,6353,58135,15313,8948,6365,33474,9608,23866,9348,1468,7880,35,045,2016
"Santa Fe County, New Mexico",148651,146841,70885,14207,7601,6606,41725,7702,34023,14953,1245,13708,75956,13554,7885,5669,44693,9121,35572,17709,2180,15529,35,049,2016
"Valencia County, New Mexico",75626,74005,36792,9509,6017,3492,21319,7284,14035,5964,788,5176,37213,8700,6571,2129,21988,9074,12914,6525,677,5848,35,061,2016
"Albany County, New York",308846,304548,148262,29889,9523,20366,98026,15613,82413,20347,1805,18542,156286,27453,10159,17294,102942,17997,84945,25891,3502,22389,36,001,2016
"Bronx County, New York",1455720,1435711,673367,187660,131130,56530,423355,161520,261835,62352,23640,38712,762344,180240,121298,58942,482993,226497,256496,99111,43950,55161,36,005,2016
"Broome County, New York",195334,192537,94745,20299,10795,9504,59529,12052,47477,14917,1661,13256,97792,18204,8436,9768,60320,14224,46096,19268,2574,16694,36,007,2016
"Cattaraugus County, New York",77677,76863,37986,8797,2858,5939,22841,5234,17607,6348,642,5706,38877,8762,2934,5828,23021,5429,17592,7094,947,6147,36,009,2016
"Cayuga County, New York",77861,74294,36943,7664,3336,4328,23163,4244,18919,6116,572,5544,37351,7672,2587,5085,22797,5688,17109,6882,744,6138,36,011,2016
"Chautauqua County, New York",129504,126975,62389,13395,5861,7534,38339,8963,29376,10655,1523,9132,64586,13191,5913,7278,38576,10213,28363,12819,2010,10809,36,013,2016
"Chemung County, New York",86322,82415,39456,9116,3362,5754,23968,5372,18596,6372,975,5397,42959,9170,3897,5273,25247,7240,18007,8542,1394,7148,36,015,2016
"Clinton County, New York",81073,76348,37173,7000,2831,4169,24273,3960,20313,5900,785,5115,39175,6774,2754,4020,25526,6094,19432,6875,913,5962,36,019,2016
"Dutchess County, New York",294473,286128,138964,27948,7102,20846,90199,14001,76198,20817,2082,18735,147164,28575,7059,21516,92846,15724,77122,25743,3105,22638,36,027,2016
"Erie County, New York",921046,909430,438921,96113,38243,57870,277245,52542,224703,65563,6755,58808,470509,92482,34852,57630,290793,70011,220782,87234,12987,74247,36,029,2016
"Jefferson County, New York",114006,102210,48295,13346,3977,9369,28284,6735,21549,6665,752,5913,53915,14113,4949,9164,31892,7847,24045,7910,1409,6501,36,045,2016
"Kings County, New York",2629150,2616844,1240631,311365,178345,133020,796099,226931,569168,133167,45498,87669,1376213,297695,170245,127450,884891,292575,592316,193627,75702,117925,36,047,2016
"Livingston County, New York",64257,61446,29695,5801,1916,3885,19119,2631,16488,4775,545,4230,31751,5323,1573,3750,20901,3466,17435,5527,449,5078,36,051,2016
"Madison County, New York",71329,70849,35212,6847,2942,3905,22882,3052,19830,5483,318,5165,35637,6745,2353,4392,22723,4343,18380,6169,995,5174,36,053,2016
"Monroe County, New York",747727,740416,357986,80341,32108,48233,226330,42372,183958,51315,5990,45325,382430,77056,28970,48086,239032,51877,187155,66342,10103,56239,36,055,2016
"Nassau County, New York",1361500,1351774,656297,151646,26085,125561,406501,45895,360606,98150,9128,89022,695477,144229,27206,117023,423650,50656,372994,127598,18516,109082,36,059,2016
"New York County, New York",1643734,1632854,773242,121369,47756,73613,554512,104166,450346,97361,24538,72823,859612,119210,49501,69709,597986,128125,469861,142416,43618,98798,36,061,2016
"Niagara County, New York",211758,209820,102598,22518,8296,14222,63541,12288,51253,16539,2655,13884,107222,20248,7269,12979,65996,16424,49572,20978,5202,15776,36,063,2016
"Oneida County, New York",231190,223672,109195,24640,10707,13933,66903,14438,52465,17652,2325,15327,114477,24101,10784,13317,68541,16669,51872,21835,2753,19082,36,065,2016
"Onondaga County, New York",466194,461190,222345,51110,19378,31732,139729,24394,115335,31506,2642,28864,238845,49418,18745,30673,148798,33869,114929,40629,5681,34948,36,067,2016
"Ontario County, New York",109828,108961,53564,11924,4721,7203,32227,4856,27371,9413,507,8906,55397,10545,3407,7138,33740,6207,27533,11112,1424,9688,36,069,2016
"Orange County, New York",379210,371548,183640,49608,18946,30662,112453,17953,94500,21579,2297,19282,187908,47512,16425,31087,113671,20400,93271,26725,4426,22299,36,071,2016
"Oswego County, New York",118987,118400,59408,12912,6088,6824,38234,8890,29344,8262,1409,6853,58992,12404,6408,5996,37099,10379,26720,9489,1696,7793,36,075,2016
"Putnam County, New York",98900,98436,48483,9828,2071,7757,31387,4143,27244,7268,297,6971,49953,10353,2240,8113,31260,4617,26643,8340,580,7760,36,079,2016
"Queens County, New York",2333054,2317082,1122543,243872,114101,129771,744563,167384,577179,134108,34243,99865,1194539,232337,114542,117795,774314,216323,557991,187888,50319,137569,36,081,2016
"Rensselaer County, New York",160070,158199,78027,15956,5805,10151,50990,7180,43810,11081,553,10528,80172,15997,5490,10507,51032,9545,41487,13143,1352,11791,36,083,2016
"Richmond County, New York",476015,471996,228591,53928,16857,37071,144181,19845,124336,30482,3783,26699,243405,50915,15596,35319,152253,29042,123211,40237,5593,34644,36,085,2016
"Rockland County, New York",326780,324868,158405,45826,22628,23198,91585,19747,71838,20994,2708,18286,166463,44765,22008,22757,93227,21451,71776,28471,5112,23359,36,087,2016
"St. Lawrence County, New York",110038,106389,52684,11232,5829,5403,33504,6610,26894,7948,926,7022,53705,10941,5022,5919,33586,9486,24100,9178,1320,7858,36,089,2016
"Baldwin County, Alabama",208563,206237,98982,23207,8522,14685,57404,4340,53064,18371,1293,17078,107255,22673,8874,13799,62937,6129,56808,21645,2203,19442,01,003,2016
"Calhoun County, Alabama",114611,113079,54536,12929,6930,5999,33768,4096,29672,7839,1204,6635,58543,11903,5823,6080,36040,4510,31530,10600,1812,8788,01,015,2016
"Cullman County, Alabama",82471,81563,40008,9071,5010,4061,24517,1479,23038,6420,827,5593,41555,8870,4318,4552,24425,2256,22169,8260,1468,6792,01,043,2016
"DeKalb County, Alabama",70900,70070,34122,8387,5367,3020,20802,1402,19400,4933,1251,3682,35948,8715,5702,3013,20688,3729,16959,6545,1451,5094,01,049,2016
"Elmore County, Alabama",81799,76689,36073,9858,3499,6359,21154,1490,19664,5061,322,4739,40616,8761,3607,5154,25449,3712,21737,6406,776,5630,01,051,2016
"Etowah County, Alabama",102564,101745,49558,11683,5552,6131,30030,3914,26116,7845,1007,6838,52187,10891,5254,5637,31111,4359,26752,10185,1882,8303,01,055,2016
"Houston County, Alabama",104056,103201,49481,12793,6503,6290,29251,3347,25904,7437,894,6543,53720,11586,6524,5062,32241,5884,26357,9893,1566,8327,01,069,2016
"Jefferson County, Alabama",659521,652623,306439,76773,32843,43930,190293,16030,174263,39373,5867,33506,346184,74768,33846,40922,213778,29888,183890,57638,9295,48343,01,073,2016
"Lauderdale County, Alabama",92318,91319,44375,10458,5859,4599,26678,2067,24611,7239,663,6576,46944,8435,3423,5012,29166,2794,26372,9343,1808,7535,01,077,2016
"Lee County, Alabama",158991,157742,78306,18339,8378,9961,52189,3925,48264,7778,764,7014,79436,15731,5140,10591,54195,6746,47449,9510,1071,8439,01,081,2016
"Limestone County, Alabama",92753,89672,44849,12136,4815,7321,26870,2257,24613,5843,501,5342,44823,9122,3979,5143,28407,3591,24816,7294,1569,5725,01,083,2016
"Madison County, Alabama",356967,352108,171041,40357,12004,28353,108317,6119,102198,22367,2112,20255,181067,38407,10944,27463,114622,11338,103284,28038,5231,22807,01,089,2016
"Marshall County, Alabama",95157,94288,45838,11841,5959,5882,27393,3441,23952,6604,671,5933,48450,11652,7592,4060,27952,4315,23637,8846,994,7852,01,095,2016
"Mobile County, Alabama",414836,406962,191167,49265,25272,23993,115020,12160,102860,26882,3491,23391,215795,49002,26543,22459,131555,20237,111318,35238,6646,28592,01,097,2016
"Montgomery County, Alabama",226349,221876,103503,26674,14462,12212,64195,6110,58085,12634,1618,11016,118373,25660,14864,10796,74398,11253,63145,18315,3221,15094,01,101,2016
"Morgan County, Alabama",119012,117103,57916,14639,5255,9384,34606,5152,29454,8671,1528,7143,59187,12656,6098,6558,35650,5002,30648,10881,1316,9565,01,103,2016
"St. Clair County, Alabama",88019,85911,42142,10835,2853,7982,25001,1411,23590,6306,750,5556,43769,9364,2974,6390,26500,1797,24703,7905,775,7130,01,115,2016
"Shelby County, Alabama",210622,209179,100991,25236,5357,19879,62605,3014,59591,13150,1561,11589,108188,25315,6451,18864,66899,3849,63050,15974,1922,14052,01,117,2016
"Talladega County, Alabama",80103,77264,37664,9984,4976,5008,21660,3909,17751,6020,834,5186,39600,7533,3473,4060,24709,5124,19585,7358,1163,6195,01,121,2016
"Tuscaloosa County, Alabama",206102,204457,98208,21958,7813,14145,65759,5019,60740,10491,1367,9124,106249,21409,10805,10604,70681,7248,63433,14159,2589,11570,01,125,2016
"Walker County, Alabama",64967,64172,31757,7959,4748,3211,18524,2965,15559,5274,812,4462,32415,6427,3846,2581,19134,3870,15264,6854,843,6011,01,127,2016
"Anchorage Municipality, Alaska",298192,287066,144536,38712,11010,27702,92598,6971,85627,13226,2100,11126,142530,35073,9712,25361,92511,10673,81838,14946,2544,12402,02,020,2016
"Fairbanks North Star Borough, Alaska",100605,94375,50177,13306,2596,10710,32509,2749,29760,4362,331,4031,44198,11126,2543,8583,28880,1501,27379,4192,280,3912,02,090,2016
"Matanuska-Susitna Borough, Alaska",104365,102271,52270,14661,5395,9266,32335,4346,27989,5274,744,4530,50001,13667,5436,8231,31012,5721,25291,5322,1029,4293,02,170,2016
"Apache County, Arizona",73112,72483,34904,9918,4807,5111,20010,5741,14269,4976,1245,3731,37579,11013,5462,5551,20909,6867,14042,5657,1301,4356,04,001,2016
"Cochise County, Arizona",125770,116759,55375,13613,7255,6358,29169,8651,20518,12593,1798,10795,61384,14084,8317,5767,33560,11125,22435,13740,2040,11700,04,003,2016
"Coconino County, Arizona",140908,140216,70030,15121,5794,9327,47070,7582,39488,7839,673,7166,70186,13901,5260,8641,47614,8647,38967,8671,1796,6875,04,005,2016
"Maricopa County, Arizona",4242997,4211353,2076464,530372,202767,327605,1268436,184653,1083783,277656,26980,250676,2134889,508522,195630,312892,1290106,246560,1043546,336261,43726,292535,04,013,2016
"Mohave County, Arizona",205249,201328,99638,18789,11101,7688,51749,14414,37335,29100,4474,24626,101690,18018,9335,8683,54139,19074,35065,29533,3818,25715,04,015,2016
"Navajo County, Arizona",110026,107624,52809,15527,8494,7033,28819,10012,18807,8463,969,7494,54815,15129,9107,6022,30053,13129,16924,9633,1878,7755,04,017,2016
"Pima County, Arizona",1016206,996737,483612,110666,49161,61505,286234,52737,233497,86712,8993,77719,513125,106279,46254,60025,302026,68159,233867,104820,14366,90454,04,019,2016
"Pinal County, Arizona",418540,392508,192225,49724,21202,28522,102235,19796,82439,40266,3818,36448,200283,48405,20730,27675,109062,29773,79289,42816,4590,38226,04,021,2016
"Yavapai County, Arizona",225562,224068,109865,19725,7486,12239,57612,10055,47557,32528,3591,28937,114203,17525,7699,9826,62291,14577,47714,34387,2442,31945,04,025,2016
"Yuma County, Arizona",205631,198871,99950,26939,12892,14047,54942,11186,43756,18069,2461,15608,98921,25444,11170,14274,53767,14996,38771,19710,3934,15776,04,027,2016
"Benton County, Arkansas",258291,256878,127322,35532,12999,22533,77001,4640,72361,14789,1045,13744,129556,33663,13321,20342,78006,8223,69783,17887,2006,15881,05,007,2016
"Ector County, Texas",157462,156021,79225,24904,9429,15475,47941,2676,45265,6380,804,5576,76796,22479,8692,13787,46049,4488,41561,8268,1127,7141,48,135,2016
"Ellis County, Texas",168499,167222,82630,23257,7378,15879,50348,1943,48405,9025,514,8511,84592,21733,7284,14449,51302,2535,48767,11557,1094,10463,48,139,2016
"El Paso County, Texas",837918,812156,389307,117243,64812,52431,230534,18760,211774,41530,9520,32010,422849,114925,61739,53186,251325,30105,221220,56599,16948,39651,48,141,2016
"Fort Bend County, Texas",741237,735903,359547,104706,23575,81131,220269,8021,212248,34572,4364,30208,376356,100144,23354,76790,234487,10822,223665,41725,4964,36761,48,157,2016
"Galveston County, Texas",329431,324235,160133,41375,14525,26850,99225,4869,94356,19533,2498,17035,164102,39378,15749,23629,101423,8656,92767,23301,2901,20400,48,167,2016
"Grayson County, Texas",128235,126894,62197,16050,4251,11799,36607,2328,34279,9540,601,8939,64697,14583,3999,10584,37538,3316,34222,12576,1579,10997,48,181,2016
"Gregg County, Texas",123745,121252,60038,16167,8136,8031,36195,3029,33166,7676,583,7093,61214,15665,8077,7588,36099,3768,32331,9450,1572,7878,48,183,2016
"Guadalupe County, Texas",155265,153069,75604,20664,5949,14715,45441,1367,44074,9499,795,8704,77465,19285,3754,15531,47188,2347,44841,10992,1173,9819,48,187,2016
"Harris County, Texas",4589928,4568991,2266251,629684,289715,339969,1441324,109741,1331583,195243,27639,167604,2302740,608664,279853,328811,1448820,158165,1290655,245256,39402,205854,48,201,2016
"Harrison County, Texas",66534,65765,31663,8226,2929,5297,18937,1654,17283,4500,222,4278,34102,8617,3695,4922,19977,1783,18194,5508,403,5105,48,203,2016
"Hays County, Texas",204470,202721,98612,23181,7105,16076,65523,2080,63443,9908,1043,8865,104109,24028,5945,18083,68635,2812,65823,11446,879,10567,48,209,2016
"Henderson County, Texas",79901,78983,37995,8874,4423,4451,21366,2045,19321,7755,431,7324,40988,8507,3527,4980,23699,3161,20538,8782,727,8055,48,213,2016
"Hidalgo County, Texas",849843,843102,410476,143828,91419,52409,225432,23127,202305,41216,13058,28158,432626,138941,89614,49327,242917,27372,215545,50768,19891,30877,48,215,2016
"Hunt County, Texas",92073,91239,45112,11574,4180,7394,27436,2086,25350,6102,602,5500,46127,10692,4362,6330,28067,2160,25907,7368,379,6989,48,231,2016
"Jefferson County, Texas",254679,239672,117107,30572,13568,17004,72045,5853,66192,14490,1189,13301,122565,29998,12697,17301,74021,7041,66980,18546,2654,15892,48,245,2016
"Johnson County, Texas",163274,160728,79347,22190,8250,13940,46868,2734,44134,10289,352,9937,81381,20312,5353,14959,48663,3370,45293,12406,1351,11055,48,251,2016
"Kaufman County, Texas",118350,117202,58092,16761,6702,10059,34931,2151,32780,6400,553,5847,59110,15612,5058,10554,36259,3350,32909,7239,809,6430,48,257,2016
"Liberty County, Texas",81704,73465,38910,11800,6973,4827,22175,2063,20112,4935,529,4406,34555,9035,3416,5619,20028,2315,17713,5492,687,4805,48,291,2016
"Lubbock County, Texas",303137,298339,145604,36106,15197,20909,94240,6809,87431,15258,2096,13162,152735,36594,16737,19857,96231,10043,86188,19910,3032,16878,48,303,2016
"McLennan County, Texas",247934,243357,117485,30912,11843,19069,72272,5133,67139,14301,1174,13127,125872,29983,11971,18012,77116,5992,71124,18773,2427,16346,48,309,2016
"Midland County, Texas",162565,160986,80313,23400,3323,20077,50028,2348,47680,6885,1212,5673,80673,23057,5525,17532,48450,3097,45353,9166,2529,6637,48,329,2016
"Montgomery County, Texas",556203,553683,274917,76535,21016,55519,166511,7239,159272,31871,2755,29116,278766,71691,18326,53365,169663,11757,157906,37412,3857,33555,48,339,2016
"Nacogdoches County, Texas",65806,64992,30892,7546,3866,3680,19760,1633,18127,3586,377,3209,34100,7946,4524,3422,21282,2199,19083,4872,835,4037,48,347,2016
"Nueces County, Texas",361350,356099,174360,46358,21948,24410,106429,9807,96622,21573,2857,18716,181739,43997,19151,24846,110398,12786,97612,27344,4844,22500,48,355,2016
"Orange County, Texas",84964,84193,41590,10790,6121,4669,24992,1704,23288,5808,960,4848,42603,10482,5051,5431,25186,2858,22328,6935,487,6448,48,361,2016
"Parker County, Texas",129441,128205,63968,16600,4341,12259,38007,1784,36223,9361,747,8614,64237,15591,3621,11970,38525,2317,36208,10121,458,9663,48,367,2016
"Potter County, Texas",120832,113823,55841,17402,10179,7223,32754,2733,30021,5685,1042,4643,57982,15773,7548,8225,33989,3858,30131,8220,1874,6346,48,375,2016
"Randall County, Texas",132501,131555,64499,16502,4545,11957,39899,1683,38216,8098,390,7708,67056,15380,4497,10883,41422,3048,38374,10254,871,9383,48,381,2016
"Rockwall County, Texas",93978,93241,45268,12957,2474,10483,27235,626,26609,5076,531,4545,47973,12751,858,11893,28904,433,28471,6318,825,5493,48,397,2016
"San Patricio County, Texas",67655,66786,33602,9526,4864,4662,19586,1156,18430,4490,427,4063,33184,8590,3596,4994,19500,1051,18449,5094,434,4660,48,409,2016
"Smith County, Texas",225290,222587,106489,27678,11757,15921,63044,5334,57710,15767,1770,13997,116098,27867,14274,13593,69143,7806,61337,19088,2474,16614,48,423,2016
"Tarrant County, Texas",2016872,2001788,977494,274759,112781,161978,609834,36384,573450,92901,9142,83759,1024294,264428,104816,159612,641082,52955,588127,118784,15281,103503,48,439,2016
"Taylor County, Texas",136535,132037,63454,17253,7576,9677,38401,4498,33903,7800,808,6992,68583,16081,6875,9206,41490,5944,35546,11012,2040,8972,48,441,2016
"Tom Green County, Texas",118386,113747,54936,13643,4691,8952,33377,2705,30672,7916,953,6963,58811,14015,5341,8674,35393,3025,32368,9403,1251,8152,48,451,2016
"Travis County, Texas",1199323,1191201,598628,137710,39915,97795,413711,18340,395371,47207,5177,42030,592573,131849,44197,87652,401828,25379,376449,58896,8024,50872,48,453,2016
"Victoria County, Texas",92467,91392,44500,11423,5069,6354,26984,1504,25480,6093,296,5797,46892,11899,5360,6539,27120,3060,24060,7873,657,7216,48,469,2016
"Walker County, Texas",71484,57517,28310,5657,1401,4256,19254,1310,17944,3399,101,3298,29207,5171,1866,3305,20142,1728,18414,3894,201,3693,48,471,2016
"Webb County, Texas",271193,269046,129631,46022,29136,16886,73321,6378,66943,10288,3763,6525,139415,46176,28841,17335,79404,10270,69134,13835,5496,8339,48,479,2016
"Wichita County, Texas",131838,116266,54252,14900,7229,7671,31805,2843,28962,7547,968,6579,62014,14208,6358,7850,38072,4339,33733,9734,1274,8460,48,485,2016
"Williamson County, Texas",528718,524968,257765,71224,11654,59570,159476,4935,154541,27065,2186,24879,267203,67920,10330,57590,164125,8564,155561,35158,3139,32019,48,491,2016
"Cache County, Utah",122753,122009,60226,19003,3499,15504,36096,1481,34615,5127,377,4750,61783,18625,3107,15518,37287,2834,34453,5871,402,5469,49,005,2016
"Davis County, Utah",342281,338766,169912,58208,7713,50495,96667,4907,91760,15037,937,14100,168854,53736,6646,47090,98067,5988,92079,17051,1479,15572,49,011,2016
"Salt Lake County, Utah",1121354,1113787,556722,159694,32645,127049,347078,18292,328786,49950,4422,45528,557065,152641,29167,123474,342078,25407,316671,62346,8855,53491,49,035,2016
"Utah County, Utah",592299,588907,297812,104362,20239,84123,173799,10072,163727,19651,1638,18013,291095,97348,18436,78912,169907,10947,158960,23840,1741,22099,49,049,2016
"Washington County, Utah",160245,158970,79072,22118,5831,16287,41258,3837,37421,15696,1192,14504,79898,20934,6217,14717,42221,6954,35267,16743,1151,15592,49,053,2016
"Weber County, Utah",247560,244403,122261,36422,6414,30008,73149,4745,68404,12690,1176,11514,122142,34701,6604,28097,72354,6447,65907,15087,2447,12640,49,057,2016
"Chittenden County, Vermont",161531,160056,79332,15534,5148,10386,54316,7477,46839,9482,1218,8264,80724,13931,4022,9909,54497,7286,47211,12296,1947,10349,50,007,2016
"Albemarle County, Virginia",106878,105493,50111,10916,1014,9902,31321,1163,30158,7874,708,7166,55382,10693,1882,8811,34713,1305,33408,9976,483,9493,51,003,2016
"Arlington County, Virginia",230050,225864,112109,21188,2207,18981,81546,1191,80355,9375,759,8616,113755,19640,2179,17461,82068,2368,79700,12047,722,11325,51,013,2016
"Augusta County, Virginia",74997,71665,34552,7277,2271,5006,20351,1087,19264,6924,117,6807,37113,7387,1983,5404,22102,1857,20245,7624,852,6772,51,015,2016
"Bedford County, Virginia",77960,77612,38680,8546,2506,6040,22642,1796,20846,7492,87,7405,38932,7567,2373,5194,22912,1584,21328,8453,538,7915,51,019,2016
"Chesterfield County, Virginia",339009,336769,162151,42027,10187,31840,99206,3939,95267,20918,761,20157,174618,39127,7702,31425,108960,7717,101243,26531,959,25572,51,041,2016
"Fairfax County, Virginia",1138652,1125491,554974,138901,22941,115960,351588,9267,342321,64485,4453,60032,570517,131863,20204,111659,363382,12649,350733,75272,6954,68318,51,059,2016
"Fauquier County, Virginia",69069,68618,34190,8248,1683,6565,20730,351,20379,5212,281,4931,34428,7900,1591,6309,21023,641,20382,5505,364,5141,51,061,2016
"Frederick County, Virginia",84421,82874,40770,10168,1823,8345,24457,628,23829,6145,210,5935,42104,9261,1968,7293,25533,1752,23781,7310,178,7132,51,069,2016
"Hanover County, Virginia",104392,103921,51451,11975,1900,10075,31807,1036,30771,7669,246,7423,52470,11036,1573,9463,31956,1802,30154,9478,371,9107,51,085,2016
"Henrico County, Virginia",326501,324210,152806,38145,8731,29414,95346,5036,90310,19315,1447,17868,171404,37224,7979,29245,106529,9100,97429,27651,2052,25599,51,087,2016
"James City County, Virginia",74404,72671,33602,7251,513,6738,18163,766,17397,8188,103,8085,39069,8024,941,7083,20801,715,20086,10244,147,10097,51,095,2016
"Loudoun County, Virginia",385945,383743,189645,56385,4496,51889,118475,2486,115989,14785,1255,13530,194098,54376,4717,49659,121137,2723,118414,18585,2299,16286,51,107,2016
"Montgomery County, Virginia",98602,97698,50442,8152,1376,6776,37289,2352,34937,5001,162,4839,47256,7671,1883,5788,33557,1555,32002,6028,712,5316,51,121,2016
"Prince William County, Virginia",455210,448124,220415,63927,11238,52689,138257,4761,133496,18231,1785,16446,227709,61778,11032,50746,143146,6991,136155,22785,2420,20365,51,153,2016
"Roanoke County, Virginia",94031,92371,44266,9851,2021,7830,26192,1206,24986,8223,57,8166,48105,9270,2003,7267,28341,1285,27056,10494,1032,9462,51,161,2016
"Rockingham County, Virginia",79744,79426,38782,9310,2414,6896,22749,949,21800,6723,328,6395,40644,8350,2181,6169,24319,2186,22133,7975,464,7511,51,165,2016
"Spotsylvania County, Virginia",132010,131186,64913,17596,4555,13041,39592,2233,37359,7725,440,7285,66273,15457,3217,12240,41337,2174,39163,9479,784,8695,51,177,2016
"Stafford County, Virginia",144361,138685,67736,19453,3642,15811,41857,2060,39797,6426,378,6048,70949,18405,4044,14361,44884,2892,41992,7660,362,7298,51,179,2016
"York County, Virginia",67976,63338,28033,7890,780,7110,15725,120,15605,4418,447,3971,35305,8696,628,8068,20839,785,20054,5770,495,5275,51,199,2016
"Alexandria city, Virginia",155810,152103,72059,13912,3786,10126,51578,1541,50037,6569,313,6256,80044,14542,4540,10002,56911,2847,54064,8591,789,7802,51,510,2016
"Chesapeake city, Virginia",237940,227635,108022,29310,5302,24008,66366,2976,63390,12346,930,11416,119613,28210,7398,20812,74628,5142,69486,16775,1096,15679,51,550,2016
"Hampton city, Virginia",135410,130107,59450,13953,5881,8072,37684,3542,34142,7813,945,6868,70657,14508,6074,8434,44799,4443,40356,11350,1178,10172,51,650,2016
"Lynchburg city, Virginia",80212,78621,35319,6440,1779,4661,24464,2451,22013,4415,347,4068,43302,8941,2875,6066,28136,3493,24643,6225,1030,5195,51,680,2016
"Newport News city, Virginia",181825,172570,80964,21542,7484,14058,50817,4272,46545,8605,897,7708,91606,20360,6313,14047,58176,7313,50863,13070,2117,10953,51,700,2016
"Norfolk city, Virginia",245115,218471,106422,25202,11357,13845,71102,4178,66924,10118,1272,8846,112049,24360,11162,13198,73105,11351,61754,14584,2378,12206,51,710,2016
"Portsmouth city, Virginia",95252,89891,41375,11132,4827,6305,24905,2291,22614,5338,657,4681,48516,11247,5073,6174,29502,4848,24654,7767,1162,6605,51,740,2016
"Richmond city, Virginia",223170,220311,104009,20370,12322,8048,72785,6499,66286,10854,1161,9693,116302,19590,11221,8369,81666,15727,65939,15046,2432,12614,51,760,2016
"Roanoke city, Virginia",99660,98638,46544,11450,4380,7070,29490,2565,26925,5604,723,4881,52094,10815,5504,5311,32458,4729,27729,8821,464,8357,51,770,2016
"Suffolk city, Virginia",89273,87192,42041,11473,2960,8513,25150,1141,24009,5418,432,4986,45151,10626,3381,7245,27897,3407,24490,6628,976,5652,51,800,2016
"Virginia Beach city, Virginia",452602,426363,201156,51695,11157,40538,124333,4655,119678,25128,864,24264,225207,50032,10516,39516,141733,9187,132546,33442,2136,31306,51,810,2016
"Benton County, Washington",193686,192274,95229,26298,12445,13853,56403,10086,46317,12528,587,11941,97045,25555,13074,12481,56870,13090,43780,14620,1744,12876,53,005,2016
"Chelan County, Washington",76338,75658,37772,9610,4960,4650,21876,2790,19086,6286,558,5728,37886,8683,2561,6122,21650,4635,17015,7553,1338,6215,53,007,2016
"Clallam County, Washington",74570,73614,35834,6499,2927,3572,19671,3541,16130,9664,407,9257,37780,6969,3361,3608,19917,4764,15153,10894,774,10120,53,009,2016
"Clark County, Washington",467018,463854,228227,58459,20474,37985,138951,18139,120812,30817,2906,27911,235627,56601,18278,38323,142199,26165,116034,36827,5035,31792,53,011,2016
"Cowlitz County, Washington",105160,104213,50587,11032,5284,5748,30459,7888,22571,9096,999,8097,53626,12771,7215,5556,30410,9013,21397,10445,1417,9028,53,015,2016
"Franklin County, Washington",90160,88095,44500,15494,8789,6705,25855,3420,22435,3151,552,2599,43595,15165,7922,7243,24556,6918,17638,3874,1029,2845,53,021,2016
"Grant County, Washington",93546,93109,46687,13634,9387,4247,26928,6751,20177,6125,696,5429,46422,13623,8688,4935,26490,9320,17170,6309,1429,4880,53,025,2016
"Grays Harbor County, Washington",71628,68488,34743,8005,3259,4746,20020,4306,15714,6718,681,6037,33745,6584,3402,3182,19864,5142,14722,7297,769,6528,53,027,2016
"Island County, Washington",82636,76594,37486,8743,2139,6604,19387,2920,16467,9356,640,8716,39108,6211,1707,4504,22907,2843,20064,9990,1157,8833,53,029,2016
"King County, Washington",2149970,2137736,1067815,225810,68177,157633,723250,74192,649058,118755,13159,105596,1069921,217311,65591,151720,703849,90742,613107,148761,22235,126526,53,033,2016
"Kitsap County, Washington",264811,251946,123170,27658,8199,19459,75596,12229,63367,19916,1105,18811,128776,26967,8623,18344,77837,13952,63885,23972,2852,21120,53,035,2016
"Lewis County, Washington",77066,76282,38302,8645,5484,3161,21810,6367,15443,7847,925,6922,37980,7503,3958,3545,22105,7872,14233,8372,1016,7356,53,041,2016
"Pierce County, Washington",861312,840862,412199,103791,37778,66013,257365,39861,217504,51043,5121,45922,428663,100504,38120,62384,266287,50351,215936,61872,8198,53674,53,053,2016
"Skagit County, Washington",123681,122474,60808,14127,6477,7650,35599,6798,28801,11082,901,10181,61666,12982,5052,7930,36035,8883,27152,12649,1194,11455,53,057,2016
"Snohomish County, Washington",787620,776827,386032,91376,29540,61836,250384,28537,221847,44272,5208,39064,390795,88082,25779,62303,247706,36276,211430,55007,7786,47221,53,061,2016
"Spokane County, Washington",499072,489979,240794,57418,26881,30537,149404,29749,119655,33972,3389,30583,249185,53230,24814,28416,154695,37728,116967,41260,4889,36371,53,063,2016
"Thurston County, Washington",275222,269249,129990,31135,9123,22012,78863,12438,66425,19992,2761,17231,139259,28496,10567,17929,86173,15204,70969,24590,3320,21270,53,067,2016
"Whatcom County, Washington",216800,215370,106266,22139,9323,12816,68021,10322,57699,16106,2344,13762,109104,20411,10072,10339,69709,12520,57189,18984,3603,15381,53,073,2016
"Yakima County, Washington",249636,247142,122989,37868,28230,9638,69958,16190,53768,15163,2169,12994,124153,36738,26067,10671,69690,21978,47712,17725,2289,15436,53,077,2016
"Berkeley County, West Virginia",113525,113308,55235,13992,6161,7831,34032,4948,29084,7211,1068,6143,58073,13190,5749,7441,36152,8262,27890,8731,907,7824,54,003,2016
"Cabell County, West Virginia",95987,94547,46160,10265,6296,3969,28871,6751,22120,7024,606,6418,48387,9058,4222,4836,30113,9320,20793,9216,1859,7357,54,011,2016
"Harrison County, West Virginia",68400,67774,32909,7602,3987,3615,20022,4686,15336,5285,470,4815,34865,7145,3222,3923,20610,5261,15349,7110,853,6257,54,033,2016
"Kanawha County, West Virginia",186241,184245,87341,17741,9916,7825,54502,12191,42311,15098,1155,13943,96904,20038,8926,11112,57295,16069,41226,19571,2845,16726,54,039,2016
"Monongalia County, West Virginia",104622,102997,52377,8681,2739,5942,38155,4794,33361,5541,599,4942,50620,8678,2434,6244,35334,6306,29028,6608,985,5623,54,061,2016
"Raleigh County, West Virginia",76601,74396,36488,8360,4862,3498,21581,5625,15956,6547,591,5956,37908,7783,4598,3185,21980,7218,14762,8145,1693,6452,54,081,2016
"Wood County, West Virginia",85643,85082,40668,8738,4712,4026,24665,6158,18507,7265,822,6443,44414,9367,4599,4768,26036,7004,19032,9011,1459,7552,54,107,2016
"Brown County, Wisconsin",260401,257544,127796,32741,9846,22895,79216,7650,71566,15839,1563,14276,129748,29845,7580,22265,80667,10759,69908,19236,2075,17161,55,009,2016
"Dane County, Wisconsin",531273,527298,260792,56343,13213,43130,174483,9016,165467,29966,2986,26980,266506,54556,11790,42766,175895,13639,162256,36055,4592,31463,55,025,2016
"Dodge County, Wisconsin",88068,84154,43218,9154,2997,6157,27646,2678,24968,6418,827,5591,40936,8664,3027,5637,24499,3591,20908,7773,797,6976,55,027,2016
"Eau Claire County, Wisconsin",102965,102111,50358,11053,3567,7486,32688,4340,28348,6617,838,5779,51753,10379,3867,6512,33107,5089,28018,8267,978,7289,55,035,2016
"Fond du Lac County, Wisconsin",102144,100295,49664,11299,3708,7591,30570,2257,28313,7795,758,7037,50631,10981,3036,7945,30454,4163,26291,9196,1040,8156,55,039,2016
"Jefferson County, Wisconsin",84625,84181,42196,9756,2854,6902,26434,3618,22816,6006,462,5544,41985,8736,2916,5820,26081,4452,21629,7168,737,6431,55,055,2016
"Kenosha County, Wisconsin",168183,166174,81586,20029,8124,11905,52075,6354,45721,9482,1501,7981,84588,19402,7997,11405,53075,9654,43421,12111,2619,9492,55,059,2016
"La Crosse County, Wisconsin",118122,116774,56061,11549,3557,7992,36752,4327,32425,7760,686,7074,60713,11968,3972,7996,38976,4744,34232,9769,1456,8313,55,063,2016
"Manitowoc County, Wisconsin",79536,79195,39302,8434,1552,6882,24042,2540,21502,6826,829,5997,39893,8099,2331,5768,23535,3490,20045,8259,1121,7138,55,071,2016
"Marathon County, Wisconsin",135603,134641,67341,15431,5026,10405,41476,5080,36396,10434,1229,9205,67300,15657,5334,10323,39732,6099,33633,11911,1371,10540,55,073,2016
"Milwaukee County, Wisconsin",951448,942018,454539,117313,58903,58410,287927,49169,238758,49299,9937,39362,487479,113430,60396,53034,306473,74421,232052,67576,14190,53386,55,079,2016
"Outagamie County, Wisconsin",184526,183187,91129,23096,5772,17324,57114,5225,51889,10919,515,10404,92058,20895,5950,14945,57587,7037,50550,13576,893,12683,55,087,2016
"Ozaukee County, Wisconsin",88314,87811,42782,9736,1391,8345,25645,1701,23944,7401,581,6820,45029,9404,1448,7956,26752,1967,24785,8873,613,8260,55,089,2016
"Portage County, Wisconsin",70447,70090,34750,6550,2302,4248,23061,2931,20130,5139,495,4644,35340,6935,2305,4630,22692,2879,19813,5713,838,4875,55,097,2016
"Racine County, Wisconsin",195140,190829,92946,23166,8621,14545,56324,7842,48482,13456,1470,11986,97883,22358,9190,13168,58900,12949,45951,16625,2125,14500,55,101,2016
"Rock County, Wisconsin",161620,160234,79026,19993,8142,11851,47799,5842,41957,11234,1132,10102,81208,18232,7458,10774,49386,10358,39028,13590,1867,11723,55,105,2016
"St. Croix County, Wisconsin",88029,87280,43511,11297,2995,8302,26921,1862,25059,5293,510,4783,43769,11107,2062,9045,26769,2238,24531,5893,1060,4833,55,109,2016
"Sheboygan County, Wisconsin",115427,113168,56382,13417,3840,9577,34128,3144,30984,8837,1009,7828,56786,12511,2836,9675,33597,4472,29125,10678,1122,9556,55,117,2016
"Walworth County, Wisconsin",102959,102300,51166,11538,3617,7921,31987,2606,29381,7641,825,6816,51134,10615,3123,7492,31978,5467,26511,8541,1366,7175,55,127,2016
"Washington County, Wisconsin",134296,133619,65851,14968,1866,13102,40956,3052,37904,9927,286,9641,67768,15423,3165,12258,40128,4091,36037,12217,1080,11137,55,131,2016
"Waukesha County, Wisconsin",398424,395747,193377,43763,5646,38117,119078,8286,110792,30536,2044,28492,202370,42899,7803,35096,121152,10216,110936,38319,3180,35139,55,133,2016
"Winnebago County, Wisconsin",169886,164724,81400,18016,5585,12431,51991,4884,47107,11393,1290,10103,83324,16893,5974,10919,51886,7821,44065,14545,2082,12463,55,139,2016
"Wood County, Wisconsin",73107,72474,35261,7601,2722,4879,21460,2320,19140,6200,633,5567,37213,7913,2392,5521,21730,3426,18304,7570,1687,5883,55,141,2016
"Laramie County, Wyoming",98136,94864,47613,11686,3074,8612,29291,1792,27499,6636,264,6372,47251,11183,2796,8387,28414,2209,26205,7654,491,7163,56,021,2016
"Natrona County, Wyoming",81039,79973,39187,9611,2867,6744,24980,1738,23242,4596,731,3865,40786,10224,2740,7484,24683,2703,21980,5879,1227,4652,56,025,2016
"Arecibo Municipio, Puerto Rico",87939,87367,41687,8853,5649,3204,25209,11746,13463,7625,1882,5743,45680,8291,5558,2733,27207,14507,12700,10182,3013,7169,72,013,2016
"Bayamón Municipio, Puerto Rico",184374,178242,81353,18018,11838,6180,48367,14808,33559,14968,5470,9498,96889,16872,9291,7581,58026,23023,35003,21991,9743,12248,72,021,2016
"Caguas Municipio, Puerto Rico",132164,131484,61260,13706,7577,6129,37392,13372,24020,10162,4305,5857,70224,13140,7370,5770,42436,17650,24786,14648,6207,8441,72,025,2016
"Carolina Municipio, Puerto Rico",158457,157792,72335,15633,8749,6884,43438,13093,30345,13264,3056,10208,85457,15216,9168,6048,50792,19629,31163,19449,4606,14843,72,031,2016
"Guaynabo Municipio, Puerto Rico",89307,89082,41938,8104,3342,4762,26314,6016,20298,7520,2806,4714,47144,7638,1960,5678,28828,7152,21676,10678,3488,7190,72,061,2016
"Mayagüez Municipio, Puerto Rico",77748,77353,36833,7253,5752,1501,22532,11473,11059,7048,2272,4776,40520,6822,5415,1407,23458,12639,10819,10240,4165,6075,72,097,2016
"Ponce Municipio, Puerto Rico",145278,142037,66857,15623,9738,5885,39058,17992,21066,12176,3018,9158,75180,14940,11136,3804,43811,22235,21576,16429,4961,11468,72,113,2016
"San Juan Municipio, Puerto Rico",347052,342005,156355,33166,16673,16493,94350,23468,70882,28839,6841,21998,185650,32360,16207,16153,110733,34384,76349,42557,11700,30857,72,127,2016
"Toa Alta Municipio, Puerto Rico",73980,73897,35495,8410,3677,4733,22799,7751,15048,4286,1470,2816,38402,7960,4254,3706,25160,7818,17342,5282,1655,3627,72,135,2016
"Toa Baja Municipio, Puerto Rico",80207,79970,37549,8514,5425,3089,22831,7867,14964,6204,1827,4377,42421,8181,4989,3192,26030,11439,14591,8210,2933,5277,72,137,2016
"Trujillo Alto Municipio, Puerto Rico",68242,67921,31854,7424,2491,4933,19576,4198,15378,4854,1267,3587,36067,6774,3038,3736,22345,5252,17093,6948,2786,4162,72,139,2016
"Saratoga County, New York",227053,223014,110383,23851,4833,19018,69878,7205,62673,16654,1086,15568,112631,22595,4038,18557,69978,8570,61408,20058,1647,18411,36,091,2016
"Schenectady County, New York",154553,152852,73531,16544,7591,8953,46708,10977,35731,10279,836,9443,79321,17081,7082,9999,48442,11568,36874,13798,1919,11879,36,093,2016
"Steuben County, New York",96940,95811,47643,10919,3957,6962,28858,6364,22494,7866,705,7161,48168,10176,4862,5314,28935,8115,20820,9057,830,8227,36,101,2016
"Suffolk County, New York",1492583,1480244,728643,164886,42064,122822,461531,57655,403876,102226,8095,94131,751601,157676,42741,114935,463491,73146,390345,130434,15968,114466,36,103,2016
"Sullivan County, New York",74801,72396,36402,8440,2378,6062,21672,5400,16272,6290,272,6018,35994,7603,2706,4897,21464,5222,16242,6927,1037,5890,36,105,2016
"Tompkins County, New York",104871,104001,51095,8223,3036,5187,36881,3731,33150,5991,355,5636,52906,7051,2181,4870,38770,5775,32995,7085,657,6428,36,109,2016
"Ulster County, New York",179225,174755,85640,16554,6261,10293,54367,10464,43903,14719,1288,13431,89115,16043,5422,10621,55253,9568,45685,17819,2454,15365,36,111,2016
"Warren County, New York",64567,64028,31428,6191,2232,3959,19101,2846,16255,6136,660,5476,32600,5699,2274,3425,19776,4157,15619,7125,1180,5945,36,113,2016
"Wayne County, New York",90798,90034,44260,9819,3740,6079,27130,3744,23386,7311,464,6847,45774,9791,3943,5848,27712,5026,22686,8271,892,7379,36,117,2016
"Westchester County, New York",974542,962092,464974,112086,33746,78340,288669,41487,247182,64219,7082,57137,497118,105772,29472,76300,303084,51269,251815,88262,12128,76134,36,119,2016
"Alamance County, North Carolina",159688,158511,75756,18011,9237,8774,46770,3195,43575,10975,1435,9540,82755,17664,10035,7629,50426,5466,44960,14665,1415,13250,37,001,2016
"Brunswick County, North Carolina",126953,125981,60600,10351,5417,4934,31948,4604,27344,18301,713,17588,65381,9722,5063,4659,36252,5164,31088,19407,1911,17496,37,019,2016
"Buncombe County, North Carolina",256088,252392,122036,25653,11285,14368,75496,7080,68416,20887,1409,19478,130356,22787,9095,13692,81447,9688,71759,26122,2298,23824,37,021,2016
"Burke County, North Carolina",88851,86402,42116,8362,4341,4021,26365,3562,22803,7389,779,6610,44286,8434,4893,3541,26159,5145,21014,9693,1318,8375,37,023,2016
"Cabarrus County, North Carolina",201590,200244,97124,26247,8932,17315,59416,4769,54647,11461,784,10677,103120,26330,8769,17561,62878,7260,55618,13912,1758,12154,37,025,2016
"Caldwell County, North Carolina",81449,80593,39549,8256,4552,3704,24512,2557,21955,6781,845,5936,41044,8089,4364,3725,24751,5512,19239,8204,1003,7201,37,027,2016
"Carteret County, North Carolina",68890,67772,32748,6626,3157,3469,18690,1976,16714,7432,438,6994,35024,5888,2404,3484,20510,3158,17352,8626,1161,7465,37,031,2016
"Catawba County, North Carolina",156459,154893,76957,19208,7777,11431,45501,4201,41300,12248,921,11327,77936,16044,7856,8188,47639,6242,41397,14253,1909,12344,37,035,2016
"Chatham County, North Carolina",72243,71561,33856,7429,2934,4495,18790,1348,17442,7637,1191,6446,37705,7447,2914,4533,20432,1488,18944,9826,907,8919,37,037,2016
"Cleveland County, North Carolina",97144,96925,47430,11704,4925,6779,28186,3473,24713,7540,835,6705,49495,9782,4894,4888,30098,5644,24454,9615,1997,7618,37,045,2016
"Craven County, North Carolina",103445,96400,46480,11986,4391,7595,26271,3873,22398,8223,836,7387,49920,10617,4007,6610,28927,4282,24645,10376,685,9691,37,049,2016
"Cumberland County, North Carolina",327127,302529,138680,42548,18382,24166,80259,10410,69849,15873,1351,14522,163849,40274,18081,22193,102787,19572,83215,20788,3704,17084,37,051,2016
"Davidson County, North Carolina",164926,162860,78110,18057,8538,9519,47344,4062,43282,12709,1594,11115,84750,18834,9279,9555,50067,6387,43680,15849,2632,13217,37,057,2016
"Durham County, North Carolina",306212,300667,141776,33784,17358,16426,93282,5960,87322,14710,1069,13641,158891,32266,14565,17701,106199,13877,92322,20426,3255,17171,37,063,2016
"Forsyth County, North Carolina",371511,368272,174434,44739,22944,21795,106708,9591,97117,22987,2338,20649,193838,42521,18373,24148,119771,12023,107748,31546,4005,27541,37,067,2016
"Gaston County, North Carolina",216965,214919,103459,25023,11912,13111,64225,6974,57251,14211,2028,12183,111460,24399,11866,12533,68467,12203,56264,18594,2724,15870,37,071,2016
"Guilford County, North Carolina",521330,517391,244903,59737,27196,32541,153569,14400,139169,31597,3359,28238,272488,58252,26247,32005,172364,23673,148691,41872,7117,34755,37,081,2016
"Harnett County, North Carolina",130881,125243,60429,18468,7641,10827,35574,4823,30751,6387,453,5934,64814,16578,7359,9219,39582,7343,32239,8654,1081,7573,37,085,2016
"Henderson County, North Carolina",114209,113062,54408,11384,5622,5762,30268,3199,27069,12756,793,11963,58654,10406,4895,5511,32664,3449,29215,15584,1263,14321,37,089,2016
"Iredell County, North Carolina",172916,171799,84510,20573,7979,12594,52442,3369,49073,11495,1123,10372,87289,19967,6403,13564,53072,4964,48108,14250,1901,12349,37,097,2016
"Johnston County, North Carolina",191450,189609,93020,26086,11035,15051,56514,4305,52209,10420,1035,9385,96589,23870,9737,14133,59591,6369,53222,13128,1856,11272,37,101,2016
"Lincoln County, North Carolina",81168,80515,39198,8490,3561,4929,24901,3232,21669,5807,547,5260,41317,8690,3200,5490,25388,2475,22913,7239,705,6534,37,109,2016
"Mecklenburg County, North Carolina",1054835,1049443,503514,128734,42313,86421,329054,18686,310368,45726,5434,40292,545929,126097,46861,79236,356442,34865,321577,63390,9079,54311,37,119,2016
"Moore County, North Carolina",95776,92743,43029,9790,3900,5890,22952,2167,20785,10287,1075,9212,49714,10271,2448,7823,27322,2989,24333,12121,1511,10610,37,125,2016
"Nash County, North Carolina",94005,92784,45767,10941,5477,5464,27792,2913,24879,7034,976,6058,47017,9237,5429,3808,28807,5909,22898,8973,2017,6956,37,127,2016
"New Hanover County, North Carolina",223483,221310,105009,21504,7969,13535,67708,5945,61763,15797,1164,14633,116301,20698,6459,14239,74833,10283,64550,20770,3066,17704,37,129,2016
"Onslow County, North Carolina",187136,158535,74824,24094,7788,16306,42859,6080,36779,7871,1041,6830,83711,23384,7503,15881,51126,9045,42081,9201,1389,7812,37,133,2016
"Orange County, North Carolina",141796,141143,67003,14587,2397,12190,44841,1636,43205,7575,635,6940,74140,14147,3586,10561,50530,3136,47394,9463,633,8830,37,135,2016
"Pitt County, North Carolina",177220,176072,82730,20275,7781,12494,53567,4072,49495,8888,476,8412,93342,18403,8686,9717,63443,6409,57034,11496,1810,9686,37,147,2016
"Randolph County, North Carolina",143416,142011,69883,17090,8489,8601,42148,3778,38370,10645,1154,9491,72128,15814,9417,6397,43345,5489,37856,12969,1628,11341,37,151,2016
"Robeson County, North Carolina",133235,131534,62481,17077,12774,4303,37562,6086,31476,7842,1403,6439,69053,17062,12164,4898,41691,9826,31865,10300,3077,7223,37,155,2016
"Rockingham County, North Carolina",91393,89974,43564,9897,4818,5079,26062,3440,22622,7605,670,6935,46410,8941,5338,3603,28137,5183,22954,9332,1452,7880,37,157,2016
"Rowan County, North Carolina",139933,137596,66942,15789,7409,8380,41392,3711,37681,9761,722,9039,70654,15649,8285,7364,42382,5040,37342,12623,1596,11027,37,159,2016
"Rutherford County, North Carolina",66421,65486,31515,7105,3661,3444,18582,2936,15646,5828,716,5112,33971,6405,3014,3391,19628,2762,16866,7938,1621,6317,37,161,2016
"Surry County, North Carolina",72113,71216,35330,8232,4955,3277,20942,2880,18062,6156,697,5459,35886,7125,3483,3642,20970,4037,16933,7791,995,6796,37,171,2016
"Union County, North Carolina",226606,225563,110306,31748,9215,22533,66518,2162,64356,12040,611,11429,115257,31078,8589,22489,69429,4793,64636,14750,1387,13363,37,179,2016
"Wake County, North Carolina",1046791,1037687,503973,130060,34200,95860,326776,12584,314192,47137,4019,43118,533714,126605,32459,94146,345227,23272,321955,61882,8569,53313,37,183,2016
"Wayne County, North Carolina",124150,119844,56966,15199,8011,7188,34086,4742,29344,7681,591,7090,62878,14659,8113,6546,37642,5639,32003,10577,1749,8828,37,191,2016
"Wilkes County, North Carolina",68740,67851,33331,7485,3125,4360,19853,1879,17974,5993,390,5603,34520,6809,4529,2280,20307,3508,16799,7404,398,7006,37,193,2016
"Wilson County, North Carolina",81661,80370,37966,9863,5726,4137,22634,3434,19200,5469,1088,4381,42404,9151,4841,4310,25482,5523,19959,7771,1782,5989,37,195,2016
"Burleigh County, North Dakota",94487,92449,45187,11131,3005,8126,28129,1752,26377,5927,174,5753,47262,11108,1711,9397,28625,1752,26873,7529,350,7179,38,015,2016
"Cass County, North Dakota",175249,173365,89420,21148,5095,16053,59783,5160,54623,8489,947,7542,83945,18015,3746,14269,55478,5107,50371,10452,1415,9037,38,017,2016
"Grand Forks County, North Dakota",71083,68637,34833,7598,1175,6423,23687,1276,22411,3548,248,3300,33804,6490,1296,5194,22811,2459,20352,4503,317,4186,38,035,2016
"Ward County, North Dakota",70210,66410,33999,8708,1641,7067,21912,915,20997,3379,403,2976,32411,7414,1579,5835,20437,1298,19139,4560,147,4413,38,101,2016
"Allen County, Ohio",103742,100964,49256,11478,4275,7203,30394,4394,26000,7384,557,6827,51708,12439,5689,6750,30177,7680,22497,9092,803,8289,39,003,2016
"Ashtabula County, Ohio",98231,95395,47501,11295,4334,6961,28513,5567,22946,7693,538,7155,47894,10603,4927,5676,27721,7430,20291,9570,1181,8389,39,007,2016
"Athens County, Ohio",66186,65483,32279,4754,1730,3024,24213,4959,19254,3312,448,2864,33204,4803,2413,2390,24248,5625,18623,4153,1031,3122,39,009,2016
"Belmont County, Ohio",68673,64833,32229,6681,2913,3768,19623,3567,16056,5925,398,5527,32604,6308,1886,4422,19589,3893,15696,6707,945,5762,39,013,2016
"Butler County, Ohio",377537,373923,183915,46129,15351,30778,115491,13826,101665,22295,1757,20538,190008,43266,14172,29094,118523,18837,99686,28219,1833,26386,39,017,2016
"Clark County, Ohio",134786,132907,63916,14879,7593,7286,38049,8841,29208,10988,681,10307,68991,15543,8476,7067,40621,12308,28313,12827,1475,11352,39,023,2016
"Clermont County, Ohio",203022,201701,99900,24253,6951,17302,61692,7417,54275,13955,762,13193,101801,23176,6204,16972,62594,10257,52337,16031,1267,14764,39,025,2016
"Columbiana County, Ohio",103685,100081,49806,11024,6314,4710,30100,5161,24939,8682,438,8244,50275,10217,4270,5947,29459,7513,21946,10599,849,9750,39,029,2016
"Cuyahoga County, Ohio",1249352,1234363,587995,134470,64048,70422,367358,73005,294353,86167,8459,77708,646368,129949,56475,73474,397167,104790,292377,119252,16751,102501,39,035,2016
"Delaware County, Ohio",196463,195696,97148,27202,3409,23793,59111,3132,55979,10835,157,10678,98548,25830,4124,21706,59351,4926,54425,13367,1052,12315,39,041,2016
"Erie County, Ohio",75107,74131,36104,7904,3601,4303,21139,2976,18163,7061,826,6235,38027,7405,2199,5206,22090,6037,16053,8532,434,8098,39,043,2016
"Fairfield County, Ohio",152597,149860,74073,19168,5021,14147,44737,5905,38832,10168,406,9762,75787,18010,6302,11708,45669,8209,37460,12108,943,11165,39,045,2016
"Franklin County, Ohio",1264518,1256381,613549,151227,64556,86671,402870,54060,348810,59452,5331,54121,642832,146276,57478,88798,416217,75008,341209,80339,10432,69907,39,049,2016
"Geauga County, Ohio",94060,93311,46147,10980,1292,9688,27286,1658,25628,7881,287,7594,47164,10588,1319,9269,27222,1997,25225,9354,176,9178,39,055,2016
"Greene County, Ohio",164765,161263,77763,16677,5144,11533,49390,5993,43397,11696,326,11370,83500,17374,6967,10407,51591,7918,43673,14535,886,13649,39,057,2016
"Hamilton County, Ohio",809099,801129,386877,95132,35724,59408,243052,35436,207616,48693,4126,44567,414252,92595,37321,55274,256463,47673,208790,65194,6473,58721,39,061,2016
"Hancock County, Ohio",75872,75095,36989,8234,1832,6402,23343,2773,20570,5412,234,5178,38106,8636,2875,5761,22870,3629,19241,6600,585,6015,39,063,2016
"Jefferson County, Ohio",66704,65950,32165,6953,3228,3725,19448,4199,15249,5764,579,5185,33785,6441,2481,3960,20342,5923,14419,7002,1204,5798,39,081,2016
"Lake County, Ohio",228614,226476,109875,23095,5605,17490,68859,7437,61422,17921,998,16923,116601,23277,6382,16895,69859,8691,61168,23465,1191,22274,39,085,2016
"Licking County, Ohio",172198,170772,83141,21374,8538,12836,49918,7214,42704,11849,489,11360,87631,19583,6904,12679,53163,9858,43305,14885,1215,13670,39,089,2016
"Lorain County, Ohio",306365,299321,145044,34939,12542,22397,87304,13277,74027,22801,1917,20884,154277,33702,9941,23761,92282,18603,73679,28293,2458,25835,39,093,2016
"Lucas County, Ohio",432488,427541,207096,50864,23631,27233,128017,26168,101849,28215,3164,25051,220445,48806,23634,25172,135027,35757,99270,36612,4304,32308,39,095,2016
"Mahoning County, Ohio",230008,225798,109769,24049,12078,11971,66672,15819,50853,19048,1630,17418,116029,22591,11345,11246,68497,19382,49115,24941,2488,22453,39,099,2016
"Marion County, Ohio",65096,59478,29076,6763,2580,4183,17910,3601,14309,4403,434,3969,30402,6835,3630,3205,17772,4754,13018,5795,1101,4694,39,101,2016
"Medina County, Ohio",177221,176063,87231,20987,4992,15995,52856,3510,49346,13388,729,12659,88832,19630,3601,16029,53930,6514,47416,15272,909,14363,39,103,2016
"Miami County, Ohio",104679,103718,51089,12690,3418,9272,30246,2608,27638,8153,570,7583,52629,11476,3802,7674,30900,5206,25694,10253,1576,8677,39,109,2016
"Montgomery County, Ohio",531239,522552,251203,60821,28687,32134,153260,25814,127446,37122,2375,34747,271349,57183,24963,32220,162972,39096,123876,51194,5191,46003,39,113,2016
"Muskingum County, Ohio",86068,85203,41263,10157,4412,5745,24897,5392,19505,6209,634,5575,43940,9798,4116,5682,26014,6408,19606,8128,1143,6985,39,119,2016
"Portage County, Ohio",161921,160769,78310,15254,4348,10906,51845,7041,44804,11211,1121,10090,82459,15310,5508,9802,54283,9007,45276,12866,1459,11407,39,133,2016
"Richland County, Ohio",121107,114176,55693,13380,6705,6675,33044,6292,26752,9269,835,8434,58483,12628,5860,6768,33662,9511,24151,12193,1011,11182,39,139,2016
"Ross County, Ohio",77000,71227,34774,8140,3772,4368,21347,4421,16926,5287,822,4465,36453,8144,3521,4623,21815,5770,16045,6494,1326,5168,39,141,2016
"Scioto County, Ohio",76088,73343,34755,8314,4321,3993,21133,7024,14109,5308,825,4483,38588,8372,4749,3623,23281,6919,16362,6935,1636,5299,39,145,2016
"Stark County, Ohio",373612,368892,179336,40896,16612,24284,108681,16431,92250,29759,2336,27423,189556,39889,17461,22428,113010,25109,87901,36657,3906,32751,39,151,2016
"Summit County, Ohio",540300,535050,259966,58264,20502,37762,162225,22346,139879,39477,5751,33726,275084,56393,20304,36089,168576,33635,134941,50115,7601,42514,39,153,2016
"Trumbull County, Ohio",201825,197998,94764,20406,8479,11927,56653,10124,46529,17705,851,16854,103234,21412,11411,10001,59934,17055,42879,21888,1426,20462,39,155,2016
"Tuscarawas County, Ohio",92420,91388,44583,10431,4413,6018,27141,3856,23285,7011,143,6868,46805,10542,4605,5937,26975,6599,20376,9288,1167,8121,39,157,2016
"Warren County, Ohio",227063,219745,108128,30106,4472,25634,64372,4626,59746,13650,832,12818,111617,27013,3329,23684,68351,4981,63370,16253,1214,15039,39,165,2016
"Wayne County, Ohio",116470,115292,57729,14922,5056,9866,34587,4323,30264,8220,545,7675,57563,13331,4952,8379,33732,7265,26467,10500,1054,9446,39,169,2016
"Wood County, Ohio",130219,128771,64589,14155,3377,10778,42013,4156,37857,8421,351,8070,64182,12391,2859,9532,41769,4312,37457,10022,422,9600,39,173,2016
"Canadian County, Oklahoma",136532,134769,65701,18286,6400,11886,39831,2322,37509,7584,764,6820,69068,17593,6894,10699,42281,3821,38460,9194,1112,8082,40,017,2016
"Cleveland County, Oklahoma",278655,272739,134824,32129,9021,23108,88001,2790,85211,14694,847,13847,137915,29140,7831,21309,89539,4325,85214,19236,1723,17513,40,027,2016
"Comanche County, Oklahoma",122136,111515,54886,15542,3224,12318,33416,1491,31925,5928,752,5176,56629,14004,2167,11837,35156,2234,32922,7469,1212,6257,40,031,2016
"Creek County, Oklahoma",71312,70576,34909,8824,4547,4277,20828,2034,18794,5257,381,4876,35667,8298,4655,3643,20861,2371,18490,6508,367,6141,40,037,2016
"Muskogee County, Oklahoma",69477,66360,32425,8654,4194,4460,18936,2044,16892,4835,711,4124,33935,8443,3828,4615,19561,3120,16441,5931,1033,4898,40,101,2016
"Oklahoma County, Oklahoma",782970,770101,374440,102806,50475,52331,228474,14719,213755,43160,4704,38456,395661,98815,49461,49354,240942,25782,215160,55904,6886,49018,40,109,2016
"Payne County, Oklahoma",81131,79881,40360,8428,3189,5239,27802,1792,26010,4130,428,3702,39521,7248,2665,4583,26705,2279,24426,5568,1323,4245,40,119,2016
"Pottawatomie County, Oklahoma",72290,70367,34870,9280,4905,4375,20530,2102,18428,5060,483,4577,35497,8122,3953,4169,21322,2714,18608,6053,509,5544,40,125,2016
"Rogers County, Oklahoma",91766,90618,44350,11060,2926,8134,26944,1348,25596,6346,319,6027,46268,10901,3732,7169,27378,1980,25398,7989,515,7474,40,131,2016
"Tulsa County, Oklahoma",642940,638334,311031,83588,35052,48536,191084,11533,179551,36359,3270,33089,327303,80072,35114,44958,199074,20221,178853,48157,4642,43515,40,143,2016
"Wagoner County, Oklahoma",77679,77453,37890,9685,3419,6266,22755,1663,21092,5450,258,5192,39563,9662,3806,5856,23639,2271,21368,6262,315,5947,40,145,2016
"Benton County, Oregon",89385,89102,44592,7723,2691,5032,30361,4033,26328,6508,623,5885,44510,7195,2754,4441,30307,4609,25698,7008,614,6394,41,003,2016
"Clackamas County, Oregon",408062,406429,200055,45733,10610,35123,123032,15202,107830,31290,2491,28799,206374,43160,9168,33992,125699,16584,109115,37515,4181,33334,41,005,2016
"Deschutes County, Oregon",181307,180719,89603,19225,8028,11197,53766,7428,46338,16612,1210,15402,91116,18153,7337,10816,54344,9545,44799,18619,1654,16965,41,017,2016
"Douglas County, Oregon",108457,107718,53634,11464,6436,5028,29840,8564,21276,12330,1074,11256,54084,9825,5256,4569,30494,9647,20847,13765,1931,11834,41,019,2016
"Jackson County, Oregon",216527,215333,105003,23156,9598,13558,61181,15337,45844,20666,2101,18565,110330,21699,11641,10058,64423,16877,47546,24208,3165,21043,41,029,2016
"Josephine County, Oregon",85904,85282,40646,7584,3612,3972,22755,6761,15994,10307,945,9362,44636,8516,4350,4166,24454,8778,15676,11666,1745,9921,41,033,2016
"Klamath County, Oregon",66443,65895,33225,7991,4437,3554,18718,5590,13128,6516,1016,5500,32670,6580,3236,3344,19340,6388,12952,6750,983,5767,41,035,2016
"Lane County, Oregon",369519,367933,180949,35445,17320,18125,114755,23465,91290,30749,3935,26814,186984,33902,16101,17801,116447,30844,85603,36635,4092,32543,41,039,2016
"Linn County, Oregon",122849,122077,60798,15022,6325,8697,35679,7804,27875,10097,1043,9054,61279,12929,6302,6627,36235,9379,26856,12115,1714,10401,41,043,2016
"Marion County, Oregon",336316,329993,160362,41544,19868,21676,96923,19177,77746,21895,1687,20208,169631,41975,22708,19267,99770,27468,72302,27886,3487,24399,41,047,2016
"Multnomah County, Oregon",799766,794366,393457,79079,31411,47668,271158,49206,221952,43220,5373,37847,400909,74951,29531,45420,270119,55632,214487,55839,8813,47026,41,051,2016
"Polk County, Oregon",81823,81479,38213,7979,3054,4925,23393,3841,19552,6841,522,6319,43266,10453,3052,7401,25399,5242,20157,7414,602,6812,41,053,2016
"Umatilla County, Oregon",76456,71965,35615,10204,4377,5827,20386,4818,15568,5025,669,4356,36350,9567,3753,5814,20918,6139,14779,5865,1057,4808,41,059,2016
"Washington County, Oregon",582779,579987,285981,69745,21895,47850,184705,22877,161828,31531,3091,28440,294006,67814,20843,46971,184983,29162,155821,41209,5419,35790,41,067,2016
"Yamhill County, Oregon",105035,102736,51034,12949,5990,6959,30479,6239,24240,7606,364,7242,51702,11012,5396,5616,31405,5959,25446,9285,1545,7740,41,071,2016
"Adams County, Pennsylvania",102180,100884,49829,10403,2623,7780,30386,3550,26836,9040,1020,8020,51055,10320,3009,7311,30477,3785,26692,10258,1790,8468,42,001,2016
"Allegheny County, Pennsylvania",1225365,1210713,583847,117912,40462,77450,376032,45115,330917,89903,10042,79861,626866,113453,37987,75466,389535,63276,326259,123878,17330,106548,42,003,2016
"Armstrong County, Pennsylvania",66486,65973,32792,6517,2176,4341,19937,4747,15190,6338,995,5343,33181,6166,1953,4213,19412,3942,15470,7603,1266,6337,42,005,2016
"Beaver County, Pennsylvania",167429,165801,80876,16618,6603,10015,49823,7187,42636,14435,1081,13354,84925,15896,6094,9802,50093,8356,41737,18936,1755,17181,42,007,2016
"Berks County, Pennsylvania",414812,410287,201830,47974,20740,27234,124603,17220,107383,29253,2595,26658,208457,45412,18623,26789,126440,23582,102858,36605,3740,32865,42,011,2016
"Blair County, Pennsylvania",124650,123177,60725,13595,5088,8507,36615,5812,30803,10515,872,9643,62452,12082,5782,6300,37055,9626,27429,13315,1856,11459,42,013,2016
"Bucks County, Pennsylvania",626399,620916,304335,66305,15028,51277,189923,14971,174952,48107,4116,43991,316581,64052,13609,50443,193306,16892,176414,59223,5751,53472,42,017,2016
"Butler County, Pennsylvania",186847,184960,91641,19456,4056,15400,57496,5055,52441,14689,1158,13531,93319,18041,4948,13093,57402,6719,50683,17876,1867,16009,42,019,2016
"Cambria County, Pennsylvania",134732,131698,63999,13100,5924,7176,38750,5881,32869,12149,1322,10827,67699,12640,5079,7561,39220,8164,31056,15839,2410,13429,42,021,2016
"Carbon County, Pennsylvania",63594,62784,31728,6371,2882,3489,19706,2264,17442,5651,561,5090,31056,5847,2955,2892,18467,3159,15308,6742,267,6475,42,025,2016
"Centre County, Pennsylvania",161464,156499,80805,11986,3221,8765,59397,3218,56179,9422,1067,8355,75694,12449,3697,8752,52123,5169,46954,11122,1450,9672,42,027,2016
"Chester County, Pennsylvania",516312,511169,251075,60653,13205,47448,155873,9653,146220,34549,2831,31718,260094,58525,11115,47410,159532,15005,144527,42037,2847,39190,42,029,2016
"Clearfield County, Pennsylvania",80596,75330,37486,7597,3320,4277,23132,4743,18389,6757,812,5945,37844,7176,3399,3777,22205,6239,15966,8463,1429,7034,42,033,2016
"Columbia County, Pennsylvania",66420,65735,31522,5981,2266,3715,20309,2121,18188,5232,690,4542,34213,5769,1127,4642,22084,2924,19160,6360,1062,5298,42,037,2016
"Crawford County, Pennsylvania",86257,84885,41629,9076,3821,5255,25025,4032,20993,7528,898,6630,43256,8982,3547,5435,25433,5343,20090,8841,1378,7463,42,039,2016
"Cumberland County, Pennsylvania",248506,241542,117272,26252,6130,20122,72910,6779,66131,18110,1172,16938,124270,24270,4874,19396,76281,7958,68323,23719,3195,20524,42,041,2016
"Dauphin County, Pennsylvania",273707,270258,129326,30860,12918,17942,80544,12536,68008,17922,1951,15971,140932,30305,12345,17960,86659,15664,70995,23968,3388,20580,42,043,2016
"Delaware County, Pennsylvania",563402,556069,266224,63233,20120,43113,166525,20947,145578,36466,3377,33089,289845,61327,22610,38717,179588,26477,153111,48930,4362,44568,42,045,2016
"Erie County, Pennsylvania",276207,269962,131710,30466,14052,16414,81898,13025,68873,19346,2071,17275,138252,29149,13144,16005,84892,18605,66287,24211,3483,20728,42,049,2016
"Fayette County, Pennsylvania",132733,129277,62393,13263,6936,6327,38002,8197,29805,11128,1564,9564,66884,12604,6011,6593,39843,11447,28396,14437,2639,11798,42,051,2016
"Franklin County, Pennsylvania",153851,152486,75930,18496,4332,14164,44767,3615,41152,12667,869,11798,76556,16104,3168,12936,44457,5317,39140,15995,1610,14385,42,055,2016
"Indiana County, Pennsylvania",86364,85018,42567,7893,2989,4904,27512,5288,22224,7162,624,6538,42451,7739,3315,4424,26474,5305,21169,8238,1176,7062,42,063,2016
"Lackawanna County, Pennsylvania",211321,207544,99363,21448,7285,14163,61069,9822,51247,16846,1529,15317,108181,21229,7746,13483,64190,14443,49747,22762,3480,19282,42,069,2016
"Lancaster County, Pennsylvania",538500,532482,261106,65935,21137,44798,155992,18085,137907,39179,4138,35041,271376,62335,19403,42932,160661,21656,139005,48380,5070,43310,42,071,2016
"Lawrence County, Pennsylvania",87294,86163,42175,8999,3987,5012,25593,5122,20471,7583,530,7053,43988,8351,3622,4729,25839,5393,20446,9798,2083,7715,42,073,2016
"Lebanon County, Pennsylvania",138863,137187,66791,16460,6512,9948,39301,5245,34056,11030,764,10266,70396,15639,4954,10685,41128,7800,33328,13629,1381,12248,42,075,2016
"Lehigh County, Pennsylvania",363147,358187,175351,42612,18665,23947,107567,15698,91869,25172,2962,22210,182836,39841,18275,21566,111510,22364,89146,31485,4432,27053,42,077,2016
"Luzerne County, Pennsylvania",316383,308401,150063,30891,14076,16815,94316,13996,80320,24856,3066,21790,158338,30839,13861,16978,94518,18462,76056,32981,4427,28554,42,079,2016
"Lycoming County, Pennsylvania",115248,111950,55446,12218,5947,6271,34216,5382,28834,9012,1100,7912,56504,11474,5478,5996,33873,8104,25769,11157,1606,9551,42,081,2016
"Mercer County, Pennsylvania",112913,109014,53091,10397,3984,6413,32636,6031,26605,10058,1212,8846,55923,11107,6049,5058,32818,6693,26125,11998,1232,10766,42,085,2016
"Monroe County, Pennsylvania",166098,165164,81832,17378,6723,10655,52588,6749,45839,11866,1192,10674,83332,16175,6486,9689,52810,8411,44399,14347,1561,12786,42,089,2016
"Montgomery County, Pennsylvania",821725,807340,391052,90620,21258,69362,241927,17674,224253,58505,3172,55333,416288,87067,19984,67083,252935,24525,228410,76286,6140,70146,42,091,2016
"Northampton County, Pennsylvania",302294,299778,148256,31978,12153,19825,92774,11487,81287,23504,2308,21196,151522,29147,10612,18535,93184,15032,78152,29191,3139,26052,42,095,2016
"Northumberland County, Pennsylvania",92541,88676,44358,9464,4479,4985,26882,3671,23211,8012,866,7146,44318,8673,3597,5076,26010,5292,20718,9635,1406,8229,42,097,2016
"Philadelphia County, Pennsylvania",1567872,1553764,735590,176940,107778,69162,480941,110527,370414,77709,16563,61146,818174,168464,104054,64410,533312,152197,381115,116398,29342,87056,42,101,2016
"Schuylkill County, Pennsylvania",143573,136620,67443,14204,5124,9080,41354,5535,35819,11885,1142,10743,69177,13680,5041,8639,40301,8086,32215,15196,2099,13097,42,107,2016
"Somerset County, Pennsylvania",75061,70182,34215,6840,2832,4008,20448,3393,17055,6927,1080,5847,35967,6753,2855,3898,20883,4234,16649,8331,1176,7155,42,111,2016
"Washington County, Pennsylvania",207981,206202,100586,21022,6892,14130,62300,7657,54643,17264,1804,15460,105616,19910,6482,13428,63641,9711,53930,22065,1945,20120,42,125,2016
"Westmoreland County, Pennsylvania",355458,352478,172352,33526,11639,21887,105728,14518,91210,33098,2863,30235,180126,32186,11916,20270,105594,17537,88057,42346,5239,37107,42,129,2016
"York County, Pennsylvania",443744,438403,215343,49913,18573,31340,133379,17354,116025,32051,2644,29407,223060,48174,16626,31548,135021,20566,114455,39865,4806,35059,42,133,2016
"Kent County, Rhode Island",164614,163470,79053,16197,4928,11269,50506,8010,42496,12350,1415,10935,84417,14916,4519,10397,53260,8862,44398,16241,2982,13259,44,003,2016
"Newport County, Rhode Island",82784,78943,37150,7981,892,7089,21667,2752,18915,7502,805,6697,41793,7013,909,6104,25549,3458,22091,9231,377,8854,44,005,2016
"Providence County, Rhode Island",633673,624165,302808,67018,31083,35935,197398,38025,159373,38392,6614,31778,321357,64402,29719,34683,206952,53367,153585,50003,10600,39403,44,007,2016
"Washington County, Rhode Island",126288,125229,60132,10589,2191,8398,38773,3611,35162,10770,926,9844,65097,10845,1480,9365,41083,4610,36473,13169,1050,12119,44,009,2016
"Aiken County, South Carolina",167458,165828,80830,19576,8807,10769,47560,5519,42041,13694,759,12935,84998,16459,7153,9306,52553,9210,43343,15986,1295,14691,45,003,2016
"Anderson County, South Carolina",196569,195089,94140,23285,10447,12838,56044,5199,50845,14811,2213,12598,100949,21723,9851,11872,60420,7770,52650,18806,2047,16759,45,007,2016
"Beaufort County, South Carolina",183149,175113,82892,17643,6216,11427,43247,3808,39439,22002,2086,19916,92221,17785,7198,10587,49383,5762,43621,25053,3023,22030,45,013,2016
"Berkeley County, South Carolina",210898,205438,99576,25768,11750,14018,61643,5649,55994,12165,874,11291,105862,25205,11486,13719,65496,9692,55804,15161,2293,12868,45,015,2016
"Charleston County, South Carolina",396484,388949,184199,39228,15329,23899,119078,9125,109953,25893,3475,22418,204750,39980,13618,26362,131126,14581,116545,33644,4373,29271,45,019,2016
"Darlington County, South Carolina",67234,66548,30653,7072,3756,3316,18615,2620,15995,4966,887,4079,35895,8203,4333,3870,21054,5432,15622,6638,1292,5346,45,031,2016
"Dorchester County, South Carolina",153773,150778,72724,20458,7968,12490,43597,4165,39432,8669,1323,7346,78054,18244,6903,11341,48734,7358,41376,11076,1740,9336,45,035,2016
"Florence County, South Carolina",138742,137287,63715,16873,8412,8461,37718,5531,32187,9124,749,8375,73572,16289,8684,7605,44886,8721,36165,12397,2751,9646,45,041,2016
"Greenville County, South Carolina",498766,494232,239201,59150,21423,37727,148001,12129,135872,32050,3180,28870,255031,56560,21024,35536,156959,19056,137903,41512,5366,36146,45,045,2016
"Greenwood County, South Carolina",70133,69042,31909,8319,4084,4235,18476,1505,16971,5114,370,4744,37133,8778,4237,4541,21610,3080,18530,6745,1027,5718,45,047,2016
"Horry County, South Carolina",322342,320515,153815,30279,18285,11994,90319,9568,80751,33217,3063,30154,166700,29666,16054,13612,99201,19133,80068,37833,4083,33750,45,051,2016
"Lancaster County, South Carolina",89594,87228,42525,10535,5356,5179,24194,2858,21336,7796,206,7590,44703,8753,3255,5498,26411,3196,23215,9539,707,8832,45,057,2016
"Laurens County, South Carolina",66777,65315,31862,7855,4736,3119,19048,2063,16985,4959,312,4647,33453,6714,3598,3116,20891,4161,16730,5848,684,5164,45,059,2016
"Lexington County, South Carolina",286196,283134,137170,33997,11562,22435,84042,6090,77952,19131,1767,17364,145964,32999,11919,21080,89887,9911,79976,23078,2313,20765,45,063,2016
"Oconee County, South Carolina",76355,75795,36510,7092,2962,4130,21260,2230,19030,8158,302,7856,39285,8196,4584,3612,22227,3257,18970,8862,1269,7593,45,073,2016
"Orangeburg County, South Carolina",87903,87191,40912,10420,6251,4169,23960,2517,21443,6532,1923,4609,46279,10034,6064,3970,27317,4884,22433,8928,3129,5799,45,075,2016
"Pickens County, South Carolina",122863,122196,60358,12440,5353,7087,39447,2808,36639,8471,838,7633,61838,11780,4821,6959,39317,4169,35148,10741,1033,9708,45,077,2016
"Richland County, South Carolina",409549,385135,181732,44501,17927,26574,116959,11478,105481,20272,2741,17531,203403,43843,17516,26327,131395,17877,113518,28165,3817,24348,45,079,2016
"Spartanburg County, South Carolina",301463,297241,143710,35979,17076,18903,87195,8043,79152,20536,1886,18650,153531,34100,17230,16870,93694,12873,80821,25737,3399,22338,45,083,2016
"Sumter County, South Carolina",107396,102827,48515,14310,8478,5832,27427,3847,23580,6778,1300,5478,54312,11735,6302,5433,33096,5506,27590,9481,2901,6580,45,085,2016
"York County, South Carolina",258526,257019,123626,31913,9887,22026,76038,4449,71589,15675,1443,14232,133393,31124,8947,22177,83048,6968,76080,19221,1691,17530,45,091,2016
"Minnehaha County, South Dakota",187318,184681,92324,24229,7179,17050,57975,3316,54659,10120,1114,9006,92357,22827,7499,15328,56424,3956,52468,13106,1643,11463,46,099,2016
"Pennington County, South Dakota",109372,106763,52967,13450,6203,7247,31379,2811,28568,8138,538,7600,53796,11970,5162,6808,32172,3494,28678,9654,1157,8497,46,103,2016
"Anderson County, Tennessee",75936,74974,37429,8378,3671,4707,22616,3659,18957,6435,875,5560,37545,7279,3050,4229,22632,5694,16938,7634,956,6678,47,001,2016
"Blount County, Tennessee",128670,127336,61652,13358,4012,9346,37161,4283,32878,11133,1441,9692,65684,13305,4784,8521,38994,6050,32944,13385,1140,12245,47,009,2016
"Bradley County, Tennessee",104490,103337,50097,11180,4385,6795,31688,3893,27795,7229,578,6651,53240,11271,3706,7565,32696,5069,27627,9273,1595,7678,47,011,2016
"Davidson County, Tennessee",684410,678343,325797,73351,34507,38844,219744,21848,197896,32702,3429,29273,352546,72438,32336,40102,235924,31732,204192,44184,6936,37248,47,037,2016
"Greene County, Tennessee",68615,67315,33367,6697,3240,3457,20430,3223,17207,6240,1046,5194,33948,6060,2628,3432,19940,3244,16696,7948,1870,6078,47,059,2016
"Hamilton County, Tennessee",357738,353370,170644,39549,12228,27321,106391,9366,97025,24704,3507,21197,182726,35485,10670,24815,114756,13522,101234,32485,4699,27786,47,065,2016
"Knox County, Tennessee",456132,452343,219882,50719,18341,32378,140158,13264,126894,29005,2644,26361,232461,45984,17139,28845,147661,20091,127570,38816,5154,33662,47,093,2016
"Madison County, Tennessee",97663,96252,45792,11960,5810,6150,27165,3519,23646,6667,717,5950,50460,10183,5728,4455,31628,7179,24449,8649,1135,7514,47,113,2016
"Maury County, Tennessee",89981,88910,43618,11446,3498,7948,26187,2381,23806,5985,541,5444,45292,9562,3657,5905,27962,4859,23103,7768,744,7024,47,119,2016
"Montgomery County, Tennessee",195734,179875,82051,25687,6691,18996,48844,6063,42781,7520,1003,6517,97824,27039,9291,17748,61196,9288,51908,9589,1761,7828,47,125,2016
"Putnam County, Tennessee",75931,75144,37406,8085,4172,3913,23699,2630,21069,5622,993,4629,37738,8120,3750,4370,22781,4173,18608,6837,1206,5631,47,141,2016
"Robertson County, Tennessee",69165,68343,33048,8413,3985,4428,20323,1818,18505,4312,579,3733,35295,8559,3239,5320,21624,3418,18206,5112,881,4231,47,147,2016
"Rutherford County, Tennessee",308251,305966,149904,39420,13830,25590,96965,7495,89470,13519,1812,11707,156062,37296,13307,23989,101438,12924,88514,17328,1964,15364,47,149,2016
"Sevier County, Tennessee",96673,95799,48005,12001,5741,6260,27840,2900,24940,8164,417,7747,47794,9118,6067,3051,29310,5102,24208,9366,658,8708,47,155,2016
"Shelby County, Tennessee",934603,922400,436088,119646,61302,58344,268954,34271,234683,47488,5915,41573,486312,115514,59208,56306,303842,62762,241080,66956,12431,54525,47,157,2016
"Sullivan County, Tennessee",156667,155034,74846,15600,9021,6579,44844,8913,35931,14402,1838,12564,80188,15059,8661,6398,47125,10478,36647,18004,2318,15686,47,163,2016
"Sumner County, Tennessee",180063,178484,86652,22308,6051,16257,52248,3823,48425,12096,1025,11071,91832,20908,7703,13205,55853,9172,46681,15071,1024,14047,47,165,2016
"Washington County, Tennessee",127440,125651,62031,13449,7088,6361,38308,4823,33485,10274,1116,9158,63620,11379,5790,5589,40672,8240,32432,11569,931,10638,47,179,2016
"Williamson County, Tennessee",219107,218694,107029,31088,3725,27363,64064,4423,59641,11877,638,11239,111665,29459,3009,26450,67872,3207,64665,14334,511,13823,47,187,2016
"Wilson County, Tennessee",132781,131779,64669,15940,3881,12059,39259,3772,35487,9470,580,8890,67110,15625,4198,11427,41089,4888,36201,10396,830,9566,47,189,2016
"Angelina County, Texas",87791,85581,40686,11173,5298,5875,24378,3392,20986,5135,258,4877,44895,11499,5889,5610,25705,4552,21153,7691,1227,6464,48,005,2016
"Bastrop County, Texas",82733,80466,40413,10318,3625,6693,24924,1480,23444,5171,223,4948,40053,9385,3628,5757,24174,2061,22113,6494,799,5695,48,021,2016
"Bell County, Texas",340411,319786,151901,48155,18749,29406,88151,6978,81173,15595,1600,13995,167885,46824,16947,29877,102475,9136,93339,18586,2340,16246,48,027,2016
"Bexar County, Texas",1928680,1897912,928408,254274,107762,146512,579053,42277,536776,95081,11914,83167,969504,245763,100566,145197,597987,64212,533775,125754,23471,102283,48,029,2016
"Bowie County, Texas",93860,88160,42208,11138,5777,5361,24556,2674,21882,6514,700,5814,45952,11369,6076,5293,26535,4473,22062,8048,912,7136,48,037,2016
"Brazoria County, Texas",354195,343460,168825,47772,14123,33649,103292,3434,99858,17761,822,16939,174635,46435,13927,32508,107680,8113,99567,20520,2450,18070,48,039,2016
"Brazos County, Texas",220417,216161,109086,23355,8168,15187,76860,2284,74576,8871,964,7907,107075,21764,8600,13164,75096,3217,71879,10215,987,9228,48,041,2016
"Cameron County, Texas",422135,419926,203432,66506,36346,30160,112631,11905,100726,24295,5052,19243,216494,64403,38957,25446,122040,12388,109652,30051,10661,19390,48,061,2016
"Collin County, Texas",939585,936875,460355,127334,20236,107098,290365,6864,283501,42656,2398,40258,476520,123105,18666,104439,299275,10403,288872,54140,4539,49601,48,085,2016
"Comal County, Texas",134788,133337,66077,15391,3165,12226,39542,1956,37586,11144,601,10543,67260,14776,4171,10605,39873,2931,36942,12611,993,11618,48,091,2016
"Coryell County, Texas",74686,56931,26581,9105,2838,6267,14041,1012,13029,3435,966,2469,30350,8541,2987,5554,18444,1599,16845,3365,383,2982,48,099,2016
"Dallas County, Texas",2574984,2556545,1254899,349612,171443,178169,795598,55459,740139,109689,15559,94130,1301646,336815,173433,163382,819846,80582,739264,144985,23356,121629,48,113,2016
"Denton County, Texas",806180,801783,392807,105029,23973,81056,255028,7586,247442,32750,2926,29824,408976,100450,20608,79842,266993,10367,256626,41533,4405,37128,48,121,2016
"St. Lawrence County, New York",109623,106149,53175,12910,4035,8875,32153,7260,24893,8112,850,7262,52974,11945,4067,7878,31609,7150,24459,9420,2257,7163,36,089,2017
"Saratoga County, New York",229869,226862,111075,25086,5254,19832,68307,5471,62836,17682,1221,16461,115787,24384,5298,19086,69947,7449,62498,21456,2350,19106,36,091,2017
"Schenectady County, New York",155565,153714,74008,17886,6291,11595,45469,11720,33749,10653,1476,9177,79706,17243,7625,9618,48108,11194,36914,14355,3083,11272,36,093,2017
"Steuben County, New York",96281,95150,47338,11355,3251,8104,27889,5759,22130,8094,1154,6940,47812,10685,3470,7215,27364,6911,20453,9763,1352,8411,36,101,2017
"Suffolk County, New York",1492953,1481529,728884,172234,41646,130588,452329,60157,392172,104321,9016,95305,752645,166024,39220,126804,453013,65760,387253,133608,16737,116871,36,103,2017
"Sullivan County, New York",75485,73262,36678,8856,4224,4632,21218,5095,16123,6604,732,5872,36584,8505,3780,4725,21142,4294,16848,6937,762,6175,36,105,2017
"Tompkins County, New York",104802,103943,51278,9820,2710,7110,35034,4844,30190,6424,712,5712,52665,10282,2080,8202,34946,5207,29739,7437,529,6908,36,109,2017
"Ulster County, New York",179417,175174,85018,17809,7224,10585,52323,9617,42706,14886,1425,13461,90156,17760,6836,10924,53869,12036,41833,18527,2072,16455,36,111,2017
"Warren County, New York",64532,63966,31848,6123,1202,4921,19207,3817,15390,6518,450,6068,32118,6058,1907,4151,18795,3932,14863,7265,844,6421,36,113,2017
"Wayne County, New York",90670,89804,44282,10087,5123,4964,26563,5681,20882,7632,1017,6615,45522,10070,4308,5762,26969,6906,20063,8483,1175,7308,36,117,2017
"Westchester County, New York",980244,967453,467444,118192,31313,86879,282145,39640,242505,67107,7130,59977,500009,110957,31766,79191,298406,50386,248020,90646,12956,77690,36,119,2017
"Alamance County, North Carolina",162391,161001,76384,19912,9644,10268,45271,2612,42659,11201,1220,9981,84617,19710,8644,11066,49832,5664,44168,15075,1949,13126,37,001,2017
"Brunswick County, North Carolina",130897,129852,62998,12284,6289,5995,31136,3458,27678,19578,1240,18338,66854,9839,5344,4495,36734,5254,31480,20281,1811,18470,37,019,2017
"Buncombe County, North Carolina",257607,253867,122611,26302,10585,15717,75091,6762,68329,21218,1870,19348,131256,24880,7956,16924,79344,7180,72164,27032,3792,23240,37,021,2017
"Burke County, North Carolina",89293,86785,42969,9784,5575,4209,25928,2957,22971,7257,231,7026,43816,8591,3538,5053,25700,3829,21871,9525,1123,8402,37,023,2017
"Cabarrus County, North Carolina",206872,205513,100551,30050,10245,19805,59169,4547,54622,11332,1043,10289,104962,27487,8437,19050,62808,5704,57104,14667,1107,13560,37,025,2017
"Caldwell County, North Carolina",81981,81190,39285,8847,5286,3561,23480,2674,20806,6958,545,6413,41905,8984,5416,3568,24370,4997,19373,8551,747,7804,37,027,2017
"Carteret County, North Carolina",68881,67388,33484,7654,2954,4700,17991,1249,16742,7839,812,7027,33904,5562,1981,3581,19922,2347,17575,8420,851,7569,37,031,2017
"Catawba County, North Carolina",157974,156487,75598,18868,9430,9438,44644,3413,41231,12086,1247,10839,80889,18748,8897,9851,46987,6933,40054,15154,1993,13161,37,035,2017
"Chatham County, North Carolina",71472,70801,34457,8345,3010,5335,18485,626,17859,7627,810,6817,36344,6793,2234,4559,20190,2233,17957,9361,993,8368,37,037,2017
"Cleveland County, North Carolina",97334,97057,46432,11635,4987,6648,27194,3265,23929,7603,753,6850,50625,11522,4962,6560,29130,4884,24246,9973,957,9016,37,045,2017
"Craven County, North Carolina",102578,94954,44371,11819,4585,7234,24195,2637,21558,8357,785,7572,50583,12598,5148,7450,27487,5189,22298,10498,1242,9256,37,049,2017
"Cumberland County, North Carolina",332546,303139,141474,44822,18880,25942,80541,9027,71514,16111,2154,13957,161665,41423,16816,24607,98145,17441,80704,22097,3738,18359,37,051,2017
"Davidson County, North Carolina",165466,163769,80509,19731,9779,9952,47717,4319,43398,13061,1422,11639,83260,18408,8719,9689,49372,6480,42892,15480,1847,13633,37,057,2017
"Durham County, North Carolina",311640,306457,144531,36180,17087,19093,92863,7173,85690,15488,1508,13980,161926,34232,18292,15940,105476,10802,94674,22218,2518,19700,37,063,2017
"Forsyth County, North Carolina",376320,373325,177247,47906,21853,26053,105073,8054,97019,24268,3325,20943,196078,45543,20120,25423,117917,14353,103564,32618,4639,27979,37,067,2017
"Franklin County, North Carolina",66168,65349,31589,7074,3755,3319,20104,1819,18285,4411,158,4253,33760,8468,3078,5390,19525,2941,16584,5767,984,4783,37,069,2017
"Gaston County, North Carolina",220182,218346,104796,26818,13043,13775,63622,7392,56230,14356,1694,12662,113550,25705,13698,12007,68189,9907,58282,19656,2760,16896,37,071,2017
"Guilford County, North Carolina",526953,522993,247581,63763,25538,38225,150885,12421,138464,32933,3361,29572,275412,63783,25893,37890,168175,21188,146987,43454,4510,38944,37,081,2017
"Harnett County, North Carolina",132754,127141,60390,19467,7216,12251,34152,2976,31176,6771,858,5913,66751,18807,7490,11317,38770,5164,33606,9174,987,8187,37,085,2017
"Henderson County, North Carolina",115708,114621,54952,12232,5615,6617,29969,1576,28393,12751,686,12065,59669,11314,3861,7453,33206,3359,29847,15149,979,14170,37,089,2017
"Iredell County, North Carolina",175711,174666,85963,22198,7488,14710,51198,3479,47719,12567,649,11918,88703,21380,7479,13901,52468,6211,46257,14855,1684,13171,37,097,2017
"Johnston County, North Carolina",196708,195215,94742,26281,12136,14145,57282,6859,50423,11179,1547,9632,100473,26516,13102,13414,60089,7387,52702,13868,1733,12135,37,101,2017
"Lincoln County, North Carolina",82403,81790,40203,9865,3716,6149,23751,2960,20791,6587,661,5926,41587,8920,3823,5097,24923,2950,21973,7744,904,6840,37,109,2017
"Mecklenburg County, North Carolina",1076837,1071941,514872,136188,50673,85515,330119,19889,310230,48565,5176,43389,557069,134077,46204,87873,355796,30495,325301,67196,9781,57415,37,119,2017
"Moore County, North Carolina",97264,93118,44026,11971,2293,9678,22406,2077,20329,9649,1105,8544,49092,10658,2621,8037,26432,3113,23319,12002,1238,10764,37,125,2017
"Nash County, North Carolina",93991,92719,44616,12212,4800,7412,25379,3632,21747,7025,574,6451,48103,9888,4730,5158,28876,4012,24864,9339,1219,8120,37,127,2017
"New Hanover County, North Carolina",227198,224938,106695,22894,8030,14864,67153,3310,63843,16648,1064,15584,118243,23564,8811,14753,73024,7064,65960,21655,1972,19683,37,129,2017
"Onslow County, North Carolina",193893,155216,70715,26166,6396,19770,36926,4741,32185,7623,763,6860,84501,23881,7344,16537,50453,6632,43821,10167,1503,8664,37,133,2017
"Orange County, North Carolina",144946,144342,68071,16272,4316,11956,43330,2113,41217,8469,698,7771,76271,16552,3505,13047,48539,2842,45697,11180,1854,9326,37,135,2017
"Pitt County, North Carolina",179042,177667,84562,22214,6631,15583,52634,3981,48653,9714,1093,8621,93105,21548,9445,12103,58861,8158,50703,12696,1822,10874,37,147,2017
"Randolph County, North Carolina",143282,141946,70202,17686,8899,8787,41877,4981,36896,10639,1140,9499,71744,16324,8541,7783,42103,6212,35891,13317,1540,11777,37,151,2017
"Robeson County, North Carolina",132606,130937,62793,18353,12879,5474,36051,6490,29561,8389,2096,6293,68144,17239,12484,4755,40101,8769,31332,10804,2620,8184,37,155,2017
"Rockingham County, North Carolina",90949,89778,42583,9612,4406,5206,25223,2179,23044,7748,1134,6614,47195,10551,3800,6751,27121,4896,22225,9523,840,8683,37,157,2017
"Rowan County, North Carolina",140644,138539,68219,17053,8951,8102,40488,4970,35518,10678,1742,8936,70320,16650,9476,7174,40460,6368,34092,13210,1974,11236,37,159,2017
"Rutherford County, North Carolina",66551,65367,31731,7933,3779,4154,17636,2333,15303,6162,630,5532,33636,6953,2866,4087,19149,3394,15755,7534,932,6602,37,161,2017
"Surry County, North Carolina",72224,71421,34440,7904,3775,4129,20521,1905,18616,6015,722,5293,36981,8205,4694,3511,20874,2491,18383,7902,1701,6201,37,171,2017
"Union County, North Carolina",231366,230069,112421,33709,8428,25281,66736,3662,63074,11976,589,11387,117648,33785,8818,24967,68469,6008,62461,15394,1473,13921,37,179,2017
"Wake County, North Carolina",1072203,1063824,518063,139143,38968,100175,327441,14658,312783,51479,4935,46544,545761,134456,40213,94243,344942,22935,322007,66363,6945,59418,37,183,2017
"Wayne County, North Carolina",124172,120302,57287,15658,9294,6364,33370,3090,30280,8259,940,7319,63015,15195,7501,7694,36640,7942,28698,11180,1938,9242,37,191,2017
"Wilkes County, North Carolina",68576,67760,32830,7508,2866,4642,19211,2069,17142,6111,263,5848,34930,6947,3304,3643,20387,2754,17633,7596,969,6627,37,193,2017
"Wilson County, North Carolina",81671,80736,37879,10170,5139,5031,21781,2984,18797,5928,688,5240,42857,10110,6759,3351,25154,4359,20795,7593,897,6696,37,195,2017
"Burleigh County, North Dakota",95030,92882,45856,12251,1498,10753,27449,1174,26275,6156,755,5401,47026,11400,3009,8391,27678,1759,25919,7948,973,6975,38,015,2017
"Cass County, North Dakota",177787,176017,90158,22058,3961,18097,59375,3990,55385,8725,352,8373,85859,19292,4551,14741,55641,4802,50839,10926,467,10459,38,017,2017
"Grand Forks County, North Dakota",70795,68633,35686,8922,3110,5812,23155,1825,21330,3609,288,3321,32947,7405,2083,5322,21203,2427,18776,4339,438,3901,38,035,2017
"Ward County, North Dakota",68946,64514,32195,8128,1410,6718,20375,1422,18953,3692,82,3610,32319,9056,2768,6288,18550,2226,16324,4713,230,4483,38,101,2017
"Allen County, Ohio",103198,101221,50567,13246,3759,9487,29625,4225,25400,7696,566,7130,50654,12394,4451,7943,28706,6043,22663,9554,776,8778,39,003,2017
"Ashtabula County, Ohio",97807,94933,46075,10877,5975,4902,27183,6768,20415,8015,725,7290,48858,11977,6271,5706,27631,9158,18473,9250,1333,7917,39,007,2017
"Athens County, Ohio",66597,65944,33259,6162,2058,4104,23315,4414,18901,3782,329,3453,32685,6763,1786,4977,21698,3670,18028,4224,790,3434,39,009,2017
"Belmont County, Ohio",68029,64103,31437,7074,2309,4765,18562,3029,15533,5801,563,5238,32666,6621,1488,5133,18951,3743,15208,7094,1093,6001,39,013,2017
"Butler County, Ohio",380604,376727,183674,48603,12650,35953,112053,13087,98966,23018,900,22118,193053,47769,13000,34769,116102,16154,99948,29182,2463,26719,39,017,2017
"Clark County, Ohio",134557,132834,64212,15927,8280,7647,37307,7219,30088,10978,790,10188,68622,15991,7948,8043,38963,9705,29258,13668,992,12676,39,023,2017
"Clermont County, Ohio",204214,202910,99756,25416,7621,17795,60136,8234,51902,14204,1176,13028,103154,23988,6473,17515,62185,9962,52223,16981,1545,15436,39,025,2017
"Columbiana County, Ohio",103077,99366,48450,11545,6164,5381,28287,5473,22814,8618,580,8038,50916,10884,4395,6489,29133,8077,21056,10899,916,9983,39,029,2017
"Cuyahoga County, Ohio",1248514,1233943,588031,141288,64466,76822,357254,69942,287312,89489,10468,79021,645912,134985,58789,76196,387319,93882,293437,123608,15548,108060,39,035,2017
"Delaware County, Ohio",200464,199613,98410,28845,3159,25686,57598,2762,54836,11967,542,11425,101203,27923,2471,25452,59340,4394,54946,13940,893,13047,39,041,2017
"Erie County, Ohio",74817,73931,36800,9263,3534,5729,20530,3017,17513,7007,215,6792,37131,6944,1889,5055,21789,4553,17236,8398,291,8107,39,043,2017
"Fairfield County, Ohio",154733,151670,74534,20555,6106,14449,43395,5283,38112,10584,684,9900,77136,19046,5571,13475,45473,9177,36296,12617,876,11741,39,045,2017
"Franklin County, Ohio",1291981,1283432,625708,162188,62108,100080,400890,55664,345226,62630,7812,54818,657724,157690,64038,93652,416033,79001,337032,84001,9316,74685,39,049,2017
"Geauga County, Ohio",93918,93174,45949,11827,1710,10117,25673,1348,24325,8449,622,7827,47225,11129,1723,9406,26324,2093,24231,9772,802,8970,39,055,2017
"Greene County, Ohio",166752,162605,79087,20021,4887,15134,47140,5537,41603,11926,693,11233,83518,17860,4525,13335,51115,8687,42428,14543,1139,13404,39,057,2017
"Hamilton County, Ohio",813822,806024,389734,100105,39358,60747,239270,30162,209108,50359,4318,46041,416290,97502,37749,59753,251956,48696,203260,66832,6816,60016,39,061,2017
"Hancock County, Ohio",75754,74907,36975,9546,1134,8412,22222,2569,19653,5207,410,4797,37932,8652,2139,6513,22797,3233,19564,6483,439,6044,39,063,2017
"Jefferson County, Ohio",66359,65633,31687,7119,2668,4451,18739,3973,14766,5829,436,5393,33946,6639,2807,3832,19945,4390,15555,7362,742,6620,39,081,2017
"Lake County, Ohio",230117,228142,111448,25183,7504,17679,66974,7526,59448,19291,1311,17980,116694,24100,6048,18052,67825,9359,58466,24769,1993,22776,39,085,2017
"Licking County, Ohio",173448,172132,84554,21809,7155,14654,50326,7096,43230,12419,828,11591,87578,21226,7811,13415,51474,11221,40253,14878,821,14057,39,089,2017
"Lorain County, Ohio",307924,300980,146703,38319,14157,24162,85033,14581,70452,23351,1733,21618,154277,34692,11805,22887,90068,18333,71735,29517,2272,27245,39,093,2017
"Lucas County, Ohio",430887,426103,206259,54128,23760,30368,123814,22525,101289,28317,2721,25596,219844,50634,23742,26892,131745,34194,97551,37465,4500,32965,39,095,2017
"Mahoning County, Ohio",229796,225422,109912,25574,13212,12362,64897,14144,50753,19441,1227,18214,115510,23597,13462,10135,66688,19613,47075,25225,2794,22431,39,099,2017
"Marion County, Ohio",64967,59442,29279,7200,3779,3421,17486,4416,13070,4593,846,3747,30163,6979,3606,3373,17290,4094,13196,5894,928,4966,39,101,2017
"Medina County, Ohio",178371,177068,87228,21907,5003,16904,51404,4770,46634,13917,997,12920,89840,20997,3927,17070,52707,6483,46224,16136,831,15305,39,103,2017
"Miami County, Ohio",105122,104213,51523,13238,4147,9091,30113,4194,25919,8172,116,8056,52690,12171,2798,9373,30025,5303,24722,10494,984,9510,39,109,2017
"Montgomery County, Ohio",531542,523169,251900,62737,26514,36223,151058,24904,126154,38105,3288,34817,271269,60300,25623,34677,159091,39124,119967,51878,5854,46024,39,113,2017
"Muskingum County, Ohio",86149,85387,41432,10694,4131,6563,24271,5430,18841,6467,160,6307,43955,9855,4592,5263,26079,6276,19803,8021,1237,6784,39,119,2017
"Portage County, Ohio",162277,161313,79097,17484,5702,11782,50040,5120,44920,11573,680,10893,82216,17204,5909,11295,50933,8011,42922,14079,862,13217,39,133,2017
"Richland County, Ohio",120589,113731,53889,13266,5609,7657,30816,4979,25837,9807,594,9213,59842,14672,5760,8912,32654,6914,25740,12516,1283,11233,39,139,2017
"Ross County, Ohio",77313,71525,35193,8751,3583,5168,20994,4782,16212,5448,497,4951,36332,8397,4766,3631,21450,4888,16562,6485,880,5605,39,141,2017
"Scioto County, Ohio",75929,73112,35432,9056,4646,4410,20687,5332,15355,5689,993,4696,37680,8312,3589,4723,22003,7196,14807,7365,1734,5631,39,145,2017
"Stark County, Ohio",372542,367844,180088,43666,19242,24424,105918,14973,90945,30504,1811,28693,187756,40893,17587,23306,108990,25511,83479,37873,4091,33782,39,151,2017
"Summit County, Ohio",541228,535672,260644,61604,25190,36414,158431,23427,135004,40609,3320,37289,275028,59045,21884,37161,165234,37975,127259,50749,4856,45893,39,153,2017
"Trumbull County, Ohio",200380,197022,95385,21739,10091,11648,55164,10112,45052,18482,1582,16900,101637,21435,10453,10982,57455,14287,43168,22747,2467,20280,39,155,2017
"Tuscarawas County, Ohio",92297,91342,44621,11348,4938,6410,25474,3210,22264,7799,555,7244,46721,11063,3671,7392,25976,5918,20058,9682,1314,8368,39,157,2017
"Warren County, Ohio",228882,221817,108665,31032,3094,27938,63676,3877,59799,13957,591,13366,113152,28874,3118,25756,67189,4211,62978,17089,1016,16073,39,165,2017
"Wayne County, Ohio",116038,114805,57076,15646,3996,11650,32835,3342,29493,8595,675,7920,57729,14834,3317,11517,32049,5569,26480,10846,1053,9793,39,169,2017
"Wood County, Ohio",130492,128862,63509,15361,3013,12348,39930,3002,36928,8218,502,7716,65353,14325,2036,12289,40618,5065,35553,10410,1383,9027,39,173,2017
"Canadian County, Oklahoma",139926,138063,67926,19764,5434,14330,40293,1257,39036,7869,493,7376,70137,19287,4545,14742,41497,2085,39412,9353,705,8648,40,017,2017
"Cleveland County, Oklahoma",279641,273510,134783,34083,12936,21147,85542,2964,82578,15158,1474,13684,138727,32835,10785,22050,86151,4488,81663,19741,2920,16821,40,027,2017
"Comanche County, Oklahoma",121526,109153,52885,14825,3782,11043,31267,1650,29617,6793,687,6106,56268,15036,3685,11351,33103,2486,30617,8129,597,7532,40,031,2017
"Creek County, Oklahoma",71704,70848,35091,9564,5106,4458,20403,1775,18628,5124,264,4860,35757,8878,4216,4662,20342,2490,17852,6537,626,5911,40,037,2017
"Muskogee County, Oklahoma",69086,66399,31903,9325,4506,4819,17931,2352,15579,4647,283,4364,34496,9004,5504,3500,19308,3086,16222,6184,633,5551,40,101,2017
"Oklahoma County, Oklahoma",787958,777298,378786,107979,51398,56581,225800,13237,212563,45007,3548,41459,398512,103790,48003,55787,237232,23415,213817,57490,6077,51413,40,109,2017
"Payne County, Oklahoma",81575,80197,40674,10309,3310,6999,26153,1417,24736,4212,295,3917,39523,7658,2874,4784,26287,2107,24180,5578,842,4736,40,119,2017
"Pottawatomie County, Oklahoma",72226,70251,34071,9572,3706,5866,19523,1712,17811,4976,644,4332,36180,8644,3566,5078,21276,1910,19366,6260,589,5671,40,125,2017
"Rogers County, Oklahoma",91444,90321,45245,12282,4368,7914,26376,1675,24701,6587,327,6260,45076,11059,4161,6898,26756,1992,24764,7261,880,6381,40,131,2017
"Tulsa County, Oklahoma",646266,641298,312670,88877,38274,50603,185581,9641,175940,38212,3064,35148,328628,84231,35100,49131,194236,18818,175418,50161,5322,44839,40,143,2017
"Wagoner County, Oklahoma",78657,78430,38075,10164,3333,6831,22190,1206,20984,5721,223,5498,40355,10375,3823,6552,23389,1921,21468,6591,767,5824,40,145,2017
"Benton County, Oregon",90951,90629,44741,8196,2180,6016,29788,4448,25340,6757,164,6593,45888,10502,2791,7711,28090,4413,23677,7296,473,6823,41,003,2017
"Clackamas County, Oregon",412672,411033,203924,49873,14092,35781,121157,13377,107780,32894,2484,30410,207109,44219,12736,31483,124344,17227,107117,38546,5517,33029,41,005,2017
"Deschutes County, Oregon",186875,186229,90964,20722,8375,12347,53319,10843,42476,16923,1266,15657,95265,20397,7616,12781,56104,13695,42409,18764,1203,17561,41,017,2017
"Douglas County, Oregon",109405,108660,53342,11258,5265,5993,29564,7238,22326,12520,1056,11464,55318,10969,4924,6045,30263,8789,21474,14086,2167,11919,41,019,2017
"Jackson County, Oregon",217479,216006,106020,25318,11803,13515,59706,13877,45829,20996,2707,18289,109986,22452,11112,11340,62304,17199,45105,25230,3067,22163,41,029,2017
"Josephine County, Oregon",86352,85729,41979,9497,5214,4283,22491,6355,16136,9991,956,9035,43750,7669,4291,3378,24667,9356,15311,11414,1830,9584,41,033,2017
"Klamath County, Oregon",66935,66331,32628,7305,3517,3788,18087,3549,14538,7236,903,6333,33703,7766,3699,4067,18844,5337,13507,7093,937,6156,41,035,2017
"Lane County, Oregon",374748,372940,183441,38791,17285,21506,112582,25202,87380,32068,2868,29200,189499,36937,17269,19668,114763,29249,85514,37799,6273,31526,41,039,2017
"Linn County, Oregon",125047,124360,61700,15075,6818,8257,36035,8745,27290,10590,1666,8924,62660,14665,6490,8175,36038,10336,25702,11957,1431,10526,41,043,2017
"Marion County, Oregon",341286,335089,164830,45406,25105,20301,97492,19453,78039,21932,1754,20178,170259,43728,23903,19825,97785,24672,73113,28746,3671,25075,41,047,2017
"Multnomah County, Oregon",807555,802324,396465,82928,34318,48610,267767,44701,223066,45770,6407,39363,405859,79723,31898,47825,269558,51666,217892,56578,9442,47136,41,051,2017
"Polk County, Oregon",83696,83354,41813,11209,3386,7823,23586,3364,20222,7018,791,6227,41541,10581,4216,6365,23375,4368,19007,7585,724,6861,41,053,2017
"Umatilla County, Oregon",76985,72786,36631,10688,4818,5870,20864,2966,17898,5079,538,4541,36155,10586,4640,5946,19834,4648,15186,5735,879,4856,41,059,2017
"Washington County, Oregon",588957,585404,288977,74012,21274,52738,182253,16907,165346,32712,3680,29032,296427,69737,17216,52521,184149,23425,160724,42541,4569,37972,41,067,2017
"Yamhill County, Oregon",105722,103445,52207,13934,5419,8515,29998,5594,24404,8275,764,7511,51238,11287,3918,7369,30756,6359,24397,9195,1290,7905,41,071,2017
"Adams County, Pennsylvania",102336,101040,49901,11097,3227,7870,29885,2698,27187,8919,985,7934,51139,10721,3505,7216,29949,3936,26013,10469,1135,9334,42,001,2017
"Allegheny County, Pennsylvania",1223048,1208195,581860,125269,42548,82721,364833,42166,322667,91758,10707,81051,626335,121167,37055,84112,378437,58280,320157,126731,16334,110397,42,003,2017
"Armstrong County, Pennsylvania",65642,65109,32374,6753,2880,3873,19488,4404,15084,6133,688,5445,32735,6577,3016,3561,18678,4979,13699,7480,1656,5824,42,005,2017
"Beaver County, Pennsylvania",166140,164937,78934,16524,5635,10889,47304,7707,39597,15106,1959,13147,86003,18065,8562,9503,48198,9669,38529,19740,3122,16618,42,007,2017
"Berks County, Pennsylvania",417854,412502,202667,52556,20785,31771,119171,16754,102417,30940,3080,27860,209835,48479,20395,28084,123425,22892,100533,37931,4702,33229,42,011,2017
"Blair County, Pennsylvania",123457,122070,60020,14210,5652,8558,35304,7007,28297,10506,1178,9328,62050,12845,5905,6940,36297,9737,26560,12908,1815,11093,42,013,2017
"Bucks County, Pennsylvania",628341,623079,305342,70096,14695,55401,185116,12238,172878,50130,3290,46840,317737,66752,14222,52530,189609,15646,173963,61376,4690,56686,42,017,2017
"Butler County, Pennsylvania",187108,185139,91985,20804,5577,15227,55917,4574,51343,15264,1639,13625,93154,19713,5425,14288,55278,6615,48663,18163,1688,16475,42,019,2017
"Cambria County, Pennsylvania",133054,130092,62719,13145,6017,7128,36926,7264,29662,12648,1404,11244,67373,14001,7077,6924,37430,9981,27449,15942,2247,13695,42,021,2017
"Carbon County, Pennsylvania",63853,62946,30956,6335,2304,4031,18721,2911,15810,5900,784,5116,31990,6655,2509,4146,18826,3519,15307,6509,849,5660,42,025,2017
"Centre County, Pennsylvania",162660,157116,80728,15412,3177,12235,55346,4183,51163,9970,740,9230,76388,14732,3034,11698,49885,4459,45426,11771,1013,10758,42,027,2017
"Chester County, Pennsylvania",519293,514408,253352,64264,12685,51579,153403,10625,142778,35685,1791,33894,261056,61582,11442,50140,155914,14028,141886,43560,2562,40998,42,029,2017
"Clearfield County, Pennsylvania",79685,74416,36459,7726,4125,3601,21894,4733,17161,6839,937,5902,37957,7448,3392,4056,22015,4777,17238,8494,1480,7014,42,033,2017
"Columbia County, Pennsylvania",65932,65184,31527,6890,2970,3920,19377,1996,17381,5260,559,4701,33657,6555,1896,4659,20545,3536,17009,6557,675,5882,42,037,2017
"Crawford County, Pennsylvania",86159,84713,42352,9914,4161,5753,24358,4001,20357,8080,398,7682,42361,8555,3255,5300,24868,5878,18990,8938,1041,7897,42,039,2017
"Cumberland County, Pennsylvania",250066,242836,117698,27816,6299,21517,70989,6218,64771,18893,1303,17590,125138,27133,6272,20861,73691,8081,65610,24314,1780,22534,42,041,2017
"Dauphin County, Pennsylvania",275710,272525,131216,32452,12246,20206,79854,9885,69969,18910,2034,16876,141309,31445,12554,18891,84187,15139,69048,25677,3936,21741,42,043,2017
"Delaware County, Pennsylvania",564696,556749,266846,68003,20445,47558,161154,19003,142151,37689,2932,34757,289903,64716,18315,46401,174894,25583,149311,50293,5547,44746,42,045,2017
"Erie County, Pennsylvania",274541,268124,131176,31743,13135,18608,79176,12081,67095,20257,2451,17806,136948,30531,13656,16875,81258,19309,61949,25159,3194,21965,42,049,2017
"Fayette County, Pennsylvania",131504,127985,62112,13282,6127,7155,37404,8200,29204,11426,1306,10120,65873,13142,5596,7546,38282,10815,27467,14449,2239,12210,42,051,2017
"Franklin County, Pennsylvania",154234,152849,75312,18846,4797,14049,43871,4153,39718,12595,744,11851,77537,17271,4441,12830,44071,6216,37855,16195,1343,14852,42,055,2017
"Indiana County, Pennsylvania",84953,83599,40833,8557,3435,5122,25186,5088,20098,7090,478,6612,42766,9076,3302,5774,25305,5661,19644,8385,1001,7384,42,063,2017
"Lackawanna County, Pennsylvania",210761,206732,100470,23735,11069,12666,59628,9617,50011,17107,1902,15205,106262,21647,8994,12653,62731,13750,48981,21884,3120,18764,42,069,2017
"Lancaster County, Pennsylvania",542903,537170,263366,69295,21246,48049,153242,15786,137456,40829,2250,38579,273804,66462,21696,44766,157819,24376,133443,49523,3795,45728,42,071,2017
"Lawrence County, Pennsylvania",87069,86103,41339,9170,4014,5156,24574,3906,20668,7595,640,6955,44764,9152,3960,5192,24881,5312,19569,10731,1664,9067,42,073,2017
"Lebanon County, Pennsylvania",139754,138119,67640,17464,6431,11033,38977,5843,33134,11199,1147,10052,70479,16525,7053,9472,39281,7232,32049,14673,2077,12596,42,075,2017
"Lehigh County, Pennsylvania",366494,361245,177423,45833,18471,27362,106341,13467,92874,25249,3226,22023,183822,42593,16810,25783,110139,21847,88292,31090,4589,26501,42,077,2017
"Luzerne County, Pennsylvania",317343,309654,151510,33409,14268,19141,92636,12683,79953,25465,2556,22909,158144,32094,15243,16851,92638,19215,73423,33412,4284,29128,42,079,2017
"Lycoming County, Pennsylvania",113841,110734,55510,13290,5408,7882,33308,4923,28385,8912,1119,7793,55224,11288,4437,6851,32701,6215,26486,11235,1365,9870,42,081,2017
"Mercer County, Pennsylvania",111750,107842,52176,11768,5965,5803,30742,5797,24945,9666,844,8822,55666,10937,4987,5950,32167,8877,23290,12562,1214,11348,42,085,2017
"Monroe County, Pennsylvania",168046,166857,82426,18378,6160,12218,50970,5733,45237,13078,1280,11798,84431,17117,5075,12042,52759,10077,42682,14555,887,13668,42,089,2017
"Montgomery County, Pennsylvania",826075,811553,393294,96777,18874,77903,237283,15888,221395,59234,4321,54913,418259,93133,17801,75332,248288,21355,226933,76838,5874,70964,42,091,2017
"Northampton County, Pennsylvania",303405,300797,148297,33130,9378,23752,90867,10781,80086,24300,1280,23020,152500,31635,9318,22317,90261,12739,77522,30604,3129,27475,42,095,2017
"Northumberland County, Pennsylvania",92029,88199,43390,9516,3931,5585,25721,5076,20645,8153,979,7174,44809,8927,3158,5769,25840,5939,19901,10042,1371,8671,42,097,2017
"Philadelphia County, Pennsylvania",1580863,1566792,740874,185256,108412,76844,473421,106804,366617,82197,16480,65717,825918,180114,104504,75610,522961,153274,369687,122843,30983,91860,42,101,2017
"Schuylkill County, Pennsylvania",142569,135569,67659,15433,8091,7342,40128,6079,34049,12098,1282,10816,67910,14193,5908,8285,38833,7685,31148,14884,2189,12695,42,107,2017
"Somerset County, Pennsylvania",74501,69619,34599,7924,3129,4795,19785,3333,16452,6890,858,6032,35020,6781,2511,4270,19835,4460,15375,8404,1374,7030,42,111,2017
"Washington County, Pennsylvania",207298,205390,100916,22717,8229,14488,60292,9022,51270,17907,2377,15530,104474,20720,7065,13655,61254,10549,50705,22500,3218,19282,42,125,2017
"Westmoreland County, Pennsylvania",352627,349534,170291,34846,11773,23073,101826,13920,87906,33619,3050,30569,179243,34379,10224,24155,102280,16289,85991,42584,5555,37029,42,129,2017
"York County, Pennsylvania",446078,440759,216942,54056,18250,35806,129668,14173,115495,33218,2685,30533,223817,50953,15717,35236,133020,20943,112077,39844,4263,35581,42,133,2017
"Kent County, Rhode Island",163760,162523,77803,16252,3781,12471,48897,7111,41786,12654,1574,11080,84720,15971,5071,10900,52055,9380,42675,16694,2212,14482,44,003,2017
"Newport County, Rhode Island",83460,79713,38345,8252,1640,6612,22436,2215,20221,7657,846,6811,41368,6901,1170,5731,25259,3995,21264,9208,274,8934,44,005,2017
"Providence County, Rhode Island",637357,628417,304870,71849,33318,38531,193824,39342,154482,39197,7195,32002,323547,70388,31961,38427,201110,56835,144275,52049,9565,42484,44,007,2017
"Washington County, Rhode Island",126150,125209,61033,12361,3080,9281,37717,2756,34961,10955,876,10079,64176,11394,2420,8974,39935,6124,33811,12847,2155,10692,44,009,2017
"Aiken County, South Carolina",168179,166446,79978,19082,9231,9851,46989,6170,40819,13907,1308,12599,86468,18496,8907,9589,50700,6851,43849,17272,3141,14131,45,003,2017
"Anderson County, South Carolina",198759,197407,95632,24368,11165,13203,55707,5731,49976,15557,1823,13734,101775,22872,9520,13352,59681,10142,49539,19222,2410,16812,45,007,2017
"Beaufort County, South Carolina",186844,179788,84644,17906,5164,12742,43695,3036,40659,23043,1708,21335,95144,20552,6195,14357,48792,5200,43592,25800,2314,23486,45,013,2017
"Berkeley County, South Carolina",217937,211581,102302,27604,8884,18720,61122,3517,57605,13576,1522,12054,109279,26849,9774,17075,65824,8347,57477,16606,1231,15375,45,015,2017
"Charleston County, South Carolina",401438,394779,189302,42686,13071,29615,119617,7241,112376,26999,2433,24566,205477,41590,13274,28316,129000,13342,115658,34887,3362,31525,45,019,2017
"Darlington County, South Carolina",67265,66589,31423,8365,4712,3653,17777,2164,15613,5281,708,4573,35166,7904,4691,3213,20430,3926,16504,6832,1777,5055,45,031,2017
"Dorchester County, South Carolina",156456,153924,74362,21098,5154,15944,44315,3058,41257,8949,910,8039,79562,19992,4285,15707,48565,5969,42596,11005,1221,9784,45,035,2017
"Florence County, South Carolina",138566,137105,64561,17945,9593,8352,36902,5806,31096,9714,1115,8599,72544,16959,10543,6416,43122,9252,33870,12463,1533,10930,45,041,2017
"Greenville County, South Carolina",506837,502457,243023,62708,21596,41112,146286,10999,135287,34029,1865,32164,259434,60151,19157,40994,156994,17444,139550,42289,4280,38009,45,045,2017
"Greenwood County, South Carolina",70355,69272,32051,7819,3673,4146,18991,2149,16842,5241,958,4283,37221,8226,3920,4306,21706,3505,18201,7289,906,6383,45,047,2017
"Horry County, South Carolina",333268,331280,158577,32638,17603,15035,89838,9193,80645,36101,2613,33488,172703,32596,17308,15288,99526,14953,84573,40581,3228,37353,45,051,2017
"Kershaw County, South Carolina",65036,64693,31732,8872,4731,4141,17830,1679,16151,5030,786,4244,32961,6956,2922,4034,19648,2713,16935,6357,1816,4541,45,055,2017
"Lancaster County, South Carolina",92550,90412,41887,9215,3737,5478,24272,2162,22110,8400,272,8128,48525,11883,6167,5716,26084,3391,22693,10558,702,9856,45,057,2017
"Laurens County, South Carolina",66848,65704,32524,8704,4860,3844,18695,2251,16444,5125,1010,4115,33180,7008,3607,3401,19930,4023,15907,6242,659,5583,45,059,2017
"Lexington County, South Carolina",290642,287456,139352,36860,12359,24501,82969,6221,76748,19523,2034,17489,148104,34424,11928,22496,89385,10586,78799,24295,2358,21937,45,063,2017
"Oconee County, South Carolina",77270,76721,38065,8546,4636,3910,21218,2393,18825,8301,919,7382,38656,7404,3317,4087,22047,2761,19286,9205,884,8321,45,073,2017
"Orangeburg County, South Carolina",87476,86825,40035,10447,5936,4511,22394,1324,21070,7194,1797,5397,46790,10275,7029,3246,27361,3792,23569,9154,1984,7170,45,075,2017
"Pickens County, South Carolina",123479,122825,61216,14409,6677,7732,38087,3730,34357,8720,639,8081,61609,13964,5686,8278,36751,3834,32917,10894,1069,9825,45,077,2017
"Richland County, South Carolina",411592,389480,184069,47665,19284,28381,115178,10574,104604,21226,3141,18085,205411,48601,16829,31772,128186,16712,111474,28624,4220,24404,45,079,2017
"Spartanburg County, South Carolina",306854,302558,146123,37791,17102,20689,87230,9565,77665,21102,2187,18915,156435,37492,16645,20847,92734,14500,78234,26209,3189,23020,45,083,2017
"Sumter County, South Carolina",106847,101847,48490,13830,6607,7223,27849,4312,23537,6811,1952,4859,53357,12546,6351,6195,31063,6029,25034,9748,2528,7220,45,085,2017
"York County, South Carolina",266439,264563,128045,35257,10306,24951,76139,5229,70910,16649,1389,15260,136518,33374,11144,22230,83041,8621,74420,20103,2344,17759,45,091,2017
"Minnehaha County, South Dakota",188616,185735,92514,25324,5363,19961,56512,2847,53665,10678,1266,9412,93221,24969,8357,16612,55005,3909,51096,13247,1224,12023,46,099,2017
"Pennington County, South Dakota",110141,107411,53300,13331,3938,9393,31289,2166,29123,8680,782,7898,54111,13128,4821,8307,31561,4334,27227,9422,930,8492,46,103,2017
"Anderson County, Tennessee",76257,75339,36482,8998,3237,5761,21165,2821,18344,6319,710,5609,38857,8694,4381,4313,21885,5234,16651,8278,1445,6833,47,001,2017
"Blount County, Tennessee",129929,128811,62029,13822,6453,7369,36619,3563,33056,11588,1158,10430,66782,14146,6262,7884,38733,6843,31890,13903,1862,12041,47,009,2017
"Bradley County, Tennessee",105560,104632,50965,13072,6363,6709,30571,2193,28378,7322,884,6438,53667,12348,6327,6021,31948,5062,26886,9371,1786,7585,47,011,2017
"Davidson County, Tennessee",691243,684601,328656,77690,28692,48998,217775,18915,198860,33191,4225,28966,355945,76398,32017,44381,232749,29428,203321,46798,6325,40473,47,037,2017
"Greene County, Tennessee",68808,67591,32669,7195,4199,2996,19191,3778,15413,6283,610,5673,34922,7027,5271,1756,20265,4881,15384,7630,1525,6105,47,059,2017
"Hamilton County, Tennessee",361613,357973,171422,39758,8283,31475,105543,8764,96779,26121,2598,23523,186551,38760,10679,28081,113176,12665,100511,34615,4765,29850,47,065,2017
"Knox County, Tennessee",461860,458312,222045,53394,17726,35668,138624,12740,125884,30027,3182,26845,236267,51207,17621,33586,146064,17609,128455,38996,5000,33996,47,093,2017
"Madison County, Tennessee",97643,96311,46008,12004,4115,7889,27158,3713,23445,6846,883,5963,50303,11098,4465,6633,30585,5660,24925,8620,1297,7323,47,113,2017
"Maury County, Tennessee",92163,90911,45086,12716,2697,10019,26319,1610,24709,6051,822,5229,45825,10206,2765,7441,28296,2450,25846,7323,1175,6148,47,119,2017
"Montgomery County, Tennessee",200182,186329,88872,28997,9762,19235,51795,6075,45720,8080,1022,7058,97457,26972,7719,19253,61088,10259,50829,9397,1762,7635,47,125,2017
"Putnam County, Tennessee",77674,76527,37950,9489,5507,3982,23069,2689,20380,5392,419,4973,38577,8394,5325,3069,23350,3425,19925,6833,687,6146,47,141,2017
"Robertson County, Tennessee",70177,69246,33496,8667,2683,5984,20562,1900,18662,4267,277,3990,35750,9134,3553,5581,21275,2888,18387,5341,420,4921,47,147,2017
"Rutherford County, Tennessee",317157,314617,154386,43093,13632,29461,97832,7732,90100,13461,1345,12116,160231,40930,11803,29127,101980,10663,91317,17321,2638,14683,47,149,2017
"Sevier County, Tennessee",97638,96754,46773,10340,5724,4616,27961,3513,24448,8472,723,7749,49981,10520,6392,4128,29612,5595,24017,9849,1001,8848,47,155,2017
"Shelby County, Tennessee",936961,923753,436146,125000,60466,64534,261188,30384,230804,49958,5905,44053,487607,122381,60781,61600,295371,59295,236076,69855,12647,57208,47,157,2017
"Sullivan County, Tennessee",157158,155456,75577,16713,9818,6895,44128,6356,37772,14736,1288,13448,79879,15515,9308,6207,45845,9772,36073,18519,1354,17165,47,163,2017
"Sumner County, Tennessee",183545,181814,89052,23954,9018,14936,53307,4893,48414,11791,827,10964,92762,21670,6436,15234,55862,7436,48426,15230,1350,13880,47,165,2017
"Washington County, Tennessee",127806,126062,61672,13117,4131,8986,38524,2833,35691,10031,1422,8609,64390,13250,3857,9393,39219,5603,33616,11921,2201,9720,47,179,2017
"Williamson County, Tennessee",226257,225665,109309,32718,2947,29771,63439,1782,61657,13152,759,12393,116356,32794,3926,28868,67552,2774,64778,16010,1202,14808,47,187,2017
"Wilson County, Tennessee",136442,135339,65214,16564,5095,11469,38961,2979,35982,9689,397,9292,70125,17783,5357,12426,41218,5374,35844,11124,740,10384,47,189,2017
"Angelina County, Texas",87805,85755,41571,12154,5908,6246,23435,2618,20817,5982,338,5644,44184,11609,6248,5361,24852,2315,22537,7723,1422,6301,48,005,2017
"Bastrop County, Texas",84761,82483,42350,12632,4534,8098,24862,1494,23368,4856,344,4512,40133,11542,4560,6982,23429,1945,21484,5162,528,4634,48,021,2017
"Bell County, Texas",347833,330457,158038,51855,15459,36396,90474,5790,84684,15709,1897,13812,172419,50176,17574,32602,102423,9061,93362,19820,2720,17100,48,027,2017
"Bexar County, Texas",1958578,1928695,944671,270287,108368,161919,576424,46380,530044,97960,14788,83172,984024,260687,107340,153347,594846,70582,524264,128491,24922,103569,48,029,2017
"Bowie County, Texas",94012,88586,42939,12177,5219,6958,24874,2265,22609,5888,145,5743,45647,11083,3962,7121,26533,2550,23983,8031,715,7316,48,037,2017
"Brazoria County, Texas",362457,350358,172698,52158,12533,39625,102350,4112,98238,18190,1287,16903,177660,48724,13903,34821,106900,7215,99685,22036,1951,20085,48,039,2017
"Brazos County, Texas",222830,218498,109889,27647,8731,18916,73992,3074,70918,8250,954,7296,108609,27238,7911,19327,71194,3695,67499,10177,802,9375,48,041,2017
"Cameron County, Texas",423725,421936,205114,69370,39704,29666,111099,9864,101235,24645,8839,15806,216822,67391,38574,28817,118985,16845,102140,30446,10931,19515,48,061,2017
"Collin County, Texas",969603,966832,475391,136404,16946,119458,293960,6960,287000,45027,3799,41228,491441,131695,18333,113362,302119,9817,292302,57627,4659,52968,48,085,2017
"Comal County, Texas",141009,139595,68830,17977,4523,13454,39178,2001,37177,11675,1559,10116,70765,16844,5167,11677,40668,2206,38462,13253,1536,11717,48,091,2017
"Coryell County, Texas",74913,59246,27052,8719,2643,6076,15595,1285,14310,2738,95,2643,32194,9624,2800,6824,18680,2252,16428,3890,537,3353,48,099,2017
"Dallas County, Texas",2618148,2599093,1278630,370809,173328,197481,792244,52847,739397,115577,14394,101183,1320463,356315,164224,192091,812215,75356,736859,151933,23558,128375,48,113,2017
"Denton County, Texas",836210,832361,408903,113690,19942,93748,259195,6716,252479,36018,2048,33970,423458,108760,19380,89380,269763,10345,259418,44935,5134,39801,48,121,2017
"Ector County, Texas",157087,156328,78172,24700,9720,14980,46919,2744,44175,6553,549,6004,78156,24894,7247,17647,44855,4650,40205,8407,1102,7305,48,135,2017
"Ellis County, Texas",173620,172201,84760,24509,7803,16706,50627,1549,49078,9624,899,8725,87441,24288,6988,17300,51412,2903,48509,11741,1135,10606,48,139,2017
"El Paso County, Texas",840410,817738,393340,123818,62451,61367,227915,17669,210246,41607,10642,30965,424398,119841,58004,61837,248088,28400,219688,56469,18732,37737,48,141,2017
"Fort Bend County, Texas",764828,759769,371648,112921,26482,86439,221841,10158,211683,36886,3685,33201,388121,108963,26851,82112,235362,12013,223349,43796,6477,37319,48,157,2017
"Galveston County, Texas",335036,329524,162007,44126,14281,29845,97133,6178,90955,20748,1934,18814,167517,42078,13661,28417,101104,9342,91762,24335,3108,21227,48,167,2017
"Grayson County, Texas",131140,129635,64222,17443,7769,9674,36696,2149,34547,10083,818,9265,65413,15343,5086,10257,38206,2856,35350,11864,1476,10388,48,181,2017
"Gregg County, Texas",123367,120854,58442,17023,6866,10157,33589,1660,31929,7830,964,6866,62412,16496,7965,8531,35545,3666,31879,10371,1820,8551,48,183,2017
"Guadalupe County, Texas",159659,157902,77691,22015,5165,16850,46001,3180,42821,9675,1466,8209,80211,21086,5589,15497,47880,3602,44278,11245,1710,9535,48,187,2017
"Harris County, Texas",4652980,4628010,2295597,666733,300635,366098,1421277,102980,1318297,207587,30257,177330,2332413,642217,287277,354940,1430494,148257,1282237,259702,40746,218956,48,201,2017
"Harrison County, Texas",66661,65879,31624,8986,2563,6423,18071,1706,16365,4567,477,4090,34255,9853,3321,6532,18583,2930,15653,5819,353,5466,48,203,2017
"Hays County, Texas",214485,213087,106563,27672,5246,22426,68771,2106,66665,10120,221,9899,106524,26055,5467,20588,68812,3082,65730,11657,1500,10157,48,209,2017
"Henderson County, Texas",81064,79886,39149,9953,4946,5007,21166,2997,18169,8030,626,7404,40737,8668,3864,4804,22459,3349,19110,9610,810,8800,48,213,2017
"Hidalgo County, Texas",860661,851914,414315,153389,92495,60894,220505,15194,205311,40421,14088,26333,437599,146847,90023,56824,240318,21043,219275,50434,19781,30653,48,215,2017
"Hunt County, Texas",93872,93029,45253,11670,5546,6124,26528,1526,25002,7055,597,6458,47776,12488,4275,8213,27787,2295,25492,7501,547,6954,48,231,2017
"Jefferson County, Texas",256299,241831,117804,33315,15135,18180,69488,3932,65556,15001,992,14009,124027,32013,15324,16689,72731,7453,65278,19283,1870,17413,48,245,2017
"Johnson County, Texas",167301,164944,82061,24324,8449,15875,47983,1783,46200,9754,423,9331,82883,21031,5891,15140,49038,2354,46684,12814,877,11937,48,251,2017
"Kaufman County, Texas",122883,121503,59151,17637,4483,13154,35320,1996,33324,6194,584,5610,62352,18595,4553,14042,36292,2973,33319,7465,1216,6249,48,257,2017
"Liberty County, Texas",83658,76705,39921,12559,3559,9000,23036,1523,21513,4326,670,3656,36784,11630,4126,7504,19607,2625,16982,5547,670,4877,48,291,2017
"Lubbock County, Texas",305225,301123,146497,40946,16359,24587,90267,6873,83394,15284,1549,13735,154626,39924,16746,23178,94518,9134,85384,20184,2048,18136,48,303,2017
"McLennan County, Texas",251259,246675,119691,33979,14172,19807,70516,6358,64158,15196,1171,14025,126984,32609,14332,18277,75406,7326,68080,18969,2057,16912,48,309,2017
"Midland County, Texas",165049,163706,82603,25155,4991,20164,49965,1798,48167,7483,148,7335,81103,23908,5956,17952,48095,1757,46338,9100,221,8879,48,329,2017
"Montgomery County, Texas",570934,568301,281232,81741,25461,56280,167516,7011,160505,31975,1253,30722,287069,78070,22202,55868,169268,10476,158792,39731,3408,36323,48,339,2017
"Nacogdoches County, Texas",65580,64777,30928,8922,4723,4199,17758,740,17018,4248,347,3901,33849,9215,4219,4996,19620,2331,17289,5014,643,4371,48,347,2017
"Nueces County, Texas",361221,356214,174258,48743,19916,28827,103590,7615,95975,21925,2891,19034,181956,47346,19129,28217,106911,12366,94545,27699,5578,22121,48,355,2017
"Orange County, Texas",85047,84278,41927,11769,4509,7260,24101,1328,22773,6057,402,5655,42351,11101,4155,6946,24754,2704,22050,6496,393,6103,48,361,2017
"Parker County, Texas",133463,132010,66414,18091,4085,14006,37988,1743,36245,10335,1409,8926,65596,16059,2966,13093,39179,2647,36532,10358,1440,8918,48,367,2017
"Potter County, Texas",120458,113625,56748,18353,8061,10292,32736,2570,30166,5659,768,4891,56877,16289,5826,10463,33052,4110,28942,7536,1461,6075,48,375,2017
"Randall County, Texas",134442,133457,65995,18513,3610,14903,38897,2107,36790,8585,568,8017,67462,16246,4219,12027,40270,3158,37112,10946,614,10332,48,381,2017
"Rockwall County, Texas",96788,96159,47259,14890,1617,13273,27230,389,26841,5139,352,4787,48900,13886,3026,10860,29205,403,28802,5809,588,5221,48,397,2017
"San Patricio County, Texas",67215,66445,33124,9199,3867,5332,19626,1625,18001,4299,577,3722,33321,9302,4451,4851,18834,1686,17148,5185,991,4194,48,409,2017
"Smith County, Texas",227727,225454,108600,31054,11575,19479,61536,5291,56245,16010,2631,13379,116854,29672,10272,19400,67205,9132,58073,19977,3058,16919,48,423,2017
"Tarrant County, Texas",2054475,2038218,997558,293386,104333,189053,607410,36613,570797,96762,7353,89409,1040660,280990,97432,183558,636861,46922,589939,122809,13544,109265,48,439,2017
"Taylor County, Texas",136290,131003,63275,18409,6974,11435,36836,1610,35226,8030,480,7550,67728,16916,7261,9655,40082,3379,36703,10730,1170,9560,48,441,2017
"Tom Green County, Texas",118019,113762,54928,14467,4080,10387,32374,2656,29718,8087,869,7218,58834,15411,4468,10943,33946,2402,31544,9477,1519,7958,48,451,2017
"Travis County, Texas",1226698,1219247,615573,145786,43112,102674,417336,21324,396012,52451,5619,46832,603674,140173,36505,103668,401536,28533,373003,61965,9497,52468,48,453,2017
"Victoria County, Texas",92084,91028,45099,12793,4544,8249,25886,1700,24186,6420,623,5797,45929,11864,3661,8203,26537,3147,23390,7528,743,6785,48,469,2017
"Walker County, Texas",72245,57817,28867,6311,1145,5166,19498,348,19150,3058,651,2407,28950,5952,1416,4536,18572,1077,17495,4426,109,4317,48,471,2017
"Webb County, Texas",274794,272329,132464,49562,28724,20838,72522,5290,67232,10380,3356,7024,139865,47699,26651,21048,77412,7688,69724,14754,5635,9119,48,479,2017
"Wichita County, Texas",132000,117097,55653,16095,5364,10731,31797,2216,29581,7761,639,7122,61444,15392,6290,9102,35794,3884,31910,10258,1533,8725,48,485,2017
"Williamson County, Texas",547545,544019,266070,76002,12114,63888,160675,6683,153992,29393,1684,27709,277949,74316,15670,58646,167620,10386,157234,36013,2539,33474,48,491,2017
"Wise County, Texas",66181,65175,32512,8524,1668,6856,19326,1259,18067,4662,220,4442,32663,8469,1977,6492,19098,1224,17874,5096,1016,4080,48,497,2017
"Cache County, Utah",124438,123663,62222,20723,4708,16015,36380,1973,34407,5119,229,4890,61441,20353,4318,16035,35349,2382,32967,5739,482,5257,49,005,2017
"Davis County, Utah",347637,344149,172784,61545,6514,55031,95308,3965,91343,15931,1744,14187,171365,56025,5809,50216,96290,4714,91576,19050,1739,17311,49,011,2017
"Salt Lake County, Utah",1135649,1127955,565243,168038,34427,133611,343505,16711,326794,53700,4262,49438,562712,158811,33044,125767,339919,25091,314828,63982,7505,56477,49,035,2017
"Tooele County, Utah",67456,67119,33954,11932,2174,9758,19155,601,18554,2867,347,2520,33165,11075,2015,9060,19038,1962,17076,3052,39,3013,49,045,2017
"Utah County, Utah",606425,603222,304539,112404,18597,93807,171376,9344,162032,20759,2085,18674,298683,105194,16490,88704,169055,11350,157705,24434,2567,21867,49,049,2017
"Washington County, Utah",165662,164332,81500,24235,6407,17828,40686,3365,37321,16579,1747,14832,82832,21899,6424,15475,43056,3397,39659,17877,1830,16047,49,053,2017
"Weber County, Utah",251769,249018,124337,37987,7601,30386,73321,4462,68859,13029,809,12220,124681,37329,8749,28580,72540,6402,66138,14812,1634,13178,49,057,2017
"Chittenden County, Vermont",162372,161090,79110,16958,6050,10908,52278,7834,44444,9874,1553,8321,81980,15342,6604,8738,53769,8117,45652,12869,2064,10805,50,007,2017
"Albemarle County, Virginia",107702,106302,50558,12123,2688,9435,30125,927,29198,8310,287,8023,55744,12553,2357,10196,33572,2000,31572,9619,183,9436,51,003,2017
"Arlington County, Virginia",234965,230173,112579,21010,2600,18410,81124,1253,79871,10445,677,9768,117594,22100,2599,19501,82584,1293,81291,12910,1553,11357,51,013,2017
"Augusta County, Virginia",75144,71433,35387,7663,2585,5078,20377,911,19466,7347,495,6852,36046,7686,2181,5505,20415,1657,18758,7945,1166,6779,51,015,2017
"Bedford County, Virginia",77974,77627,38363,8076,1231,6845,22477,1025,21452,7810,385,7425,39264,7584,2786,4798,22645,888,21757,9035,621,8414,51,019,2017
"Chesterfield County, Virginia",343599,341164,163373,43811,10618,33193,97690,5258,92432,21872,1161,20711,177791,42843,10342,32501,107904,7673,100231,27044,1224,25820,51,041,2017
"Fairfax County, Virginia",1148433,1135458,559678,144461,27151,117310,346833,11058,335775,68384,3944,64440,575780,138329,22031,116298,357039,9376,347663,80412,7166,73246,51,059,2017
"Fauquier County, Virginia",69465,69022,34075,9247,533,8714,19744,551,19193,5084,260,4824,34947,8235,1202,7033,21000,1226,19774,5712,356,5356,51,061,2017
"Frederick County, Virginia",86484,84921,41508,11235,3108,8127,23511,1000,22511,6762,461,6301,43413,9951,2268,7683,25842,1028,24814,7620,580,7040,51,069,2017
"Hanover County, Virginia",105923,105433,52366,13842,1649,12193,30328,1308,29020,8196,537,7659,53067,11310,1825,9485,31947,1639,30308,9810,630,9180,51,085,2017
"Henrico County, Virginia",327898,325028,153254,39287,8453,30834,94068,4617,89451,19899,1098,18801,171774,38924,11586,27338,104691,8665,96026,28159,1509,26650,51,087,2017
"James City County, Virginia",75524,74499,35339,8062,1873,6189,19197,922,18275,8080,453,7627,39160,8284,1071,7213,21094,880,20214,9782,562,9220,51,095,2017
"Loudoun County, Virginia",398080,395408,195201,59431,6277,53154,120053,1774,118279,15717,1074,14643,200207,58621,4342,54279,122051,3184,118867,19535,2229,17306,51,107,2017
"Montgomery County, Virginia",98559,97947,51441,11156,2178,8978,34965,1420,33545,5320,110,5210,46506,9069,1327,7742,31074,2564,28510,6363,373,5990,51,121,2017
"Prince William County, Virginia",463023,455584,225731,67425,12498,54927,138712,3720,134992,19594,1277,18317,229853,64551,12850,51701,141484,6310,135174,23818,3308,20510,51,153,2017
"Roanoke County, Virginia",93730,92091,43605,9427,1830,7597,25694,1035,24659,8484,465,8019,48486,9719,1938,7781,27827,2268,25559,10940,529,10411,51,161,2017
"Rockingham County, Virginia",80227,79830,39308,9803,1960,7843,22625,805,21820,6880,292,6588,40522,9089,1261,7828,23376,1273,22103,8057,591,7466,51,165,2017
"Spotsylvania County, Virginia",133033,132144,65202,18602,4855,13747,38503,1623,36880,8097,1079,7018,66942,16664,4895,11769,40440,3185,37255,9838,1267,8571,51,177,2017
"Stafford County, Virginia",146649,140748,69461,21314,2554,18760,40863,528,40335,7284,302,6982,71287,19017,2402,16615,44761,1121,43640,7509,270,7239,51,179,2017
"York County, Virginia",67739,63679,29696,8273,1005,7268,16772,238,16534,4651,267,4384,33983,8381,788,7593,20211,1380,18831,5391,111,5280,51,199,2017
"Alexandria city, Virginia",160035,157046,74515,15180,6222,8958,51524,2185,49339,7811,657,7154,82531,15353,5281,10072,57543,2954,54589,9635,639,8996,51,510,2017
"Chesapeake city, Virginia",240397,228506,107401,31199,6248,24951,62977,3663,59314,13225,1322,11903,121105,29938,7153,22785,74386,5858,68528,16781,1158,15623,51,550,2017
"Hampton city, Virginia",134669,129907,61899,16009,5899,10110,37400,2564,34836,8490,1197,7293,68008,14632,4744,9888,41993,4833,37160,11383,2278,9105,51,650,2017
"Lynchburg city, Virginia",80995,79247,35866,8438,3161,5277,23243,2166,21077,4185,48,4137,43381,10549,3502,7047,26284,3326,22958,6548,422,6126,51,680,2017
"Newport News city, Virginia",179388,168522,77582,21724,6741,14983,46864,3909,42955,8994,1259,7735,90940,21887,7626,14261,55924,6976,48948,13129,1681,11448,51,700,2017
"Norfolk city, Virginia",244703,215506,105513,27373,12261,15112,67126,5457,61669,11014,1041,9973,109993,25565,12366,13199,69232,11721,57511,15196,2993,12203,51,710,2017
"Portsmouth city, Virginia",94572,88942,41270,11539,6394,5145,24017,1127,22890,5714,781,4933,47672,11760,5588,6172,28125,4313,23812,7787,1410,6377,51,740,2017
"Richmond city, Virginia",227032,224644,104877,21774,11904,9870,71955,8985,62970,11148,740,10408,119767,23418,10659,12759,79365,11090,68275,16984,3180,13804,51,760,2017
"Roanoke city, Virginia",99837,98667,47219,11893,6685,5208,28780,3655,25125,6546,442,6104,51448,10611,6216,4395,31205,5313,25892,9632,1960,7672,51,770,2017
"Suffolk city, Virginia",90237,88326,42226,11527,3320,8207,25059,1709,23350,5640,280,5360,46100,11181,4936,6245,27893,4087,23806,7026,1009,6017,51,800,2017
"Virginia Beach city, Virginia",450435,430046,204436,53340,11503,41837,125025,5405,119620,26071,1575,24496,225610,50489,9384,41105,140646,8436,132210,34475,2990,31485,51,810,2017
"Benton County, Washington",198171,196664,97992,28865,12948,15917,56245,10139,46106,12882,1910,10972,98672,27279,13776,13503,55879,12067,43812,15514,2777,12737,53,005,2017
"Chelan County, Washington",76533,75927,38047,10451,5657,4794,21188,3884,17304,6408,623,5785,37880,9942,5468,4474,20632,6272,14360,7306,699,6607,53,007,2017
"Clallam County, Washington",75474,74486,36112,6638,3728,2910,19257,5210,14047,10217,1374,8843,38374,6416,3667,2749,20460,5950,14510,11498,1170,10328,53,009,2017
"Clark County, Washington",474643,472247,233127,61471,22998,38473,140023,18668,121355,31633,3491,28142,239120,59689,23130,36559,140786,23524,117262,38645,5214,33431,53,011,2017
"Cowlitz County, Washington",106910,105880,52399,12737,6403,6334,30550,7712,22838,9112,943,8169,53481,12880,7002,5878,30432,10865,19567,10169,1517,8652,53,015,2017
"Franklin County, Washington",92125,90048,45530,14940,7240,7700,26336,3301,23035,4254,980,3274,44518,15599,8755,6844,24825,4585,20240,4094,634,3460,53,021,2017
"Grant County, Washington",95158,94224,47922,14856,10444,4412,26607,4843,21764,6459,1400,5059,46302,14519,8775,5744,25291,6236,19055,6492,805,5687,53,025,2017
"Grays Harbor County, Washington",72697,69669,34584,8100,3557,4543,19350,3547,15803,7134,764,6370,35085,7425,4644,2781,19879,5502,14377,7781,1360,6421,53,027,2017
"Island County, Washington",83159,77764,37192,7962,2468,5494,20170,2881,17289,9060,641,8419,40572,7872,2250,5622,22018,3811,18207,10682,768,9914,53,029,2017
"King County, Washington",2188649,2175595,1089309,240961,76267,164694,723899,75749,648150,124449,13485,110964,1086286,230726,68221,162505,701534,89352,612182,154026,23501,130525,53,033,2017
"Kitsap County, Washington",266414,252254,122907,29373,7924,21449,72191,10992,61199,21343,1238,20105,129347,28935,7966,20969,76099,12418,63681,24313,2410,21903,53,035,2017
"Lewis County, Washington",78200,77279,38090,8789,5328,3461,21717,6414,15303,7584,616,6968,39189,8880,5269,3611,21918,4956,16962,8391,588,7803,53,041,2017
"Pierce County, Washington",876764,854436,421393,112735,41655,71080,256347,44660,211687,52311,4816,47495,433043,105814,37419,68395,263698,54114,209584,63531,8864,54667,53,053,2017
"Skagit County, Washington",125619,124002,60748,14780,6983,7797,34455,5401,29054,11513,814,10699,63254,14660,7438,7222,34853,7711,27142,13741,1165,12576,53,057,2017
"Snohomish County, Washington",801633,792708,395166,98642,28328,70314,250874,29022,221852,45650,5295,40355,397542,93066,26415,66651,248311,34438,213873,56165,7916,48249,53,061,2017
"Spokane County, Washington",506152,497964,243791,60827,27212,33615,148128,29610,118518,34836,3729,31107,254173,58689,26468,32221,152861,34208,118653,42623,5420,37203,53,063,2017
"Thurston County, Washington",280588,274252,130623,31959,8726,23233,77845,10152,67693,20819,2029,18790,143629,31487,7880,23607,85854,13858,71996,26288,2156,24132,53,067,2017
"Whatcom County, Washington",221404,220208,108736,23665,8955,14710,67536,10153,57383,17535,1464,16071,111472,23091,8418,14673,68825,12743,56082,19556,2352,17204,53,073,2017
"Yakima County, Washington",250193,247011,122798,39985,26037,13948,67384,17087,50297,15429,1527,13902,124213,38100,25461,12639,68296,20176,48120,17817,2848,14969,53,077,2017
"Berkeley County, West Virginia",114920,114129,56298,14530,5077,9453,34349,4974,29375,7419,1067,6352,57831,14295,6976,7319,34716,6038,28678,8820,695,8125,54,003,2017
"Cabell County, West Virginia",94958,93311,45783,10127,5072,5055,28169,5747,22422,7487,1136,6351,47528,9508,5030,4478,28312,7963,20349,9708,908,8800,54,011,2017
"Harrison County, West Virginia",67811,67152,32781,7720,3458,4262,19528,3640,15888,5533,494,5039,34371,7484,3132,4352,19749,4648,15101,7138,692,6446,54,033,2017
"Kanawha County, West Virginia",183293,181498,86312,20159,10008,10151,50702,10719,39983,15451,1459,13992,95186,19502,10664,8838,55096,17229,37867,20588,2385,18203,54,039,2017
"Monongalia County, West Virginia",105030,103895,53328,10465,2065,8400,37305,4608,32697,5558,341,5217,50567,9915,3168,6747,34000,5447,28553,6652,479,6173,54,061,2017
"Raleigh County, West Virginia",75022,72735,35775,8386,4651,3735,20894,4297,16597,6495,969,5526,36960,7752,4468,3284,20841,6253,14588,8367,1297,7070,54,081,2017
"Wood County, West Virginia",85104,84601,40976,9365,4051,5314,24244,5426,18818,7367,812,6555,43625,9982,5635,4347,24646,6613,18033,8997,1133,7864,54,107,2017
"Brown County, Wisconsin",262052,258949,127625,34028,9863,24165,77162,5317,71845,16435,1305,15130,131324,32853,8959,23894,78449,11784,66665,20022,2172,17850,55,009,2017
"Dane County, Wisconsin",536416,532634,264369,60642,12692,47950,172435,12209,160226,31292,2724,28568,268265,58453,11207,47246,170683,12419,158264,39129,4475,34654,55,025,2017
"Dodge County, Wisconsin",87786,83678,42982,9708,1921,7787,26759,3735,23024,6515,566,5949,40696,9095,1885,7210,23967,3121,20846,7634,504,7130,55,027,2017
"Eau Claire County, Wisconsin",103671,102932,50630,11795,3900,7895,31702,4219,27483,7133,1066,6067,52302,11043,3225,7818,32455,4158,28297,8804,1522,7282,55,035,2017
"Fond du Lac County, Wisconsin",102548,100824,50163,11533,2859,8674,30645,2772,27873,7985,755,7230,50661,11717,2900,8817,29132,3568,25564,9812,888,8924,55,039,2017
"Jefferson County, Wisconsin",84832,84384,42173,10318,3348,6970,25595,2258,23337,6260,1110,5150,42211,9455,2818,6637,25418,3376,22042,7338,1335,6003,55,055,2017
"Kenosha County, Wisconsin",168521,166567,81603,21182,7785,13397,50560,5325,45235,9861,1682,8179,84964,20921,7492,13429,52000,9789,42211,12043,1783,10260,55,059,2017
"La Crosse County, Wisconsin",118274,116888,56691,13324,2979,10345,35482,3956,31526,7885,1225,6660,60197,13096,2665,10431,37118,4892,32226,9983,1780,8203,55,063,2017
"Manitowoc County, Wisconsin",79175,78867,38841,8600,2158,6442,23273,1321,21952,6968,451,6517,40026,9128,2326,6802,22449,3211,19238,8449,696,7753,55,071,2017
"Marathon County, Wisconsin",135732,134664,67387,16387,5813,10574,40698,4192,36506,10302,941,9361,67277,16178,5704,10474,39029,5224,33805,12070,1834,10236,55,073,2017
"Milwaukee County, Wisconsin",952085,943010,455120,123226,58696,64530,279449,47457,231992,52445,8876,43569,487890,119973,57352,62621,297876,70321,227555,70041,14218,55823,55,079,2017
"Outagamie County, Wisconsin",186059,184770,91643,23238,5780,17458,56825,5585,51240,11580,912,10668,93127,23148,5419,17729,55718,6213,49505,14261,1697,12564,55,087,2017
"Ozaukee County, Wisconsin",88429,87967,43425,9993,990,9003,25607,977,24630,7825,542,7283,44542,9959,1218,8741,25307,1235,24072,9276,446,8830,55,089,2017
"Portage County, Wisconsin",70474,70242,35360,7868,1924,5944,22255,2196,20059,5237,419,4818,34882,7102,1907,5195,21786,2749,19037,5994,316,5678,55,097,2017
"Racine County, Wisconsin",196071,191206,93038,23995,8529,15466,55669,6319,49350,13374,1612,11762,98168,23753,8409,15344,57442,9211,48231,16973,1340,15633,55,101,2017
"Rock County, Wisconsin",162309,161115,78843,20100,7746,12354,47486,6998,40488,11257,1275,9982,82272,20505,9362,11143,47866,9275,38591,13901,2137,11764,55,105,2017
"St. Croix County, Wisconsin",88703,87961,43896,12426,1501,10925,25878,1509,24369,5592,268,5324,44065,11626,1905,9721,26433,2263,24170,6006,485,5521,55,109,2017
"Sheboygan County, Wisconsin",115344,113104,56453,13866,3206,10660,33580,3149,30431,9007,946,8061,56651,13143,2944,10199,32778,3926,28852,10730,1497,9233,55,117,2017
"Walworth County, Wisconsin",103082,102434,51260,11905,3566,8339,31251,2493,28758,8104,685,7419,51174,11239,2955,8284,30710,3945,26765,9225,734,8491,55,127,2017
"Washington County, Wisconsin",135101,134410,67989,16060,2203,13857,41345,2059,39286,10584,822,9762,66421,15473,2421,13052,38706,3720,34986,12242,1011,11231,55,131,2017
"Waukesha County, Wisconsin",400621,398019,195667,47096,6479,40617,116452,7077,109375,32119,2200,29919,202352,44370,5501,38869,118168,8988,109180,39814,3443,36371,55,133,2017
"Winnebago County, Wisconsin",170414,165566,81668,19184,4147,15037,50845,4353,46492,11639,1515,10124,83898,18713,5050,13663,50677,6498,44179,14508,1613,12895,55,139,2017
"Wood County, Wisconsin",73126,72556,35989,8752,4111,4641,20787,2738,18049,6450,455,5995,36567,7802,3465,4337,20891,4566,16325,7874,1201,6673,55,141,2017
"Laramie County, Wyoming",98327,94272,46849,12254,3307,8947,28003,2511,25492,6592,718,5874,47423,11395,2916,8479,27824,3242,24582,8204,1121,7083,56,021,2017
"Natrona County, Wyoming",79547,78412,39268,10561,3126,7435,23683,1801,21882,5024,369,4655,39144,10604,3077,7527,22731,2511,20220,5809,974,4835,56,025,2017
"Arecibo Municipio, Puerto Rico",86066,85131,40334,8625,5285,3340,23982,8148,15834,7727,1753,5974,44797,8308,5728,2580,26214,10925,15289,10275,2748,7527,72,013,2017
"Bayamón Municipio, Puerto Rico",179565,173261,78537,18122,10221,7901,45225,14522,30703,15190,4910,10280,94724,17370,8699,8671,55078,20615,34463,22276,6985,15291,72,021,2017
"Caguas Municipio, Puerto Rico",129604,129260,59737,13851,7238,6613,35623,14018,21605,10263,2646,7617,69523,13059,7887,5172,41422,17197,24225,15042,6041,9001,72,025,2017
"Carolina Municipio, Puerto Rico",154489,153773,70034,15747,6317,9430,41283,7685,33598,13004,3638,9366,83739,15120,6055,9065,48684,13604,35080,19935,5398,14537,72,031,2017
"Guaynabo Municipio, Puerto Rico",87328,86596,40317,9135,1394,7741,23490,4217,19273,7692,1991,5701,46279,7502,2031,5471,27992,4819,23173,10785,1753,9032,72,061,2017
"Mayagüez Municipio, Puerto Rico",75525,75081,35857,8417,4823,3594,20437,8987,11450,7003,1913,5090,39224,6881,4716,2165,21973,10123,11850,10370,4076,6294,72,097,2017
"Ponce Municipio, Puerto Rico",140859,136943,64019,14963,11438,3525,36611,19410,17201,12445,5511,6934,72924,15021,10550,4471,41250,25514,15736,16653,6153,10500,72,113,2017
"San Juan Municipio, Puerto Rico",337288,334041,151443,33593,13134,20459,88645,20498,68147,29205,6336,22869,182598,33531,16651,16880,105630,32286,73344,43437,11780,31657,72,127,2017
"Toa Alta Municipio, Puerto Rico",73217,72914,35925,10232,4217,6015,21302,8543,12759,4391,1269,3122,36989,6711,3442,3269,24760,7628,17132,5518,2962,2556,72,135,2017
"Toa Baja Municipio, Puerto Rico",78092,78034,35904,7697,3149,4548,22032,8120,13912,6175,1952,4223,42130,8444,3376,5068,25247,9383,15864,8439,2968,5471,72,137,2017
"Trujillo Alto Municipio, Puerto Rico",66675,66458,30379,6858,1848,5010,18432,4112,14320,5089,1276,3813,36079,7393,3193,4200,21514,5902,15612,7172,2146,5026,72,139,2017
"Baldwin County, Alabama",212628,210224,102835,25114,6408,18706,57728,5603,52125,19993,1497,18496,107389,22845,8139,14706,62591,5906,56685,21953,2125,19828,01,003,2017
"Calhoun County, Alabama",114728,113033,54076,14040,7597,6443,31746,3840,27906,8290,625,7665,58957,12961,6726,6235,34832,5128,29704,11164,1523,9641,01,015,2017
"Cullman County, Alabama",82755,81881,40375,9766,4124,5642,24244,3830,20414,6365,906,5459,41506,9125,3970,5155,24298,2863,21435,8083,663,7420,01,043,2017
"DeKalb County, Alabama",71617,70863,34112,8369,4268,4101,20432,2533,17899,5311,1377,3934,36751,9471,6006,3465,21073,3381,17692,6207,1808,4399,01,049,2017
"Elmore County, Alabama",81677,76213,35458,9993,3114,6879,20003,1685,18318,5462,813,4649,40755,9715,3183,6532,24697,1968,22729,6343,685,5658,01,051,2017
"Etowah County, Alabama",102755,101960,48829,12025,5676,6349,28806,3447,25359,7998,1010,6988,53131,11929,5753,6176,30558,5009,25549,10644,2017,8627,01,055,2017
"Houston County, Alabama",104346,103579,49631,13078,6803,6275,28904,2548,26356,7649,816,6833,53948,12150,5861,6289,31589,4499,27090,10209,1064,9145,01,069,2017
"Jefferson County, Alabama",659197,652276,307315,79756,35866,43890,186648,20367,166281,40911,5380,35531,344961,79567,33890,45677,208265,28708,179557,57129,8257,48872,01,073,2017
"Lauderdale County, Alabama",92538,91578,42884,9812,3745,6067,25248,2722,22526,7824,664,7160,48694,9906,4626,5280,28820,3412,25408,9968,1482,8486,01,077,2017
"Lee County, Alabama",161604,159847,77244,18750,6446,12304,50085,2475,47610,8409,662,7747,82603,20979,8329,12650,51496,4159,47337,10128,1148,8980,01,081,2017
"Limestone County, Alabama",94402,91288,45069,11500,4595,6905,27481,1689,25792,6088,609,5479,46219,10507,3914,6593,27710,2946,24764,8002,1201,6801,01,083,2017
"Madison County, Alabama",361046,355634,172970,43979,15961,28018,106124,6450,99674,22867,2183,20684,182664,40817,14901,25916,112156,10211,101945,29691,4412,25279,01,089,2017
"Marshall County, Alabama",95548,94754,45863,12326,6987,5339,26952,2470,24482,6585,723,5862,48891,12541,7872,4669,27626,4612,23014,8724,1081,7643,01,095,2017
"Mobile County, Alabama",413955,409996,193517,51888,27538,24350,114310,13169,101141,27319,3464,23855,216479,51618,28398,23220,128161,20651,107510,36700,5965,30735,01,097,2017
"Montgomery County, Alabama",226646,221441,102430,28451,15595,12856,60399,7664,52735,13580,1991,11589,119011,27933,15349,12584,72543,13799,58744,18535,3565,14970,01,101,2017
"Morgan County, Alabama",118818,116784,58411,15338,8038,7300,33893,3497,30396,9180,808,8372,58373,12944,5349,7595,34390,2906,31484,11039,1920,9119,01,103,2017
"St. Clair County, Alabama",88199,86113,41960,10785,5478,5307,24927,2182,22745,6248,440,5808,44153,10116,3826,6290,25878,2769,23109,8159,1144,7015,01,115,2017
"Shelby County, Alabama",213605,211902,103000,28051,7704,20347,61077,2674,58403,13872,1293,12579,108902,25460,4106,21354,65600,4135,61465,17842,1250,16592,01,117,2017
"Talladega County, Alabama",80065,76760,36327,9527,5093,4434,21037,2161,18876,5763,561,5202,40433,8578,5156,3422,24193,4358,19835,7662,901,6761,01,121,2017
"Tuscaloosa County, Alabama",207811,206347,99731,25970,9596,16374,62659,7609,55050,11102,1318,9784,106616,25326,7702,17624,66086,9269,56817,15204,3004,12200,01,125,2017
"Walker County, Alabama",64058,63250,30408,6693,3333,3360,18431,1525,16906,5284,614,4670,32842,7728,3077,4651,18692,4089,14603,6422,1352,5070,01,127,2017
"Anchorage Municipality, Alaska",294356,283558,140978,38825,15732,23093,87650,10190,77460,14503,1352,13151,142580,36806,13666,23140,90363,16043,74320,15411,3465,11946,02,020,2017
"Fairbanks North Star Borough, Alaska",99703,92530,46373,12482,3243,9239,28966,2670,26296,4925,644,4281,46157,13017,3731,9286,28570,4190,24380,4570,271,4299,02,090,2017
"Matanuska-Susitna Borough, Alaska",106532,104928,54050,15884,5665,10219,32208,4969,27239,5958,683,5275,50878,14479,5180,9299,30282,6560,23722,6117,1159,4958,02,170,2017
"Apache County, Arizona",71606,70927,35113,10881,4390,6491,19331,6618,12713,4901,1440,3461,35814,10135,4617,5518,19881,7176,12705,5798,1846,3952,04,001,2017
"Cochise County, Arizona",124756,116440,56361,14045,6148,7897,29247,4812,24435,13069,1847,11222,60079,13864,6753,7111,32725,8592,24133,13490,1746,11744,04,003,2017
"Coconino County, Arizona",140776,139899,69568,17937,7727,10210,43950,8102,35848,7681,872,6809,70331,17645,5809,11836,43847,9049,34798,8839,1538,7301,04,005,2017
"Maricopa County, Arizona",4307033,4274932,2107923,561823,199549,362274,1261080,167187,1093893,285020,28306,256714,2167009,539259,193080,346179,1279972,228954,1051018,347778,46898,300880,04,013,2017
"Mohave County, Arizona",207200,204245,101598,19155,9087,10068,52093,14594,37499,30350,3144,27206,102647,19236,11393,7843,52583,14379,38204,30828,2655,28173,04,015,2017
"Navajo County, Arizona",108956,106301,52717,16402,9151,7251,27782,8255,19527,8533,1335,7198,53584,14742,8859,5883,29192,11606,17586,9650,1816,7834,04,017,2017
"Pima County, Arizona",1022769,999171,482788,117942,48843,69099,276675,49877,226798,88171,8842,79329,516383,114916,47655,67261,295688,67241,228447,105779,13370,92409,04,019,2017
"Pinal County, Arizona",430237,406159,200643,53325,21047,32278,106534,22821,83713,40784,4345,36439,205516,51522,21968,29554,109662,26702,82960,44332,4531,39801,04,021,2017
"Yavapai County, Arizona",228168,226407,110667,20291,8866,11425,57209,9827,47382,33167,3199,29968,115740,19588,8340,11248,59568,12489,47079,36584,3766,32818,04,025,2017
"Yuma County, Arizona",207534,201113,100842,28034,15043,12991,54770,14071,40699,18038,3181,14857,100271,27236,14569,12667,53759,18179,35580,19276,4045,15231,04,027,2017
"Benton County, Arkansas",266300,264760,131325,37573,12843,24730,78727,5803,72924,15025,1405,13620,133435,35212,13080,22132,79265,7511,71754,18958,1719,17239,05,007,2017
"Craighead County, Arkansas",107115,105951,52402,14659,7646,7013,31172,5412,25760,6571,1083,5488,53549,12664,6925,5739,32807,7189,25618,8078,1360,6718,05,031,2017
"Faulkner County, Arkansas",123654,122960,59828,15699,5911,9788,37613,4850,32763,6516,670,5846,63132,15562,5981,9581,39030,7175,31855,8540,1028,7512,05,045,2017
"Garland County, Arkansas",98658,97388,46818,10922,5814,5108,25504,5672,19832,10392,802,9590,50570,10175,6683,3492,27832,6920,20912,12563,1605,10958,05,051,2017
"Jefferson County, Arkansas",69115,63905,30289,9251,5808,3443,16032,2717,13315,5006,555,4451,33616,7462,5001,2461,19817,4738,15079,6337,1406,4931,05,069,2017
"Lonoke County, Arkansas",72898,71249,33638,9292,3442,5850,20145,2576,17569,4201,731,3470,37611,10381,4443,5938,22172,4875,17297,5058,938,4120,05,085,2017
"Pulaski County, Arkansas",393956,387305,184042,49213,25439,23774,110163,20391,89772,24666,2503,22163,203263,47800,23068,24732,122950,27952,94998,32513,4082,28431,05,119,2017
"Saline County, Arkansas",119323,118076,59153,16139,5455,10684,33376,3258,30118,9638,953,8685,58923,13300,4386,8914,35439,4459,30980,10184,1164,9020,05,125,2017
"Sebastian County, Arkansas",128107,126935,61247,15873,8914,6959,37566,5706,31860,7808,1177,6631,65688,17127,9732,7395,37786,6036,31750,10775,1673,9102,05,131,2017
"Washington County, Arkansas",231996,229871,115431,32542,12874,19668,71576,6835,64741,11313,1197,10116,114440,29572,12047,17525,70783,10417,60366,14085,2642,11443,05,143,2017
"White County, Arkansas",79016,78478,38171,9628,5828,3800,23079,4579,18500,5464,844,4620,40307,9420,5357,4063,24136,6043,18093,6751,1361,5390,05,145,2017
"Alameda County, California",1663190,1654543,813613,186733,58614,128119,530495,80203,450292,96385,14965,81420,840930,178016,56589,121427,539523,102039,437484,123391,24539,98852,06,001,2017
"Butte County, California",229294,226204,111137,26370,14393,11977,66580,20745,45835,18187,2585,15602,115067,23982,12482,11500,68916,23285,45631,22169,3361,18808,06,007,2017
"Contra Costa County, California",1147439,1141780,557053,139817,40332,99485,340829,50464,290365,76407,8103,68304,584727,135401,40255,95146,352606,59836,292770,96720,13130,83590,06,013,2017
"El Dorado County, California",188987,187615,93458,20792,5121,15671,54258,8730,45528,18408,1563,16845,94157,19940,5708,14232,54341,10992,43349,19876,1912,17964,06,017,2017
"Fresno County, California",989255,978243,484774,148701,85443,63258,283994,83549,200445,52079,11903,40176,493469,144754,83916,60838,285045,107453,177592,63670,18413,45257,06,019,2017
"Humboldt County, California",136754,135847,67012,14129,8010,6119,42301,10340,31961,10582,1001,9581,68835,15045,8461,6584,41577,11013,30564,12213,2367,9846,06,023,2017
"Imperial County, California",182830,173359,83848,28501,14638,13863,45478,15746,29732,9869,4514,5355,89511,26658,13758,12900,49343,20217,29126,13510,6188,7322,06,025,2017
"Kern County, California",893119,865603,431173,137501,80036,57465,250499,73317,177182,43173,11791,31382,434430,136403,79640,56763,247915,95785,152130,50112,13059,37053,06,029,2017
"Kings County, California",150101,135965,69257,22736,8180,14556,39762,7455,32307,6759,2134,4625,66708,21230,9210,12020,37598,8868,28730,7880,2428,5452,06,031,2017
"Lake County, California",64246,63594,31790,7392,4533,2859,17462,4646,12816,6936,1506,5430,31804,6210,4315,1895,18501,7801,10700,7093,1205,5888,06,033,2017
"Los Angeles County, California",10163507,10096702,4968084,1202894,575617,627277,3193582,645536,2548046,571608,142082,429526,5128618,1154525,542643,611882,3227743,824916,2402827,746350,233926,512424,06,037,2017
"Madera County, California",156890,149228,73093,23516,16580,6936,39631,12354,27277,9946,1645,8301,76135,21608,14023,7585,43658,16843,26815,10869,2227,8642,06,039,2017
"Marin County, California",260955,256005,123640,27729,8135,19594,70667,7620,63047,25244,1567,23677,132365,27980,6014,21966,73700,9415,64285,30685,3008,27677,06,041,2017
"Mendocino County, California",88018,87268,43160,10182,6701,3481,24107,6428,17679,8871,953,7918,44108,9403,6389,3014,24716,8467,16249,9989,1550,8439,06,045,2017
"Merced County, California",272673,270238,136380,44075,30348,13727,78494,24597,53897,13811,3680,10131,133858,41850,29672,12178,76203,31656,44547,15805,5422,10383,06,047,2017
"Monterey County, California",437907,421669,209208,61553,34953,26600,121938,20757,101181,25717,3422,22295,212461,59172,33393,25779,122130,25960,96170,31159,5867,25292,06,053,2017
"Napa County, California",140973,139286,68853,16183,4771,11412,41253,4719,36534,11417,1355,10062,70433,15405,3651,11754,41467,5208,36259,13561,1604,11957,06,055,2017
"Nevada County, California",99814,98837,49209,9912,2732,7180,26677,5509,21168,12620,927,11693,49628,8808,3187,5621,27401,4470,22931,13419,797,12622,06,057,2017
"Orange County, California",3190400,3175155,1565376,382493,149471,233022,982474,150612,831862,200409,29612,170797,1609779,365004,141553,223451,994096,184909,809187,250679,47121,203558,06,059,2017
"Placer County, California",386166,383639,186475,46194,9486,36708,107813,15025,92788,32468,3208,29260,197164,43685,9650,34035,112826,14950,97876,40653,4328,36325,06,061,2017
"Riverside County, California",2423266,2400720,1187518,328154,142808,185346,705147,160336,544811,154217,24734,129483,1213202,317430,147076,170354,712364,202599,509765,183408,39483,143925,06,065,2017
"Sacramento County, California",1530615,1517379,737910,194370,86524,107846,454124,101200,352924,89416,16798,72618,779469,186723,81237,105486,475992,125401,350591,116754,25147,91607,06,067,2017
"San Bernardino County, California",2157404,2103552,1026745,304559,161223,143336,617850,146194,471656,104336,18344,85992,1076807,295262,156724,138538,649340,201751,447589,132205,31841,100364,06,071,2017
"San Diego County, California",3337685,3239196,1598687,388911,140145,248766,1011271,143894,867377,198505,33458,165047,1640509,377291,128813,248478,1015215,185725,829490,248003,48313,199690,06,073,2017
"San Francisco County, California",884363,880097,447817,63331,20357,42974,324305,44612,279693,60181,17738,42443,432280,62814,17831,44983,295982,44904,251078,73484,24004,49480,06,075,2017
"San Joaquin County, California",745424,735416,362171,109965,52341,57624,213285,57709,155576,38921,7801,31120,373245,103412,49670,53742,218198,68904,149294,51635,13022,38613,06,077,2017
"San Luis Obispo County, California",283405,276654,137303,28646,11380,17266,83663,12962,70701,24994,1145,23849,139351,27930,9410,18520,82079,14760,67319,29342,1870,27472,06,079,2017
"San Mateo County, California",771410,767094,377785,86007,19282,66725,239310,26442,212868,52468,6426,46042,389309,81489,16443,65046,240050,26118,213932,67770,12580,55190,06,081,2017
"Santa Barbara County, California",448150,441604,218801,55283,28750,26533,134285,20849,113436,29233,4302,24931,222803,54518,26648,27870,132319,26168,106151,35966,5944,30022,06,083,2017
"Santa Clara County, California",1938153,1928741,973860,230767,53584,177183,630977,71981,558996,112116,21872,90244,954881,221178,55098,166080,594790,87235,507555,138913,32099,106814,06,085,2017
"Santa Cruz County, California",275897,274486,136470,29672,11146,18526,87487,16773,70714,19311,2469,16842,138016,29130,9867,19263,85741,14685,71056,23145,2504,20641,06,087,2017
"Shasta County, California",179921,178508,87831,21290,9579,11711,50205,14367,35838,16336,2351,13985,90677,19278,9061,10217,51760,14754,37006,19639,3544,16095,06,089,2017
"Solano County, California",445458,432898,210670,52833,20610,32223,128652,20310,108342,29185,3098,26087,222228,50629,18519,32110,135104,29533,105571,36495,6167,30328,06,095,2017
"Sonoma County, California",504217,500585,243281,54401,21138,33263,147451,20527,126924,41429,4772,36657,257304,52364,20424,31940,152970,28765,124205,51970,6571,45399,06,097,2017
"Stanislaus County, California",547899,544767,270327,80653,44107,36546,159170,42320,116850,30504,4259,26245,274440,74559,38342,36217,160932,52774,108158,38949,9677,29272,06,099,2017
"Sutter County, California",96648,95104,48177,14874,8386,6488,27074,7512,19562,6229,760,5469,46927,11631,6732,4899,27341,9303,18038,7955,1702,6253,06,101,2017
"Tulare County, California",464493,460812,230333,76348,41724,34624,131306,40698,90608,22679,4658,18021,230479,74241,38100,36141,129245,43110,86135,26993,6091,20902,06,107,2017
"Ventura County, California",854223,847390,417613,107534,40029,67505,253581,32186,221395,56498,7707,48791,429777,103346,38638,64708,256412,42347,214065,70019,12380,57639,06,111,2017
"Yolo County, California",219116,217937,105427,26660,10535,16125,67261,10135,57126,11506,2333,9173,112510,26598,10613,15985,71462,15718,55744,14450,3505,10945,06,113,2017
"Yuba County, California",77031,75194,38049,11715,5693,6022,21843,6381,15462,4491,585,3906,37145,10502,5073,5429,22630,6132,16498,4013,1086,2927,06,115,2017
"Adams County, Colorado",503167,499499,251382,71265,28638,42627,157431,22241,135190,22686,2552,20134,248117,68882,31723,37159,151510,30413,121097,27725,3595,24130,08,001,2017
"Arapahoe County, Colorado",643052,636647,314420,82035,26755,55280,197033,20167,176866,35352,3966,31386,322227,78646,24763,53883,199736,30149,169587,43845,5880,37965,08,005,2017
"Boulder County, Colorado",322514,320259,160634,34694,8001,26693,106225,11008,95217,19715,1124,18591,159625,33656,8407,25249,102545,10059,92486,23424,1760,21664,08,013,2017
"Broomfield County, Colorado",68341,68012,34036,9195,1503,7692,21294,1814,19480,3547,144,3403,33976,7434,1327,6107,21382,2369,19013,5160,691,4469,08,014,2017
"Denver County, Colorado",704621,699063,349712,74843,36145,38698,239968,33290,206678,34901,5499,29402,349351,71949,33048,38901,231623,39944,191679,45779,8446,37333,08,031,2017
"Douglas County, Colorado",335299,334181,166031,48182,6640,41542,100146,7377,92769,17703,1703,16000,168150,45153,6923,38230,102520,6997,95523,20477,842,19635,08,035,2017
"El Paso County, Colorado",699232,666181,326299,91828,30171,61657,195862,29829,166033,38609,3394,35215,339882,87301,30513,56788,205436,38260,167176,47145,6149,40996,08,041,2017
"Jefferson County, Colorado",574613,568122,282305,61925,15276,46649,179284,20653,158631,41096,3710,37386,285817,58778,15983,42795,177907,22218,155689,49132,4724,44408,08,059,2017
"Larimer County, Colorado",343976,341575,170635,38153,9739,28414,108761,12411,96350,23721,1265,22456,170940,36347,9229,27118,107061,13740,93321,27532,2296,25236,08,069,2017
"Mesa County, Colorado",151616,150635,75021,18833,9983,8850,43413,9426,33987,12775,1753,11022,75614,17404,9140,8264,42714,11874,30840,15496,1999,13497,08,077,2017
"Pueblo County, Colorado",166475,163053,79724,20441,11154,9287,46109,12835,33274,13174,1610,11564,83329,19894,11709,8185,47799,17449,30350,15636,2954,12682,08,101,2017
"Weld County, Colorado",304633,302314,151486,43491,14365,29126,91619,12423,79196,16376,2081,14295,150828,41233,15632,25601,90652,16692,73960,18943,2201,16742,08,123,2017
"Fairfield County, Connecticut",949921,941488,457945,117527,36564,80963,278809,35433,243376,61609,6306,55303,483543,111538,32443,79095,291237,49627,241610,80768,10954,69814,09,001,2017
"Hartford County, Connecticut",895388,882830,426436,102904,40728,62176,261319,40423,220896,62213,8065,54148,456394,98234,37051,61183,274748,55702,219046,83412,16244,67168,09,003,2017
"Litchfield County, Connecticut",182177,180840,89984,18087,5360,12727,55390,8914,46476,16507,2536,13971,90856,16332,4374,11958,55398,8934,46464,19126,2829,16297,09,005,2017
"Middlesex County, Connecticut",163410,161344,78214,16312,3825,12487,48470,5579,42891,13432,987,12445,83130,14971,3569,11402,50828,6972,43856,17331,2436,14895,09,007,2017
"New Haven County, Connecticut",860435,850373,409286,95535,40586,54949,254022,43655,210367,59729,8261,51468,441087,91224,34694,56530,270106,59987,210119,79757,14976,64781,09,009,2017
"New London County, Connecticut",269033,256066,125451,28187,9846,18341,76129,10421,65708,21135,2546,18589,130615,27218,7216,20002,78870,13686,65184,24527,3504,21023,09,011,2017
"Tolland County, Connecticut",151461,148986,73698,15389,3640,11749,48351,5198,43153,9958,784,9174,75288,14814,3231,11583,48625,4727,43898,11849,1662,10187,09,013,2017
"Windham County, Connecticut",116359,114595,55965,12951,5963,6988,34721,6596,28125,8293,1215,7078,58630,11658,4029,7629,37132,9536,27596,9840,2183,7657,09,015,2017
"Kent County, Delaware",176824,173630,83115,22611,9585,13026,47924,7934,39990,12580,929,11651,90515,20812,8455,12357,54033,12453,41580,15670,1857,13813,10,001,2017
"New Castle County, Delaware",559793,551182,264439,66125,17723,48402,162484,17921,144563,35830,2134,33696,286743,64291,19389,44902,176222,23344,152878,46230,5256,40974,10,003,2017
"Sussex County, Delaware",225322,222447,106907,23055,10845,12210,56636,9854,46782,27216,1838,25378,115540,21579,10762,10817,62356,11969,50387,31605,3009,28596,10,005,2017
"District of Columbia, District of Columbia",693972,683808,320935,66097,30843,35254,222199,43348,178851,32639,7747,24892,362873,67538,33105,34433,246490,54970,191520,48845,14505,34340,11,001,2017
"Alachua County, Florida",266944,264462,127108,27538,8132,19406,83867,6528,77339,15703,1913,13790,137354,29851,9001,20850,87494,9800,77694,20009,3288,16721,12,001,2017
"Bay County, Florida",183563,178683,87227,22112,8718,13394,51435,4857,46578,13680,1511,12169,91456,20554,8274,12280,54497,8144,46353,16405,2294,14111,12,005,2017
"Brevard County, Florida",589162,584465,285385,58911,20325,38586,164532,16540,147992,61942,5981,55961,299080,56551,18863,37688,170032,23011,147021,72497,7122,65375,12,009,2017
"Broward County, Florida",1935878,1923865,936659,222505,90771,131734,577834,39784,538050,136320,17627,118693,987206,210802,91015,119787,602584,57557,545027,173820,30269,143551,12,011,2017
"Charlotte County, Florida",182033,178662,86174,11553,4705,6848,40783,4132,36651,33838,1937,31901,92488,12001,5974,6027,43683,5081,38602,36804,3800,33004,12,015,2017
"Citrus County, Florida",145647,143121,69029,11083,5846,5237,32961,3752,29209,24985,1619,23366,74092,10804,6094,4710,36204,4993,31211,27084,3222,23862,12,017,2017
"Clay County, Florida",212230,210141,102597,27722,9917,17805,60171,6042,54129,14704,1187,13517,107544,26540,8643,17897,63042,8317,54725,17962,1424,16538,12,019,2017
"Collier County, Florida",372880,370710,181196,34329,16006,18323,91245,4730,86515,55622,3600,52022,189514,33892,14129,19763,94399,6813,87586,61223,5104,56119,12,021,2017
"Columbia County, Florida",69612,65127,31898,8763,3651,5112,17304,2758,14546,5831,1094,4737,33229,6974,3678,3296,19244,3980,15264,7011,752,6259,12,023,2017
"Duval County, Florida",937934,918383,440179,112633,46998,65635,273713,29612,244101,53833,7149,46684,478204,109558,48660,60898,297379,42172,255207,71267,12794,58473,12,031,2017
"Escambia County, Florida",313512,299055,143784,34546,17185,17361,87109,10269,76840,22129,1815,20314,155271,34735,16361,18374,93256,16635,76621,27280,3225,24055,12,033,2017
"Flagler County, Florida",110510,110153,53005,10152,4002,6150,27268,3232,24036,15585,3240,12345,57148,10305,2837,7468,30075,3472,26603,16768,3316,13452,12,035,2017
"Hernando County, Florida",186553,184552,87702,18311,9605,8706,45858,6379,39479,23533,1941,21592,96850,19310,7862,11448,50024,8470,41554,27516,3673,23843,12,053,2017
"Highlands County, Florida",102883,101724,47913,9183,6405,2778,22186,6331,15855,16544,2829,13715,53811,10650,7119,3531,24559,8131,16428,18602,2248,16354,12,055,2017
"Hillsborough County, Florida",1408566,1397641,680012,171976,70664,101312,421833,39707,382126,86203,10711,75492,717629,167064,67678,99386,442642,62310,380332,107923,15897,92026,12,057,2017
"Indian River County, Florida",154383,153230,72796,14360,7538,6822,35985,4577,31408,22451,1328,21123,80434,13893,6300,7593,40408,5191,35217,26133,3252,22881,12,061,2017
"Lake County, Florida",346017,342638,166098,38307,14661,23646,85873,5107,80766,41918,3698,38220,176540,32927,13204,19723,94740,10188,84552,48873,6878,41995,12,069,2017
"Lee County, Florida",739224,734548,359267,71648,34167,37481,190113,17121,172992,97506,9251,88255,375281,68161,32882,35279,199923,25951,173972,107197,11253,95944,12,071,2017
"Leon County, Florida",290292,287067,136149,30795,9085,21710,89031,4759,84272,16323,1393,14930,150918,30572,6853,23719,100168,8555,91613,20178,1479,18699,12,073,2017
"Manatee County, Florida",385571,382647,183886,37694,12483,25211,98671,10268,88403,47521,2369,45152,198761,37636,14785,22851,105526,9756,95770,55599,4555,51044,12,081,2017
"Marion County, Florida",354353,345634,166138,35182,18084,17098,84820,13071,71749,46136,3217,42919,179496,35182,18360,16822,90409,15755,74654,53905,5836,48069,12,083,2017
"Martin County, Florida",159923,157136,77153,15118,4564,10554,40080,3379,36701,21955,1000,20955,79983,13655,5404,8251,40704,4118,36586,25624,1564,24060,12,085,2017
"Miami-Dade County, Florida",2751796,2727281,1317605,299635,156572,143063,838836,82042,756794,179134,60359,118775,1409676,289953,155404,134549,867926,115116,752810,251797,106603,145194,12,086,2017
"Monroe County, Florida",77013,74777,37847,6283,2428,3855,23031,2083,20948,8533,1152,7381,36930,5677,1269,4408,23177,1611,21566,8076,704,7372,12,087,2017
"Nassau County, Florida",82721,81857,39382,8531,1616,6915,22395,1551,20844,8456,889,7567,42475,9038,1904,7134,24297,2070,22227,9140,1033,8107,12,089,2017
"Okaloosa County, Florida",202970,190929,93615,24002,7358,16644,54676,3936,50740,14937,925,14012,97314,22216,7463,14753,58489,5840,52649,16609,1818,14791,12,091,2017
"Orange County, Florida",1348975,1337792,654376,161780,63831,97949,424420,32444,391976,68176,8962,59214,683416,158052,67499,90553,438520,48748,389772,86844,16869,69975,12,095,2017
"Osceola County, Florida",352180,350815,172776,46832,23386,23446,106088,10508,95580,19856,3580,16276,178039,46598,21848,24750,106383,18277,88106,25058,5952,19106,12,097,2017
"Palm Beach County, Florida",1471150,1458328,704255,153101,58254,94847,399901,29481,370420,151253,14096,137157,754073,145535,54771,90764,418160,41004,377156,190378,19826,170552,12,099,2017
"Pasco County, Florida",525643,519557,251349,57124,23657,33467,140914,13623,127291,53311,7059,46252,268208,54793,23629,31164,149991,21113,128878,63424,9403,54021,12,101,2017
"Pinellas County, Florida",970637,958470,458733,86848,33446,53402,269210,25172,244038,102675,11530,91145,499737,82270,33981,48289,290050,35544,254506,127417,18021,109396,12,103,2017
"Polk County, Florida",686483,678510,330341,83346,39524,43822,184314,20709,163605,62681,7928,54753,348169,78203,40166,38037,196301,32286,164015,73665,12661,61004,12,105,2017
"Putnam County, Florida",73464,72472,35935,8898,5484,3414,19267,4472,14795,7770,605,7165,36537,8050,5559,2491,20040,5368,14672,8447,1044,7403,12,107,2017
"St. Johns County, Florida",243812,241359,116645,27128,6041,21087,67612,4410,63202,21905,1178,20727,124714,29336,6270,23066,70372,5238,65134,25006,2589,22417,12,109,2017
"St. Lucie County, Florida",313506,311216,151434,34521,19977,14544,82899,7619,75280,34014,3434,30580,159782,31624,14541,17083,88521,12623,75898,39637,3075,36562,12,111,2017
"Santa Rosa County, Florida",174272,166505,82016,20389,6475,13914,49077,3989,45088,12550,1431,11119,84489,19869,6011,13858,50572,5320,45252,14048,1521,12527,12,113,2017
"Sarasota County, Florida",419119,415237,197986,33782,10972,22810,95773,6090,89683,68431,4637,63794,217251,30899,10652,20247,105529,9020,96509,80823,7502,73321,12,115,2017
"Seminole County, Florida",462659,459584,221332,50526,16523,34003,140292,7838,132454,30514,2725,27789,238252,52612,16566,36046,146893,10188,136705,38747,3790,34957,12,117,2017
"Sumter County, Florida",125165,116344,54035,4671,1908,2763,15617,1795,13822,33747,2274,31473,62309,4876,1452,3424,20689,3426,17263,36744,2318,34426,12,119,2017
"Volusia County, Florida",538692,532391,259384,53187,26117,27070,147730,18979,128751,58467,5862,52605,273007,48770,23052,25718,155443,25353,130090,68794,8058,60736,12,127,2017
"Walton County, Florida",68376,66406,32548,7141,4472,2669,19181,1949,17232,6226,482,5744,33858,7187,2642,4545,19447,3800,15647,7224,883,6341,12,131,2017
"Barrow County, Georgia",79061,78930,37903,11015,4057,6958,23329,1631,21698,3559,227,3332,41027,10933,4066,6867,24666,2293,22373,5428,1010,4418,13,013,2017
"Bartow County, Georgia",105054,104046,51182,14133,6053,8080,31009,2542,28467,6040,648,5392,52864,13392,5510,7882,30995,4203,26792,8477,1312,7165,13,015,2017
"Bibb County, Georgia",152862,149319,69033,20063,10379,9684,39851,5092,34759,9119,1147,7972,80286,19299,9432,9867,47902,8387,39515,13085,3076,10009,13,021,2017
"Bulloch County, Georgia",76149,75281,36346,9565,3569,5996,23293,1277,22016,3488,175,3313,38935,10152,2648,7504,24172,1750,22422,4611,881,3730,13,031,2017
"Carroll County, Georgia",117812,116475,55307,14524,5040,9484,34664,2158,32506,6119,637,5482,61168,15416,6584,8832,37235,2603,34632,8517,1843,6674,13,045,2017
"Catoosa County, Georgia",66550,66077,31178,7710,1959,5751,18721,836,17885,4747,73,4674,34899,8595,2702,5893,20024,1642,18382,6280,1358,4922,13,047,2017
"Chatham County, Georgia",290501,283639,133483,32686,12181,20505,82864,5535,77329,17933,2744,15189,150156,33852,12436,21416,93551,8523,85028,22753,3942,18811,13,051,2017
"Cherokee County, Georgia",247573,246439,120817,32963,6738,26225,73751,3472,70279,14103,1241,12862,125622,31648,7464,24184,76302,4042,72260,17672,1369,16303,13,057,2017
"Clarke County, Georgia",127064,126285,60343,13181,5361,7820,41794,3400,38394,5368,439,4929,65942,14543,3635,10908,43721,3788,39933,7678,1687,5991,13,059,2017
"Clayton County, Georgia",285153,281558,131360,43019,26630,16389,77295,7146,70149,11046,2681,8365,150198,41317,26392,14925,94749,15131,79618,14132,2644,11488,13,063,2017
"Cobb County, Georgia",755754,750520,361694,95823,23138,72685,227203,8095,219108,38668,3789,34879,388826,95477,24573,70904,243676,13081,230595,49673,4567,45106,13,067,2017
"Columbia County, Georgia",151579,146586,70490,21512,2236,19276,40536,2084,38452,8442,505,7937,76096,20103,2184,17919,45208,2761,42447,10785,1448,9337,13,073,2017
"Coweta County, Georgia",143114,142559,69647,19045,5680,13365,41840,1909,39931,8762,538,8224,72912,18882,5729,13153,43530,3764,39766,10500,1351,9149,13,077,2017
"DeKalb County, Georgia",753253,747759,352977,92580,44538,48042,223885,20159,203726,36512,6577,29935,394782,91277,41066,50211,251173,24972,226201,52332,10773,41559,13,089,2017
"Dougherty County, Georgia",89502,87635,40447,12081,7407,4674,22862,3641,19221,5504,1278,4226,47188,11429,7489,3940,28090,7476,20614,7669,1718,5951,13,095,2017
"Douglas County, Georgia",143882,142511,67301,19914,7716,12198,40140,3341,36799,7247,1521,5726,75210,19186,6710,12476,46729,5336,41393,9295,2361,6934,13,097,2017
"Fayette County, Georgia",112549,111866,54794,14653,3163,11490,30942,1553,29389,9199,446,8753,57072,13473,2336,11137,32869,1831,31038,10730,524,10206,13,113,2017
"Floyd County, Georgia",97613,95579,44129,11103,6514,4589,26243,2795,23448,6783,653,6130,51450,13145,7037,6108,29654,3116,26538,8651,450,8201,13,115,2017
"Forsyth County, Georgia",227967,227357,112771,34277,3398,30879,66523,1012,65511,11971,988,10983,114586,32651,2904,29747,67664,1847,65817,14271,998,13273,13,117,2017
"Fulton County, Georgia",1041423,1031739,496233,124889,40705,84184,322955,19629,303326,48389,9117,39272,535506,121620,34367,87253,346833,28509,318324,67053,14158,52895,13,121,2017
"Glynn County, Georgia",85282,84117,38852,9837,3165,6672,21930,2770,19160,7085,578,6507,45265,10284,4554,5730,26012,4021,21991,8969,938,8031,13,127,2017
"Gwinnett County, Georgia",920260,914966,446181,133365,50606,82759,274342,11825,262517,38474,5142,33332,468785,129008,45730,83278,290788,19732,271056,48989,6029,42960,13,135,2017
"Hall County, Georgia",199335,198505,99601,27835,11661,16174,58957,3082,55875,12809,1889,10920,98904,25574,9460,16114,57721,3929,53792,15609,1994,13615,13,139,2017
"Henry County, Georgia",225813,224278,107972,32836,11205,21631,63847,3519,60328,11289,333,10956,116306,29646,10689,18957,73100,3938,69162,13560,1450,12110,13,151,2017
"Houston County, Georgia",153479,149791,71928,22690,9051,13639,41177,2546,38631,8061,899,7162,77863,19803,7243,12560,47740,5485,42255,10320,1810,8510,13,153,2017
"Jackson County, Georgia",67519,66765,34180,8448,2994,5454,20968,1560,19408,4764,707,4057,32585,8778,3018,5760,18599,1726,16873,5208,714,4494,13,157,2017
"Lowndes County, Georgia",115489,110690,52377,15596,5236,10360,31307,1985,29322,5474,1100,4374,58313,13909,3972,9937,36880,4293,32587,7524,2191,5333,13,185,2017
"Muscogee County, Georgia",194058,184416,85745,25628,11686,13942,50222,5203,45019,9895,1917,7978,98671,24829,11267,13562,59175,9130,50045,14667,3431,11236,13,215,2017
"Newton County, Georgia",108078,107242,52345,16745,8288,8457,29568,3499,26069,6032,959,5073,54897,13587,5720,7867,33331,3507,29824,7979,1209,6770,13,217,2017
"Paulding County, Georgia",159445,158634,77598,23809,6277,17532,46834,2992,43842,6955,434,6521,81036,20756,5543,15213,51070,2598,48472,9210,532,8678,13,223,2017
"Richmond County, Georgia",201800,192027,88528,24550,11759,12791,53215,6493,46722,10763,1202,9561,103499,24789,12729,12060,62974,8313,54661,15736,3028,12708,13,245,2017
"Rockdale County, Georgia",90312,89567,42338,13067,5114,7953,24091,1011,23080,5180,690,4490,47229,12101,3539,8562,28132,3773,24359,6996,1328,5668,13,247,2017
"Spalding County, Georgia",65380,64674,30790,8845,5580,3265,16982,2516,14466,4963,344,4619,33884,8193,4906,3287,19339,4283,15056,6352,1808,4544,13,255,2017
"Troup County, Georgia",69786,68541,33606,10361,3759,6602,18951,1510,17441,4294,828,3466,34935,8409,4045,4364,20719,3056,17663,5807,1709,4098,13,285,2017
"Walker County, Georgia",68939,67432,31852,8147,3898,4249,18260,1729,16531,5445,900,4545,35580,8171,3168,5003,20222,3039,17183,7187,646,6541,13,295,2017
"Walton County, Georgia",91600,90776,44430,12679,4335,8344,25510,2193,23317,6241,503,5738,46346,11014,4645,6369,27646,4045,23601,7686,447,7239,13,297,2017
"Whitfield County, Georgia",104658,103790,50785,13717,7779,5938,31274,1416,29858,5794,813,4981,53005,15011,8469,6542,30220,2210,28010,7774,733,7041,13,313,2017
"Hawaii County, Hawaii",200381,198611,98150,24140,12904,11236,54791,11364,43427,19219,2078,17141,100461,22284,12300,9984,57609,15595,42014,20568,1972,18596,15,001,2017
"Honolulu County, Hawaii",988650,938337,456542,113403,33165,80238,268982,29101,239881,74157,6718,67439,481795,106538,28121,78417,282192,38259,243933,93065,10608,82457,15,003,2017
"Kauai County, Hawaii",72159,71417,34740,8557,3745,4812,19759,2668,17091,6424,491,5933,36677,8629,3748,4881,20598,3307,17291,7450,270,7180,15,007,2017
"Maui County, Hawaii",166271,164762,81979,19169,5811,13358,49604,7258,42346,13206,1244,11962,82783,18222,6563,11659,49223,5704,43519,15338,2324,13014,15,009,2017
"Ada County, Idaho",456849,448422,223733,62561,15498,47063,132767,6829,125938,28405,2738,25667,224689,55363,11931,43432,135768,11947,123821,33558,4419,29139,16,001,2017
"Bannock County, Idaho",85269,84172,41325,11881,4336,7545,23944,3107,20837,5500,627,4873,42847,12595,4875,7720,24222,4262,19960,6030,665,5365,16,005,2017
"Bonneville County, Idaho",114595,113619,56871,18733,7071,11662,31472,2765,28707,6666,364,6302,56748,17640,8162,9478,31230,3681,27549,7878,1061,6817,16,019,2017
"Canyon County, Idaho",216699,215324,106328,32829,20358,12471,60383,8386,51997,13116,2186,10930,108996,32987,19355,13632,60542,7966,52576,15467,2633,12834,16,027,2017
"Kootenai County, Idaho",157637,156531,77573,20356,6877,13479,43966,5007,38959,13251,1035,12216,78958,18256,6622,11634,45607,5015,40592,15095,747,14348,16,055,2017
"Twin Falls County, Idaho",85124,84075,40948,12622,4582,8040,22659,1249,21410,5667,775,4892,43127,12030,4139,7891,24485,2678,21807,6612,997,5615,16,083,2017
"Adams County, Illinois",66234,65026,32364,8588,3274,5314,18143,3561,14582,5633,318,5315,32662,6957,2220,4737,18781,3474,15307,6924,824,6100,17,001,2017
"Champaign County, Illinois",209399,207722,103731,24539,6240,18299,67664,5828,61836,11528,843,10685,103991,22606,6896,15710,67615,8836,58779,13770,999,12771,17,019,2017
"Cook County, Illinois",5211263,5164142,2503351,613525,274544,338981,1585313,219979,1365334,304513,38502,266011,2660791,595792,271190,324602,1648819,316845,1331974,416180,71720,344460,17,031,2017
"DeKalb County, Illinois",104733,104110,50360,12238,4848,7390,32792,5841,26951,5330,400,4930,53750,12782,4920,7862,34161,5529,28632,6807,711,6096,17,037,2017
"DuPage County, Illinois",930128,924176,454603,115621,21854,93767,278832,17048,261784,60150,4589,55561,469573,109744,23033,86711,284497,23830,260667,75332,7403,67929,17,043,2017
"Kane County, Illinois",534667,531523,266131,75901,26490,49411,159345,13341,146004,30885,2086,28799,265392,69767,25624,44143,158255,21135,137120,37370,2997,34373,17,089,2017
"Kankakee County, Illinois",109605,107677,52786,14211,5198,9013,30929,4627,26302,7646,1197,6449,54891,12889,4525,8364,32816,7117,25699,9186,1570,7616,17,091,2017
"Kendall County, Illinois",126218,125889,63276,19729,4802,14927,37725,2970,34755,5822,885,4937,62613,19203,4205,14998,36051,4771,31280,7359,887,6472,17,093,2017
"Lake County, Illinois",703520,687836,339846,94244,27827,66417,202875,15863,187012,42727,2206,40521,347990,89133,26835,62298,207553,22895,184658,51304,4179,47125,17,097,2017
"LaSalle County, Illinois",110067,106943,52639,11927,4274,7653,31986,4613,27373,8726,737,7989,54304,12938,6109,6829,31316,7117,24199,10050,506,9544,17,099,2017
"McHenry County, Illinois",309122,307680,153143,39994,9354,30640,94086,6520,87566,19063,1217,17846,154537,38230,8047,30183,93702,9979,83723,22605,1693,20912,17,111,2017
"McLean County, Illinois",172290,171227,82598,20107,5972,14135,52871,3959,48912,9620,483,9137,88629,21346,6472,14874,55335,6915,48420,11948,924,11024,17,113,2017
"Macon County, Illinois",105801,103426,49943,12562,5555,7007,28593,5612,22981,8788,758,8030,53483,12104,5440,6664,30484,7470,23014,10895,1425,9470,17,115,2017
"Madison County, Illinois",265428,262545,127875,31961,10544,21417,77387,10872,66515,18527,1304,17223,134670,29642,7587,22055,79887,15870,64017,25141,2020,23121,17,119,2017
"Peoria County, Illinois",183011,180762,88349,23891,6657,17234,51337,7597,43740,13121,1443,11678,92413,21894,6324,15570,54172,12040,42132,16347,2469,13878,17,143,2017
"Rock Island County, Illinois",144808,142013,68400,17808,5726,12082,39268,6035,33233,11324,754,10570,73613,17153,6072,11081,41686,9814,31872,14774,1512,13262,17,161,2017
"St. Clair County, Illinois",262479,256836,123765,33811,13014,20797,72995,11274,61721,16959,1051,15908,133071,31948,12116,19832,79113,17150,61963,22010,2442,19568,17,163,2017
"Sangamon County, Illinois",196452,194529,93478,23701,8723,14978,55925,8933,46992,13852,1048,12804,101051,22334,8799,13535,60184,10930,49254,18533,2473,16060,17,167,2017
"Tazewell County, Illinois",133526,131218,63491,16333,4465,11868,36966,5180,31786,10192,253,9939,67727,15313,4478,10835,39310,6890,32420,13104,737,12367,17,179,2017
"Vermilion County, Illinois",77909,75235,36472,10046,5986,4060,19997,4127,15870,6429,682,5747,38763,9319,4778,4541,21256,5952,15304,8188,830,7358,17,183,2017
"Will County, Illinois",692661,685348,339084,94404,23640,70764,206293,17193,189100,38387,2703,35684,346264,89902,24165,65737,209558,24970,184588,46804,4074,42730,17,197,2017
"Williamson County, Illinois",67328,65177,31728,7686,2686,5000,18531,3369,15162,5511,473,5038,33449,7714,3151,4563,19186,4709,14477,6549,964,5585,17,199,2017
"Winnebago County, Illinois",284778,281607,136694,35627,19652,15975,80318,15028,65290,20749,1586,19163,144913,34145,17264,16881,84364,22334,62030,26404,2311,24093,17,201,2017
"Allen County, Indiana",372877,369342,180899,52547,18720,33827,105771,11669,94102,22581,1125,21456,188443,49510,18566,30944,110500,19367,91133,28433,2149,26284,18,003,2017
"Bartholomew County, Indiana",82040,81246,40595,10258,2593,7665,24671,2421,22250,5666,387,5279,40651,10152,1568,8584,23387,2871,20516,7112,571,6541,18,005,2017
"Boone County, Indiana",65875,65195,32246,9598,1767,7831,18889,1066,17823,3759,246,3513,32949,8655,1736,6919,19716,2115,17601,4578,281,4297,18,011,2017
"Clark County, Indiana",116973,115264,55511,14054,5255,8799,33882,3446,30436,7575,393,7182,59753,13811,4331,9480,36015,5716,30299,9927,846,9081,18,019,2017
"Delaware County, Indiana",115184,113692,55082,11486,4605,6881,35791,3771,32020,7805,836,6969,58610,10832,4681,6151,37375,6170,31205,10403,895,9508,18,035,2017
"Elkhart County, Indiana",205032,202422,99781,30482,9830,20652,57045,5704,51341,12254,721,11533,102641,28812,8983,19829,58084,9318,48766,15745,1511,14234,18,039,2017
"Floyd County, Indiana",77071,75954,37860,11045,3847,7198,21942,2378,19564,4873,386,4487,38094,8281,2596,5685,23398,3569,19829,6415,824,5591,18,043,2017
"Grant County, Indiana",66491,65643,31013,7803,4540,3263,17839,3042,14797,5371,469,4902,34630,7113,4635,2478,20551,5047,15504,6966,723,6243,18,053,2017
"Hamilton County, Indiana",323747,322094,157698,48859,4001,44858,92180,1697,90483,16659,755,15904,164396,45002,3037,41965,98751,2867,95884,20643,897,19746,18,057,2017
"Hancock County, Indiana",74985,74390,37065,10538,1550,8988,21222,1540,19682,5305,14,5291,37325,9012,1411,7601,22460,2187,20273,5853,657,5196,18,059,2017
"Hendricks County, Indiana",163685,160978,79390,23256,6284,16972,46706,2689,44017,9428,493,8935,81588,20548,4051,16497,49180,5417,43763,11860,1151,10709,18,063,2017
"Howard County, Indiana",82363,81498,38940,9757,3264,6493,22585,1811,20774,6598,366,6232,42558,9843,2543,7300,23966,3150,20816,8749,1049,7700,18,067,2017
"Johnson County, Indiana",153897,151796,74430,20803,4769,16034,44367,2671,41696,9260,506,8754,77366,18769,5240,13529,46410,4434,41976,12187,390,11797,18,081,2017
"Kosciusko County, Indiana",79206,78478,39929,10621,3853,6768,23494,1860,21634,5814,711,5103,38549,9299,2434,6865,22693,3007,19686,6557,853,5704,18,085,2017
"Lake County, Indiana",485640,482120,233153,61778,25218,36560,138038,18470,119568,33337,2883,30454,248967,59612,23276,36336,146325,28356,117969,43030,4662,38368,18,089,2017
"LaPorte County, Indiana",110029,102344,48395,11602,3605,7997,28586,4223,24363,8207,676,7531,53949,13092,4674,8418,30443,6145,24298,10414,1126,9288,18,091,2017
"Madison County, Indiana",129498,124894,60837,15373,6522,8851,35659,7411,28248,9805,1008,8797,64057,14172,7566,6606,37546,8551,28995,12339,1552,10787,18,095,2017
"Marion County, Indiana",950082,940170,452095,125765,62745,63020,278360,35568,242792,47970,5838,42132,488075,120112,54938,65174,302491,56015,246476,65472,11087,54385,18,097,2017
"Monroe County, Indiana",146986,145912,73130,15127,4719,10408,49659,5586,44073,8344,678,7666,72782,14780,3549,11231,48374,5863,42511,9628,1361,8267,18,105,2017
"Morgan County, Indiana",69713,68944,34069,8736,3454,5282,20339,2331,18008,4994,103,4891,34875,8449,2418,6031,20445,4142,16303,5981,721,5260,18,109,2017
"Porter County, Indiana",168404,166566,83516,21088,6164,14924,50709,4129,46580,11719,550,11169,83050,19419,5934,13485,49810,8255,41555,13821,1311,12510,18,127,2017
"St. Joseph County, Indiana",270434,268146,130022,35890,13379,22511,76100,8475,67625,18032,1482,16550,138124,32946,11436,21510,82231,11716,70515,22947,3756,19191,18,141,2017
"Tippecanoe County, Indiana",190587,188645,95907,22358,6807,15551,64586,5232,59354,8963,376,8587,92738,22128,6323,15805,59227,6998,52229,11383,736,10647,18,157,2017
"Vanderburgh County, Indiana",181616,179199,86541,21114,7874,13240,52974,6314,46660,12453,863,11590,92658,21231,7895,13336,55404,9876,45528,16023,2195,13828,18,163,2017
"Vigo County, Indiana",107516,103506,51042,13211,5953,7258,31274,3917,27357,6557,859,5698,52464,11646,5004,6642,31204,5702,25502,9614,1764,7850,18,167,2017
"Wayne County, Indiana",66185,64698,31295,7593,3304,4289,19028,2791,16237,4674,405,4269,33403,7489,3229,4260,19356,3862,15494,6558,874,5684,18,177,2017
"Black Hawk County, Iowa",132648,131460,64083,16023,6558,9465,39176,5543,33633,8884,595,8289,67377,14648,6886,7762,41445,8209,33236,11284,914,10370,19,013,2017
"Dallas County, Iowa",87235,86754,43081,13891,2925,10966,25025,1399,23626,4165,102,4063,43673,11695,2238,9457,26444,2070,24374,5534,543,4991,19,049,2017
"Dubuque County, Iowa",97041,95714,46800,12263,3038,9225,27791,2772,25019,6746,554,6192,48914,11693,3402,8291,28169,4267,23902,9052,703,8349,19,061,2017
"Johnson County, Iowa",149210,147677,72819,16898,4026,12872,48090,3170,44920,7831,552,7279,74858,16994,3211,13783,49119,4038,45081,8745,195,8550,19,103,2017
"Linn County, Iowa",224115,222311,108963,28598,9631,18967,65661,8753,56908,14704,443,14261,113348,27531,9919,17612,67011,9386,57625,18806,1390,17416,19,113,2017
"Polk County, Iowa",481830,477038,235337,64852,22816,42036,144496,17197,127299,25989,2015,23974,241701,61611,20139,41472,146841,20406,126435,33249,3889,29360,19,153,2017
"Pottawattamie County, Iowa",93386,92396,45217,11854,4888,6966,26426,4220,22206,6937,529,6408,47179,11615,5512,6103,26897,5847,21050,8667,984,7683,19,155,2017
"Scott County, Iowa",172509,170686,83973,22268,8378,13890,49928,7962,41966,11777,523,11254,86713,21189,7056,14133,51174,9306,41868,14350,1847,12503,19,163,2017
"Story County, Iowa",97502,96827,50573,9216,1404,7812,36564,2339,34225,4793,330,4463,46254,9942,1841,8101,30300,2629,27671,6012,821,5191,19,169,2017
"Woodbury County, Iowa",102429,101346,49751,13613,7558,6055,29612,3451,26161,6526,503,6023,51595,14149,6926,7223,29212,6076,23136,8234,1111,7123,19,193,2017
"Butler County, Kansas",66878,64249,32026,9860,2115,7745,17786,998,16788,4380,581,3799,32223,8515,2157,6358,18459,1480,16979,5249,555,4694,20,015,2017
"Douglas County, Kansas",120793,120097,58541,12937,3060,9877,39201,2260,36941,6403,502,5901,61556,13211,2790,10421,40823,3319,37504,7522,559,6963,20,045,2017
"Johnson County, Kansas",591178,587242,288423,78310,13171,65139,174656,4138,170518,35457,1515,33942,298819,74695,11991,62704,179515,6601,172914,44609,2454,42155,20,091,2017
"Leavenworth County, Kansas",81095,74004,37395,11693,1807,9886,20953,1363,19590,4749,340,4409,36609,9225,2574,6651,21481,1769,19712,5903,794,5109,20,103,2017
"Riley County, Kansas",74172,67996,32770,6841,1392,5449,22985,610,22375,2944,231,2713,35226,7416,2001,5415,24158,1313,22845,3652,103,3549,20,161,2017
"Sedgwick County, Kansas",513687,508665,250470,71123,23851,47272,147491,11447,136044,31856,3714,28142,258195,68515,26291,42224,151224,16840,134384,38456,6340,32116,20,173,2017
"Shawnee County, Kansas",178187,174718,85062,22557,6806,15751,49746,4064,45682,12759,1212,11547,89656,21385,5319,16066,51074,5065,46009,17197,1862,15335,20,177,2017
"Wyandotte County, Kansas",165288,163867,80548,24320,14116,10204,48021,3886,44135,8207,1076,7131,83319,23935,13858,10077,48562,8434,40128,10822,1698,9124,20,209,2017
"Boone County, Kentucky",130728,129895,64191,18272,5287,12985,38349,4888,33461,7570,339,7231,65704,17666,4955,12711,39137,5247,33890,8901,1040,7861,21,015,2017
"Bullitt County, Kentucky",80246,79890,39904,9854,2107,7747,24540,3615,20925,5510,469,5041,39986,9318,2709,6609,23961,4963,18998,6707,1046,5661,21,029,2017
"Campbell County, Kentucky",92488,90830,44488,10767,2417,8350,27788,2703,25085,5933,461,5472,46342,9825,1870,7955,28998,4236,24762,7519,800,6719,21,037,2017
"Christian County, Kentucky",70416,60691,29258,10475,5892,4583,15243,3560,11683,3540,380,3160,31433,8856,3781,5075,17982,6419,11563,4595,1242,3353,21,047,2017
"Daviess County, Kentucky",100374,98141,46828,13244,6783,6461,26933,4193,22740,6651,596,6055,51313,12652,6725,5927,29615,6785,22830,9046,797,8249,21,059,2017
"Fayette County, Kentucky",321959,317189,154775,37677,12301,25376,99883,14216,85667,17215,1341,15874,162414,36433,12251,24182,103081,18700,84381,22900,1831,21069,21,067,2017
"Hardin County, Kentucky",108071,102928,49637,14159,3989,10170,29075,5063,24012,6403,756,5647,53291,13666,4953,8713,31913,7496,24417,7712,1068,6644,21,093,2017
"Jefferson County, Kentucky",771158,761748,368493,92314,39838,52476,225400,35368,190032,50779,5899,44880,393255,88980,37228,51752,237725,52776,184949,66550,9331,57219,21,111,2017
"Kenton County, Kentucky",165399,164042,81623,21965,7901,14064,49538,7351,42187,10120,1099,9021,82419,19519,5835,13684,50307,7991,42316,12593,1677,10916,21,117,2017
"McCracken County, Kentucky",65385,64218,31386,8263,3499,4764,18066,2708,15358,5057,450,4607,32832,7357,2163,5194,18688,4853,13835,6787,415,6372,21,145,2017
"Madison County, Kentucky",91226,90395,44057,10610,3923,6687,28172,4858,23314,5275,711,4564,46338,11386,5230,6156,28365,6905,21460,6587,900,5687,21,151,2017
"Oldham County, Kentucky",66415,62841,30771,9514,1403,8111,17656,1042,16614,3601,153,3448,32070,9790,1148,8642,18248,1453,16795,4032,313,3719,21,185,2017
"Warren County, Kentucky",128845,127726,61639,15336,5063,10273,39310,6916,32394,6993,1157,5836,66087,17173,8435,8738,40360,10088,30272,8554,1367,7187,21,227,2017
"Ascension Parish, Louisiana",122948,122107,59096,16590,5427,11163,36390,3401,32989,6116,615,5501,63011,18562,5500,13062,37183,6074,31109,7266,1181,6085,22,005,2017
"Bossier Parish, Louisiana",127634,121524,58282,17651,6043,11608,33640,3828,29812,6991,763,6228,63242,15848,6835,9013,38027,6445,31582,9367,2239,7128,22,015,2017
"Caddo Parish, Louisiana",246581,242321,114659,31271,18280,12991,66792,15409,51383,16596,2497,14099,127662,30350,19686,10664,74932,21058,53874,22380,5232,17148,22,017,2017
"Calcasieu Parish, Louisiana",202445,200261,96843,26579,13749,12830,57788,7153,50635,12476,1842,10634,103418,25695,15597,10098,61900,12690,49210,15823,1828,13995,22,019,2017
"East Baton Rouge Parish, Louisiana",446268,443119,213293,55506,25203,30303,132920,17053,115867,24867,2645,22222,229826,53891,24090,29801,141748,28531,113217,34187,5156,29031,22,033,2017
"Iberia Parish, Louisiana",72176,71385,33800,9884,5179,4705,19464,4372,15092,4452,510,3942,37585,11121,6471,4650,21034,8344,12690,5430,512,4918,22,045,2017
"Jefferson Parish, Louisiana",439036,435362,210018,51209,31019,20190,127834,22772,105062,30975,4760,26215,225344,49432,27250,22182,135174,31358,103816,40738,5313,35425,22,051,2017
"Lafayette Parish, Louisiana",242485,240302,117967,32872,11271,21601,72334,11370,60964,12761,2340,10421,122335,30234,10723,19511,75653,14501,61152,16448,3327,13121,22,055,2017
"Lafourche Parish, Louisiana",98426,97629,48411,13247,6564,6683,28765,4365,24400,6399,955,5444,49218,11141,4848,6293,30384,7071,23313,7693,1833,5860,22,057,2017
"Livingston Parish, Louisiana",138228,136995,66861,19284,6637,12647,39574,4706,34868,8003,787,7216,70134,17621,6387,11234,42517,7667,34850,9996,990,9006,22,063,2017
"Orleans Parish, Louisiana",393292,386865,181703,41972,25679,16293,116641,26756,89885,23090,3568,19522,205162,40609,24244,16365,133359,41057,92302,31194,8084,23110,22,071,2017
"Ouachita Parish, Louisiana",155874,151026,70153,20543,13333,7210,40777,7196,33581,8833,1740,7093,80873,20669,10984,9685,47668,11805,35863,12536,3014,9522,22,073,2017
"Rapides Parish, Louisiana",131648,128749,61680,18647,10611,8036,34334,7361,26973,8699,1290,7409,67069,16721,9141,7580,38781,9876,28905,11567,2228,9339,22,079,2017
"St. Landry Parish, Louisiana",83497,82272,41127,14125,4772,9353,21521,4628,16893,5481,568,4913,41145,10270,5190,5080,23734,4158,19576,7141,1942,5199,22,097,2017
"St. Tammany Parish, Louisiana",256327,254291,122430,32753,12057,20696,71217,8280,62937,18460,1746,16714,131861,32964,12564,20400,76464,14179,62285,22433,3208,19225,22,103,2017
"Tangipahoa Parish, Louisiana",132497,131783,64617,17911,12145,5766,38485,7436,31049,8221,1204,7017,67166,16437,10572,5865,41056,10699,30357,9673,2097,7576,22,105,2017
"Terrebonne Parish, Louisiana",112086,110457,53886,15519,8001,7518,31170,6122,25048,7197,1621,5576,56571,15343,6498,8845,33148,11314,21834,8080,1829,6251,22,109,2017
"Androscoggin County, Maine",107651,106652,52739,12665,4726,7939,31666,4665,27001,8408,1267,7141,53913,12131,4075,8056,31989,5419,26570,9793,1317,8476,23,001,2017
"Aroostook County, Maine",67653,66253,32777,6631,3249,3382,19341,3317,16024,6805,1369,5436,33476,6370,2457,3913,18966,4991,13975,8140,2390,5750,23,003,2017
"Cumberland County, Maine",292500,289268,139871,30103,6225,23878,87027,6605,80422,22741,3109,19632,149397,28410,5258,23152,92549,7821,84728,28438,3581,24857,23,005,2017
"Kennebec County, Maine",121821,120206,57984,12676,4855,7821,35422,5781,29641,9886,1497,8389,62222,12954,3723,9231,36852,6867,29985,12416,2352,10064,23,011,2017
"Penobscot County, Maine",151957,150636,74516,16082,7168,8914,45921,7466,38455,12513,1754,10759,76120,14668,4732,9936,47180,10103,37077,14272,2836,11436,23,019,2017
"York County, Maine",204191,202473,99437,20826,3269,17557,60621,5094,55527,17990,2625,15365,103036,19423,4822,14601,61993,6027,55966,21620,3146,18474,23,031,2017
"Allegany County, Maryland",71615,66253,32888,7426,3806,3620,19410,4221,15189,6052,1090,4962,33365,6575,3226,3349,19661,5414,14247,7129,763,6366,24,001,2017
"Anne Arundel County, Maryland",573235,553993,268493,67699,13320,54379,164639,15282,149357,36155,2597,33558,285500,65819,16372,49447,175899,20971,154928,43782,3814,39968,24,003,2017
"Baltimore County, Maryland",832468,824193,391409,96716,28433,68283,237977,31742,206235,56716,4972,51744,432784,92586,25211,67375,263147,41000,222147,77051,8828,68223,24,005,2017
"Calvert County, Maryland",91502,90423,44367,11160,2641,8519,26997,2773,24224,6210,509,5701,46056,10963,2742,8221,28216,3383,24833,6877,861,6016,24,009,2017
"Carroll County, Maryland",167781,165557,81440,20306,3320,16986,49517,3335,46182,11617,568,11049,84117,18673,3990,14683,50900,5233,45667,14544,1403,13141,24,013,2017
"Cecil County, Maryland",102746,101860,51112,13376,4034,9342,30637,5253,25384,7099,699,6400,50748,11155,3431,7724,31564,6645,24919,8029,1646,6383,24,015,2017
"Charles County, Maryland",159700,155774,74016,20901,4590,16311,44917,4312,40605,8198,505,7693,81758,19173,3858,15315,51566,5235,46331,11019,1460,9559,24,017,2017
"Frederick County, Maryland",252022,249518,122542,31364,7991,23373,75713,6509,69204,15465,1307,14158,126976,30150,7421,22729,77823,8940,68883,19003,1734,17269,24,021,2017
"Harford County, Maryland",252160,249179,121690,30806,6450,24356,73827,8697,65130,17057,1256,15801,127489,28445,5306,23139,76917,9526,67391,22127,2077,20050,24,025,2017
"Howard County, Maryland",321113,317477,153657,41636,9240,32396,92717,8207,84510,19304,1732,17572,163820,40759,8823,31936,99709,11014,88695,23352,2054,21298,24,027,2017
"Montgomery County, Maryland",1058810,1049737,507107,132594,37550,95044,306713,27130,279583,67800,7041,60759,542630,125518,34003,91515,330022,33574,296448,87090,11246,75844,24,031,2017
"Prince George's County, Maryland",912756,905833,435280,109365,43647,65718,278046,26841,251205,47869,4989,42880,470553,106536,44480,62056,297176,45420,251756,66841,7420,59421,24,033,2017
"St. Mary's County, Maryland",112667,108888,52657,15121,3907,11214,31690,4267,27423,5846,633,5213,56231,14487,3457,11030,34118,4727,29391,7626,992,6634,24,037,2017
"Washington County, Maryland",150578,142500,69298,17518,5882,11636,41161,5500,35661,10619,970,9649,73202,17115,6836,10279,42722,10345,32377,13365,1090,12275,24,043,2017
"Wicomico County, Maryland",102923,101716,47664,12167,6598,5569,29512,6096,23416,5985,722,5263,54052,12923,6256,6667,32374,9339,23035,8755,1241,7514,24,045,2017
"Baltimore city, Maryland",611648,603581,280546,66991,37434,29557,181623,41978,139645,31932,6376,25556,323035,65294,34571,30723,209681,59450,150231,48060,11038,37022,24,510,2017
"Barnstable County, Massachusetts",213444,210994,101499,18671,6514,12157,55108,10847,44261,27720,2588,25132,109495,17274,6908,10366,57864,12264,45600,34357,2754,31603,25,001,2017
"Berkshire County, Massachusetts",126313,124077,59694,11298,4252,7046,36114,9792,26322,12282,1773,10509,64383,11254,4237,7017,37894,10998,26896,15235,2855,12380,25,003,2017
"Bristol County, Massachusetts",561483,555114,267862,62239,26336,35903,167000,35627,131373,38623,5100,33523,287252,61627,24121,37506,174285,46620,127665,51340,9813,41527,25,005,2017
"Essex County, Massachusetts",785205,778072,375437,92298,33552,58746,228591,49843,178748,54548,8277,46271,402635,87786,34110,53676,242777,57125,185652,72072,13164,58908,25,009,2017
"Franklin County, Massachusetts",70702,69869,34123,6923,2614,4309,20423,6282,14141,6777,895,5882,35746,6470,2299,4171,21419,5805,15614,7857,1083,6774,25,011,2017
"Hampden County, Massachusetts",469818,464275,224811,56366,29988,26378,136147,38383,97764,32298,6296,26002,239464,51866,27461,24405,144764,54809,89955,42834,9517,33317,25,013,2017
"Hampshire County, Massachusetts",161834,160673,74591,14967,4002,10965,47889,7274,40615,11735,1182,10553,86082,15502,4526,10976,56201,10472,45729,14379,1004,13375,25,015,2017
"Middlesex County, Massachusetts",1602947,1588193,775824,174996,42505,132491,499333,69051,430282,101495,11548,89947,812369,168179,41124,127055,513034,82135,430899,131156,21227,109929,25,017,2017
"Norfolk County, Massachusetts",700322,691918,332136,80865,16820,64045,202985,25533,177452,48286,5203,43083,359782,77004,17057,59947,218784,35302,183482,63994,7994,56000,25,021,2017
"Plymouth County, Massachusetts",515142,507598,245810,62237,20408,41829,145334,25421,119913,38239,4175,34064,261788,58331,17126,41205,154927,34422,120505,48530,6197,42333,25,023,2017
"Suffolk County, Massachusetts",797939,791277,382373,74110,39508,34602,269752,62433,207319,38511,12211,26300,408904,73140,37896,35244,283754,76385,207369,52010,17094,34916,25,025,2017
"Worcester County, Massachusetts",826116,815155,400383,96329,32270,64059,250124,55050,195074,53930,8317,45613,414772,92748,31309,61439,254415,62281,192134,67609,12520,55089,25,027,2017
"Allegan County, Michigan",116447,115555,57701,15134,3730,11404,34259,3683,30576,8308,593,7715,57854,14828,4112,10716,33466,4954,28512,9560,1002,8558,26,005,2017
"Bay County, Michigan",104239,103343,51579,11849,5475,6374,30733,6420,24313,8997,453,8544,51764,10308,4140,6168,30346,8134,22212,11110,1122,9988,26,017,2017
"Berrien County, Michigan",154259,153189,75034,17639,8612,9027,44394,8019,36375,13001,1027,11974,78155,17261,8804,8457,44622,12175,32447,16272,2115,14157,26,021,2017
"Calhoun County, Michigan",134128,132399,65433,17381,7383,9998,38046,7233,30813,10006,1146,8860,66966,15026,5429,9597,39890,11263,28627,12050,1896,10154,26,025,2017
"Clinton County, Michigan",78443,77960,38263,9194,2058,7136,23205,2621,20584,5864,453,5411,39697,9283,1545,7738,23586,3378,20208,6828,634,6194,26,037,2017
"Eaton County, Michigan",109027,108405,53222,12840,4186,8654,31754,4016,27738,8628,770,7858,55183,11888,4209,7679,32970,5093,27877,10325,1007,9318,26,045,2017
"Genesee County, Michigan",407385,405144,195669,50334,25150,25184,115549,27825,87724,29786,4132,25654,209475,46516,23887,22629,124959,37186,87773,38000,5530,32470,26,049,2017
"Grand Traverse County, Michigan",91807,90819,44708,10090,3020,7070,26731,3854,22877,7887,393,7494,46111,9313,3170,6143,27485,3977,23508,9313,955,8358,26,055,2017
"Ingham County, Michigan",290186,288469,139740,32089,12420,19669,90980,13459,77521,16671,1492,15179,148729,33171,12395,20776,94158,19331,74827,21400,3201,18199,26,065,2017
"Isabella County, Michigan",71063,70529,34431,7827,2246,5581,22843,4263,18580,3761,266,3495,36098,7628,2363,5265,23555,4521,19034,4915,476,4439,26,073,2017
"Jackson County, Michigan",158640,150727,72502,17799,6725,11074,42724,7687,35037,11979,1091,10888,78225,18393,7899,10494,45268,10115,35153,14564,1372,13192,26,075,2017
"Kalamazoo County, Michigan",262985,261037,127886,31760,11124,20636,79802,12001,67801,16324,1224,15100,133151,29920,9397,20523,82117,14113,68004,21114,2139,18975,26,077,2017
"Kent County, Michigan",648594,644164,316831,85957,28437,57520,193888,23526,170362,36986,3917,33069,327333,81827,27880,53947,199023,34758,164265,46483,6586,39897,26,081,2017
"Lapeer County, Michigan",88174,86587,43165,9744,3312,6432,26285,3815,22470,7136,536,6600,43422,9453,2990,6463,25838,5132,20706,8131,724,7407,26,087,2017
"Lenawee County, Michigan",98623,95123,47045,11215,4585,6630,28005,3492,24513,7825,615,7210,48078,10706,4656,6050,28154,5056,23098,9218,1107,8111,26,091,2017
"Livingston County, Michigan",189651,188687,94841,23088,3764,19324,57229,4354,52875,14524,803,13721,93846,20932,4491,16441,56885,5660,51225,16029,948,15081,26,093,2017
"Macomb County, Michigan",871375,864509,420013,99162,35798,63364,259312,38592,220720,61539,6275,55264,444496,95406,32213,63193,268792,52393,216399,80298,9436,70862,26,099,2017
"Marquette County, Michigan",66502,64919,32249,6754,2008,4746,19996,3176,16820,5499,660,4839,32670,6462,2379,4083,20179,4062,16117,6029,606,5423,26,103,2017
"Midland County, Michigan",83411,82784,40748,9821,2836,6985,24484,4313,20171,6443,702,5741,42036,8993,2928,6065,24874,4277,20597,8169,897,7272,26,111,2017
"Monroe County, Michigan",149649,148584,74002,17976,5176,12800,44121,5343,38778,11905,960,10945,74582,15944,4799,11145,44657,8470,36187,13981,1680,12301,26,115,2017
"Muskegon County, Michigan",173693,168529,81978,21874,10517,11357,48042,9854,38188,12062,1574,10488,86551,20836,9893,10943,50509,14153,36356,15206,1985,13221,26,121,2017
"Oakland County, Michigan",1250836,1244628,608824,142488,30737,111751,377495,39053,338442,88841,8603,80238,635804,136484,30577,105907,386430,46344,340086,112890,12269,100621,26,125,2017
"Ottawa County, Michigan",286383,285163,140871,38400,8638,29762,83714,6459,77255,18757,1496,17261,144292,37580,8500,29080,84584,9038,75546,22128,2013,20115,26,139,2017
"Saginaw County, Michigan",191934,188554,90521,21874,10022,11852,53210,11996,41214,15437,1511,13926,98033,21665,10659,11006,56709,15907,40802,19659,2122,17537,26,145,2017
"St. Clair County, Michigan",159350,158050,78597,18328,7530,10798,47160,7983,39177,13109,1421,11688,79453,16783,7640,9143,47017,10319,36698,15653,1264,14389,26,147,2017
"Shiawassee County, Michigan",68446,68063,33699,8086,2806,5280,20179,3302,16877,5434,635,4799,34364,7852,2574,5278,20002,5295,14707,6510,1082,5428,26,155,2017
"Van Buren County, Michigan",75353,74812,37117,9480,5157,4323,21643,4044,17599,5994,580,5414,37695,9286,4004,5282,22009,5541,16468,6400,691,5709,26,159,2017
"Washtenaw County, Michigan",367627,363913,180682,41082,7411,33671,117791,11183,106608,21809,2472,19337,183231,39480,9094,30386,117051,13652,103399,26700,2687,24013,26,161,2017
"Wayne County, Michigan",1753616,1740540,837213,221556,119755,101801,505804,130919,374885,109853,17346,92507,903327,213899,117218,96681,541281,172283,368998,148147,27514,120633,26,163,2017
"Anoka County, Minnesota",351373,348825,173595,45112,11209,33903,107337,12471,94866,21146,1036,20110,175230,43729,11388,32341,106202,15137,91065,25299,2593,22706,27,003,2017
"Blue Earth County, Minnesota",66973,66340,33622,8087,2247,5840,21828,2102,19726,3707,64,3643,32718,6704,1898,4806,21344,3617,17727,4670,468,4202,27,013,2017
"Carver County, Minnesota",102119,101847,50254,14590,1498,13092,30547,2204,28343,5117,417,4700,51593,14607,1033,13574,30861,2484,28377,6125,778,5347,27,019,2017
"Dakota County, Minnesota",421751,419779,206841,56171,12471,43700,125917,12004,113913,24753,942,23811,212938,52736,10764,41972,128667,17444,111223,31535,2520,29015,27,037,2017
"Hennepin County, Minnesota",1252024,1243410,614806,148179,45331,102848,394174,48208,345966,72453,7125,65328,628604,142118,42744,99374,393389,62473,330916,93097,9242,83855,27,053,2017
"Olmsted County, Minnesota",154930,153249,73828,19995,5667,14328,44021,4855,39166,9812,827,8985,79421,19526,4617,14909,47365,5854,41511,12530,1340,11190,27,109,2017
"Ramsey County, Minnesota",547974,543833,264397,68865,31545,37320,163344,31558,131786,32188,3293,28895,279436,67293,30700,36593,169710,41867,127843,42433,4969,37464,27,123,2017
"Rice County, Minnesota",65968,63403,31105,7209,2711,4498,19243,2822,16421,4653,563,4090,32298,8074,2789,5285,18895,3250,15645,5329,488,4841,27,131,2017
"St. Louis County, Minnesota",200000,196917,98018,21376,7582,13794,60052,10425,49627,16590,804,15786,98899,20821,6744,14077,58781,11370,47411,19297,1575,17722,27,137,2017
"Scott County, Minnesota",145827,144151,73529,22839,4626,18213,44327,3553,40774,6363,685,5678,70622,19606,2872,16734,43385,3793,39592,7631,771,6860,27,139,2017
"Sherburne County, Minnesota",94570,92626,47264,12901,2310,10591,29594,2700,26894,4769,484,4285,45362,13240,2054,11186,26763,1956,24807,5359,331,5028,27,141,2017
"Stearns County, Minnesota",157822,156729,78617,20163,6047,14116,48239,5694,42545,10215,883,9332,78112,19230,6721,12509,46788,7552,39236,12094,1140,10954,27,145,2017
"Washington County, Minnesota",256348,253353,124926,34117,6430,27687,73619,5624,67995,17190,994,16196,128427,32462,4853,27609,76579,9098,67481,19386,858,18528,27,163,2017
"Wright County, Minnesota",134286,133442,67241,19656,3305,16351,40057,3066,36991,7528,351,7177,66201,19393,3580,15813,38133,3642,34491,8675,1059,7616,27,171,2017
"DeSoto County, Mississippi",178751,178016,86029,25492,8163,17329,50550,3729,46821,9987,956,9031,91987,23724,7181,16543,55385,3742,51643,12878,1891,10987,28,033,2017
"Forrest County, Mississippi",75471,74758,35501,10185,5209,4976,21070,1682,19388,4246,625,3621,39257,8597,4182,4415,24910,3981,20929,5750,1577,4173,28,035,2017
"Harrison County, Mississippi",205027,197721,93943,26252,11457,14795,54407,4007,50400,13284,1258,12026,103778,26322,13569,12753,61454,7847,53607,16002,2888,13114,28,047,2017
"Hinds County, Mississippi",239497,236930,109187,30444,20932,9512,65469,6938,58531,13274,1702,11572,127743,31076,19289,11787,77109,12201,64908,19558,3906,15652,28,049,2017
"Jackson County, Mississippi",142152,140015,68469,19187,5938,13249,39531,3107,36424,9751,936,8815,71546,16832,6288,10544,42657,4968,37689,12057,1397,10660,28,059,2017
"Jones County, Mississippi",67930,67154,33177,10021,5895,4126,18160,2682,15478,4996,1068,3928,33977,9698,6293,3405,18310,3792,14518,5969,1331,4638,28,067,2017
"Lauderdale County, Mississippi",76155,73034,33948,9839,5743,4096,18699,1472,17227,5410,484,4926,39086,10198,4212,5986,21744,2266,19478,7144,974,6170,28,075,2017
"Lee County, Mississippi",84933,84063,40020,11216,3965,7251,23693,1764,21929,5111,416,4695,44043,11296,4725,6571,26060,3307,22753,6687,1151,5536,28,081,2017
"Madison County, Mississippi",104618,103660,50820,15657,5704,9953,29122,1713,27409,6041,643,5398,52840,12283,3593,8690,33184,2341,30843,7373,929,6444,28,089,2017
"Rankin County, Mississippi",152080,147300,68765,18078,6379,11699,41453,2466,38987,9234,1503,7731,78535,19106,5940,13166,47093,3050,44043,12336,1348,10988,28,121,2017
"Boone County, Missouri",178271,176907,86301,20794,5480,15314,56385,1755,54630,9122,563,8559,90606,19568,4709,14859,59360,3299,56061,11678,949,10729,29,019,2017
"Buchanan County, Missouri",89065,85774,41119,10804,3490,7314,24378,1780,22598,5937,533,5404,44655,10992,3515,7477,25624,3597,22027,8039,1347,6692,29,021,2017
"Cape Girardeau County, Missouri",78161,76958,36333,8650,2135,6515,22499,1693,20806,5184,167,5017,40625,9592,2990,6602,24012,2160,21852,7021,300,6721,29,031,2017
"Cass County, Missouri",103724,102981,50916,14312,3840,10472,29377,1626,27751,7227,289,6938,52065,12219,4566,7653,30608,3002,27606,9238,520,8718,29,037,2017
"Christian County, Missouri",85432,85006,41024,11981,2921,9060,23249,1554,21695,5794,268,5526,43982,11870,3254,8616,24969,3220,21749,7143,411,6732,29,043,2017
"Clay County, Missouri",242874,241146,118055,30984,6586,24398,72029,3079,68950,15042,868,14174,123091,31322,6097,25225,73575,4425,69150,18194,1083,17111,29,047,2017
"Cole County, Missouri",76708,72957,35411,9361,2508,6853,21204,1099,20105,4846,277,4569,37546,9097,1900,7197,21588,1552,20036,6861,854,6007,29,051,2017
"Franklin County, Missouri",103330,102487,51121,13310,4686,8624,30062,1758,28304,7749,570,7179,51366,11925,3988,7937,30082,3538,26544,9359,915,8444,29,071,2017
"Greene County, Missouri",289805,286228,139626,33064,13936,19128,86920,8873,78047,19642,1220,18422,146602,31544,12050,19494,89556,11961,77595,25502,2217,23285,29,077,2017
"Jackson County, Missouri",698895,691925,334265,87657,31710,55947,204406,15317,189089,42202,3938,38264,357660,84651,29781,54870,216820,23749,193071,56189,5630,50559,29,095,2017
"Jasper County, Missouri",120217,119289,58481,16046,4791,11255,34711,2388,32323,7724,474,7250,60808,16166,6335,9831,34499,4382,30117,10143,1646,8497,29,097,2017
"Jefferson County, Missouri",223810,221818,111208,28726,7487,21239,67581,4093,63488,14901,1209,13692,110610,26073,7383,18690,67350,6644,60706,17187,990,16197,29,099,2017
"Platte County, Missouri",101187,100505,48991,12763,2462,10301,30019,1190,28829,6209,374,5835,51514,12133,2845,9288,31642,2266,29376,7739,518,7221,29,165,2017
"St. Charles County, Missouri",395504,392888,192964,50356,6150,44206,117102,2524,114578,25506,411,25095,199924,47903,4952,42951,120422,4699,115723,31599,1474,30125,29,183,2017
"St. Francois County, Missouri",66705,59735,30122,7470,3424,4046,17929,2850,15079,4723,268,4455,29613,6703,3628,3075,17209,2958,14251,5701,363,5338,29,187,2017
"St. Louis County, Missouri",996726,984505,467174,118208,32623,85585,277709,12440,265269,71257,3130,68127,517331,113719,28468,85251,306046,24381,281665,97566,6129,91437,29,189,2017
"St. Louis city, Missouri",308626,304373,146813,32215,15157,17058,98499,9981,88518,16099,2310,13789,157560,30882,16450,14432,104444,18519,85925,22234,4522,17712,29,510,2017
"Cascade County, Montana",81654,78739,38670,9984,4737,5247,21634,3238,18396,7052,693,6359,40069,8947,4127,4820,23400,4867,18533,7722,579,7143,30,013,2017
"Flathead County, Montana",100000,99409,48721,11057,3593,7464,28883,3051,25832,8781,655,8126,50688,11525,4470,7055,29819,5137,24682,9344,924,8420,30,029,2017
"Gallatin County, Montana",107810,107341,55561,11588,3427,8161,37781,2729,35052,6192,253,5939,51780,11685,3085,8600,33489,3916,29573,6606,536,6070,30,031,2017
"Lewis and Clark County, Montana",67773,67207,32809,7850,3156,4694,19390,2608,16782,5569,513,5056,34398,7519,3089,4430,20556,2842,17714,6323,819,5504,30,049,2017
"Missoula County, Montana",117441,116892,58159,11557,4086,7471,37953,4983,32970,8649,1015,7634,58733,12054,4067,7987,37847,5721,32126,8832,913,7919,30,063,2017
"Yellowstone County, Montana",158980,156892,77907,20077,7325,12752,46237,5991,40246,11593,1040,10553,78985,18478,7111,11367,46352,7736,38616,14155,1551,12604,30,111,2017
"Douglas County, Nebraska",561620,555173,272976,76889,23907,52982,165977,8636,157341,30110,2563,27547,282197,73629,25437,48192,170194,15193,155001,38374,5116,33258,31,055,2017
"Lancaster County, Nebraska",314358,309760,153988,40198,10320,29878,95617,3561,92056,18173,1516,16657,155772,38676,9317,29359,93858,8101,85757,23238,2047,21191,31,109,2017
"Sarpy County, Nebraska",181439,177551,87821,26350,4110,22240,52293,1697,50596,9178,920,8258,89730,25469,3585,21884,53157,2580,50577,11104,674,10430,31,153,2017
"Clark County, Nevada",2204079,2179495,1080928,274825,104809,170016,659086,82074,577012,147017,15194,131823,1098567,264775,92612,172163,666262,114458,551804,167530,22010,145520,32,003,2017
"Washoe County, Nevada",460587,458066,229902,55090,15780,39310,139902,11557,128345,34910,3039,31871,228164,51539,14429,37110,138839,20050,118789,37786,3145,34641,32,031,2017
"Cheshire County, New Hampshire",75960,75199,36492,7485,2122,5363,22571,2622,19949,6436,189,6247,38707,7270,2185,5085,23714,2589,21125,7723,529,7194,33,005,2017
"Grafton County, New Hampshire",89386,88354,43744,7988,3302,4686,27662,3384,24278,8094,485,7609,44610,7794,3739,4055,27834,3630,24204,8982,1067,7915,33,009,2017
"Hillsborough County, New Hampshire",409697,405015,201824,45763,14482,31281,128409,9196,119213,27652,2205,25447,203191,43745,12661,31084,127402,14588,112814,32044,2345,29699,33,011,2017
"Merrimack County, New Hampshire",149216,145848,70457,15801,5607,10194,43550,4382,39168,11106,707,10399,75391,15218,4720,10498,45919,5142,40777,14254,965,13289,33,013,2017
"Rockingham County, New Hampshire",306363,304036,150754,32906,6734,26172,94046,7710,86336,23802,710,23092,153282,30641,7091,23550,94881,7405,87476,27760,1749,26011,33,015,2017
"Strafford County, New Hampshire",128613,126813,62344,13789,4105,9684,39977,3066,36911,8578,805,7773,64469,12821,2917,9904,41674,4065,37609,9974,491,9483,33,017,2017
"Atlantic County, New Jersey",269918,267285,128634,30651,11582,19069,77522,14219,63303,20461,2646,17815,138651,31653,14707,16946,82001,16592,65409,24997,3596,21401,34,001,2017
"Bergen County, New Jersey",948406,941940,456953,108225,17920,90305,281247,20691,260556,67481,7311,60170,484987,104890,15945,88945,292232,26317,265915,87865,11038,76827,34,003,2017
"Burlington County, New Jersey",448596,434346,208591,49584,10938,38646,127558,12638,114920,31449,2350,29099,225755,48958,11572,37386,135801,19452,116349,40996,3670,37326,34,005,2017
"Camden County, New Jersey",510719,505832,244009,62730,22705,40025,149081,19478,129603,32198,3871,28327,261823,59764,22312,37452,158336,31115,127221,43723,7075,36648,34,007,2017
"Cape May County, New Jersey",93553,91357,44574,9118,2856,6262,24706,3713,20993,10750,743,10007,46783,7982,2305,5677,26405,3458,22947,12396,742,11654,34,009,2017
"Cumberland County, New Jersey",152538,141731,68021,19544,11420,8124,39690,6787,32903,8787,802,7985,73710,18377,10003,8374,42820,10816,32004,12513,1992,10521,34,011,2017
"Essex County, New Jersey",808285,796581,379701,103342,40908,62434,234160,34925,199235,42199,6415,35784,416880,98378,39515,58863,256278,54575,201703,62224,11602,50622,34,013,2017
"Gloucester County, New Jersey",292206,291086,141813,35082,8448,26634,87402,8641,78761,19329,2009,17320,149273,33311,7593,25718,91178,11556,79622,24784,3486,21298,34,015,2017
"Hudson County, New Jersey",691643,686491,340532,74531,38706,35825,233184,31693,201491,32817,7983,24834,345959,70936,37331,33605,229952,42581,187371,45071,12756,32315,34,017,2017
"Hunterdon County, New Jersey",125059,121362,59281,12658,611,12047,36693,2880,33813,9930,791,9139,62081,13317,954,12363,37403,2255,35148,11361,691,10670,34,019,2017
"Mercer County, New Jersey",374733,370498,180926,45060,18139,26921,112864,14309,98555,23002,2628,20374,189572,42378,16173,26205,116461,17452,99009,30733,3845,26888,34,021,2017
"Middlesex County, New Jersey",842798,834447,408792,98253,28796,69457,258467,19057,239410,52072,5759,46313,425655,94432,26198,68234,263688,31923,231765,67535,9924,57611,34,023,2017
"Monmouth County, New Jersey",626351,622435,302696,72740,16089,56651,184391,15604,168787,45565,2990,42575,319739,69888,14349,55539,191685,18135,173550,58166,5298,52868,34,025,2017
"Morris County, New Jersey",499693,495297,242620,58410,7939,50471,148497,7617,140880,35713,2434,33279,252677,56467,6663,49804,151444,7757,143687,44766,4266,40500,34,027,2017
"Ocean County, New Jersey",597943,592333,284641,75565,31433,44132,153887,21308,132579,55189,4160,51029,307692,72706,31748,40958,160221,22735,137486,74765,6243,68522,34,029,2017
"Passaic County, New Jersey",512607,509493,247478,65793,31339,34454,151404,24151,127253,30281,3053,27228,262015,63836,29555,34281,157263,35221,122042,40916,7487,33429,34,031,2017
"Salem County, New Jersey",62792,61710,29949,7325,2669,4656,17785,1870,15915,4839,504,4335,31761,7014,2613,4401,18687,4153,14534,6060,753,5307,34,033,2017
"Somerset County, New Jersey",335432,332502,163173,41396,4595,36801,100349,5541,94808,21428,2157,19271,169329,37781,4842,32939,103518,6824,96694,28030,4248,23782,34,035,2017
"Sussex County, New Jersey",141682,140386,70189,15830,1849,13981,44166,4216,39950,10193,821,9372,70197,14145,3121,11024,43710,5400,38310,12342,543,11799,34,037,2017
"Union County, New Jersey",563892,559334,272720,70139,25187,44952,169719,22073,147646,32862,5014,27848,286614,68685,25063,43622,173879,27454,146425,44050,8241,35809,34,039,2017
"Warren County, New Jersey",106798,105986,52076,11672,3078,8594,32552,2620,29932,7852,482,7370,53910,11123,2458,8665,33076,4548,28528,9711,1423,8288,34,041,2017
"Bernalillo County, New Mexico",676773,670429,326026,79189,38221,40968,200155,43846,156309,46682,6003,40679,344403,79499,36335,43164,206448,53316,153132,58456,9635,48821,35,001,2017
"Chaves County, New Mexico",64866,63772,31277,9079,4910,4169,17638,5223,12415,4560,832,3728,32495,8869,5901,2968,18237,6161,12076,5389,1305,4084,35,005,2017
"Doña Ana County, New Mexico",215579,211606,103270,29986,20345,9641,57783,16846,40937,15501,4272,11229,108336,29164,18666,10498,61801,22724,39077,17371,4845,12526,35,013,2017
"Lea County, New Mexico",68759,66819,34101,11762,6394,5368,18823,4059,14764,3516,885,2631,32718,9923,6100,3823,18435,5198,13237,4360,742,3618,35,025,2017
"McKinley County, New Mexico",72564,72215,34918,11369,8428,2941,20228,8159,12069,3321,1095,2226,37297,10810,8531,2279,21473,11066,10407,5014,2133,2881,35,031,2017
"Otero County, New Mexico",65817,60839,30745,9310,5943,3367,16680,5024,11656,4755,779,3976,30094,7483,3249,4234,17475,5426,12049,5136,1214,3922,35,035,2017
"Sandoval County, New Mexico",142507,141678,68557,17267,6931,10336,40180,8471,31709,11110,1242,9868,73121,17442,7262,10180,42643,9242,33401,13036,1802,11234,35,043,2017
"San Juan County, New Mexico",126926,125706,61403,17883,10558,7325,35521,11081,24440,7999,1334,6665,64303,18283,10230,8053,36179,13165,23014,9841,1944,7897,35,045,2017
"Santa Fe County, New Mexico",148750,147080,70838,14030,7258,6772,41335,7236,34099,15473,1399,14074,76242,14834,7452,7382,43028,8908,34120,18380,1595,16785,35,049,2017
"Valencia County, New Mexico",75940,74653,36832,10226,5407,4819,20944,6358,14586,5662,531,5131,37821,10360,6614,3746,20347,7434,12913,7114,1369,5745,35,061,2017
"Albany County, New York",309612,306359,149628,33066,10287,22779,95256,13113,82143,21306,2302,19004,156731,29972,8773,21199,99634,18099,81535,27125,2771,24354,36,001,2017
"Bronx County, New York",1471160,1449818,679510,196122,136427,59695,416083,157419,258664,67305,24031,43274,770308,189623,130283,59340,475594,227643,247951,105091,45371,59720,36,005,2017
"Broome County, New York",193639,190886,94195,22570,10621,11949,56517,11530,44987,15108,1586,13522,96691,19624,9947,9677,57289,14278,43011,19778,2892,16886,36,007,2017
"Cattaraugus County, New York",77348,76468,38158,9470,3831,5639,22234,5450,16784,6454,950,5504,38310,8919,3538,5381,21767,5626,16141,7624,1036,6588,36,009,2017
"Cayuga County, New York",77603,73984,36499,8189,2729,5460,21991,3838,18153,6319,436,5883,37485,8046,2324,5722,22032,4517,17515,7407,885,6522,36,011,2017
"Chautauqua County, New York",129046,126708,62884,14599,6587,8012,37035,9730,27305,11250,825,10425,63824,13739,6081,7658,36921,10302,26619,13164,2051,11113,36,013,2017
"Chemung County, New York",85557,81820,39308,9484,4147,5337,23145,6406,16739,6679,900,5779,42512,9530,3962,5568,24764,6431,18333,8218,1050,7168,36,015,2017
"Clinton County, New York",80980,76495,37698,7962,2412,5550,23932,4105,19827,5804,464,5340,38797,8738,2810,5928,23335,4787,18548,6724,1216,5508,36,019,2017
"Dutchess County, New York",295568,286761,139666,30029,7206,22823,87823,10299,77524,21814,1600,20214,147095,30100,8877,21223,90271,13349,76922,26724,3091,23633,36,027,2017
"Erie County, New York",925528,913536,440400,103188,40977,62211,270179,52025,218154,67033,6071,60962,473136,98572,40686,57886,284878,67696,217182,89686,13017,76669,36,029,2017
"Jefferson County, New York",114187,102630,49538,13946,5309,8637,28868,8338,20530,6724,742,5982,53092,13750,5554,8196,31451,8488,22963,7891,1168,6723,36,045,2017
"Kings County, New York",2648771,2634931,1246393,322377,178654,143723,782169,221610,560559,141847,43670,98177,1388538,309769,170569,139200,871918,277804,594114,206851,73013,133838,36,047,2017
"Livingston County, New York",63799,60950,29600,6530,2811,3719,18199,3004,15195,4871,594,4277,31350,6321,2357,3964,19367,4490,14877,5662,504,5158,36,051,2017
"Madison County, New York",70965,70523,35028,7858,3065,4793,21437,3469,17968,5733,248,5485,35495,7603,2563,5040,21350,3970,17380,6542,1021,5521,36,053,2017
"Monroe County, New York",747642,740253,357796,86586,36217,50369,218457,40784,177673,52753,5633,47120,382457,82447,32577,49870,232462,53364,179098,67548,8362,59186,36,055,2017
"Nassau County, New York",1369514,1359571,660857,159452,30349,129103,400673,43218,357455,100732,8828,91904,698714,152361,27408,124953,415524,51392,364132,130829,15441,115388,36,059,2017
"New York County, New York",1664727,1653585,782143,127436,56310,71126,548846,95851,452995,105861,30302,75559,871442,128120,43976,84144,588534,124838,463696,154788,50000,104788,36,061,2017
"Niagara County, New York",211328,209347,102405,22952,7720,15232,62789,11111,51678,16664,2758,13906,106942,21551,7786,13765,64311,14817,49494,21080,4943,16137,36,063,2017
"Oneida County, New York",231332,223790,109028,27215,12961,14254,64163,14470,49693,17650,1872,15778,114762,25934,12279,13655,66340,19625,46715,22488,2389,20099,36,065,2017
"Onondaga County, New York",465398,459928,221400,53902,21087,32815,134723,23067,111656,32775,3149,29626,238528,53134,18844,34290,143801,30411,113390,41593,4387,37206,36,067,2017
"Ontario County, New York",109899,108993,52873,12003,4132,7871,31510,4802,26708,9360,457,8903,56120,12100,4639,7461,32735,4937,27798,11285,740,10545,36,069,2017
"Orange County, New York",382226,373209,185217,53970,22054,31916,108734,17163,91571,22513,2934,19579,187992,48853,19486,29367,110751,23080,87671,28388,4987,23401,36,071,2017
"Oswego County, New York",118478,117789,58893,14159,7481,6678,36402,7387,29015,8332,1099,7233,58896,13056,6987,6069,35796,11008,24788,10044,1489,8555,36,075,2017
"Putnam County, New York",99323,98902,48504,10741,1093,9648,30505,2936,27569,7258,511,6747,50398,10565,1335,9230,31274,3041,28233,8559,834,7725,36,079,2017
"Queens County, New York",2358582,2343840,1136426,254070,120313,133757,737140,171657,565483,145216,39950,105266,1207414,242572,116270,126302,765361,206085,559276,199481,61546,137935,36,081,2017
"Rensselaer County, New York",159722,157811,77200,17561,5462,12099,48206,6322,41884,11433,1172,10261,80611,16630,4445,12185,49510,9086,40424,14471,1382,13089,36,083,2017
"Richmond County, New York",479458,475080,229909,55787,18064,37723,142461,24421,118040,31661,3804,27857,245171,52208,13596,38612,151405,29709,121696,41558,7076,34482,36,085,2017
"Rockland County, New York",328868,326784,160029,48960,23016,25944,89669,20743,68926,21400,1879,19521,166755,47284,24154,23130,90990,19404,71586,28481,4473,24008,36,087,2017
"Baldwin County, Alabama",218022,214983,103110,25356,10038,15318,57791,4421,53370,19963,1538,18425,111873,24061,10416,13645,64292,4515,59777,23520,2766,20754,01,003,2018
"Calhoun County, Alabama",114277,112854,54188,13140,5569,7571,32572,3547,29025,8476,632,7844,58666,12648,6388,6260,34302,7562,26740,11716,1991,9725,01,015,2018
"Cullman County, Alabama",83442,82550,40256,9928,4809,5119,23343,2170,21173,6985,714,6271,42294,10078,4212,5866,23796,2916,20880,8420,1398,7022,01,043,2018
"DeKalb County, Alabama",71385,70633,34467,9622,5300,4322,19525,1464,18061,5320,302,5018,36166,8477,3994,4483,21016,2560,18456,6673,1232,5441,01,049,2018
"Elmore County, Alabama",81887,77282,36483,10210,2999,7211,21036,2203,18833,5237,315,4922,40799,8907,2308,6599,25225,2576,22649,6667,411,6256,01,051,2018
"Etowah County, Alabama",102501,101700,48456,11239,4913,6326,28973,2981,25992,8244,1199,7045,53244,11928,4941,6987,30426,4738,25688,10890,1837,9053,01,055,2018
"Houston County, Alabama",104722,103701,49672,13016,6583,6433,28661,3331,25330,7995,1174,6821,54029,11988,5762,6226,31549,4978,26571,10492,2039,8453,01,069,2018
"Jefferson County, Alabama",659300,652096,307100,79652,34397,45255,185086,17375,167711,42362,4647,37715,344996,78086,32827,45259,206951,27744,179207,59959,10265,49694,01,073,2018
"Lauderdale County, Alabama",92387,91632,45392,11117,4016,7101,26258,1933,24325,8017,799,7218,46240,8342,3024,5318,27851,2860,24991,10047,1345,8702,01,077,2018
"Lee County, Alabama",163941,162283,79401,19468,5701,13767,51027,2344,48683,8906,393,8513,82882,18786,6259,12527,53274,6466,46808,10822,1492,9330,01,081,2018
"Limestone County, Alabama",96174,93266,46537,13227,3383,9844,26496,1411,25085,6814,582,6232,46729,11428,2374,9054,27117,3643,23474,8184,718,7466,01,083,2018
"Madison County, Alabama",366519,361129,175039,43278,14905,28373,107870,6229,101641,23891,1818,22073,186090,41874,11637,30237,113056,11404,101652,31160,3367,27793,01,089,2018
"Marshall County, Alabama",96109,95233,46987,12529,5454,7075,27444,2169,25275,7014,827,6187,48246,12608,6898,5710,26674,3793,22881,8964,1233,7731,01,095,2018
"Mobile County, Alabama",413757,409671,194757,52140,29064,23076,114518,11065,103453,28099,2640,25459,214914,50166,28206,21960,127417,20433,106984,37331,5992,31339,01,097,2018
"Montgomery County, Alabama",225763,220766,102438,28384,15880,12504,60365,6774,53591,13689,1760,11929,118328,27234,15540,11694,71522,12050,59472,19572,3946,15626,01,101,2018
"Morgan County, Alabama",119089,117677,58391,16145,6875,9270,33726,2685,31041,8520,658,7862,59286,13200,6323,6877,34543,3606,30937,11543,1311,10232,01,103,2018
"St. Clair County, Alabama",88690,86791,43131,11576,4076,7500,25086,1759,23327,6469,607,5862,43660,9470,2710,6760,26129,2269,23860,8061,1192,6869,01,115,2018
"Shelby County, Alabama",215707,213983,103811,26795,5789,21006,62251,2200,60051,14765,1216,13549,110172,24637,3780,20857,67421,3326,64095,18114,2597,15517,01,117,2018
"Talladega County, Alabama",79828,76739,36411,9118,5327,3791,20864,2606,18258,6429,1133,5296,40328,9015,4962,4053,23616,4582,19034,7697,1162,6535,01,121,2018
"Tuscaloosa County, Alabama",208911,207184,98573,25041,7955,17086,61601,4358,57243,11931,1367,10564,108611,26199,9397,16802,67430,7914,59516,14982,2712,12270,01,125,2018
"Walker County, Alabama",63711,63016,30572,7786,3426,4360,17681,1713,15968,5105,342,4763,32444,7026,2862,4164,18694,2645,16049,6724,1120,5604,01,127,2018
"Anchorage Municipality, Alaska",291538,280594,140135,38981,11077,27904,85747,12509,73238,15407,2541,12866,140459,36226,10643,25583,87881,13862,74019,16352,3246,13106,02,020,2018
"Fairbanks North Star Borough, Alaska",98971,91940,46906,12718,2630,10088,28983,3900,25083,5205,542,4663,45034,12554,2889,9665,27538,3925,23613,4942,514,4428,02,090,2018
"Matanuska-Susitna Borough, Alaska",107610,105238,53246,15568,4381,11187,31203,5625,25578,6475,1114,5361,51992,14967,5149,9818,30535,7025,23510,6490,1360,5130,02,170,2018
"Apache County, Arizona",71818,71145,34982,10663,4534,6129,19423,6253,13170,4896,1334,3562,36163,9998,5051,4947,20201,6277,13924,5964,1694,4270,04,001,2018
"Cochise County, Arizona",126770,118982,58060,14637,6526,8111,29795,7339,22456,13628,1843,11785,60922,13988,5501,8487,32299,10569,21730,14635,1659,12976,04,003,2018
"Coconino County, Arizona",142854,142140,69930,17818,6278,11540,43540,7125,36415,8572,1107,7465,72210,17683,4036,13647,45410,7761,37649,9117,1760,7357,04,005,2018
"Maricopa County, Arizona",4410824,4380451,2161783,568589,206208,362381,1294036,165960,1128076,299158,33616,265542,2218668,543002,197041,345961,1312096,225593,1086503,363570,46907,316663,04,013,2018
"Mohave County, Arizona",209550,206088,102654,19123,9932,9191,52297,15466,36831,31234,2975,28259,103434,18685,10465,8220,52767,19420,33347,31982,4262,27720,04,015,2018
"Navajo County, Arizona",110445,108057,52777,15472,10608,4864,27824,11737,16087,9481,1760,7721,55280,15656,9567,6089,29038,12599,16439,10586,1733,8853,04,017,2018
"Pima County, Arizona",1039073,1017187,492291,117208,50329,66879,283119,53085,230034,91964,11007,80957,524896,115656,47806,67850,297729,66956,230773,111511,20044,91467,04,019,2018
"Pinal County, Arizona",447138,420312,206801,56607,19077,37530,107296,21100,86196,42898,3809,39089,213511,51123,17756,33367,115554,23566,91988,46834,4462,42372,04,021,2018
"Yavapai County, Arizona",231993,230551,111799,20228,7407,12821,56903,11543,45360,34668,2568,32100,118752,19750,7825,11925,60519,12579,47940,38483,5043,33440,04,025,2018
"Yuma County, Arizona",212128,205357,103113,29626,17484,12142,54429,13432,40997,19058,3928,15130,102244,27711,13704,14007,53870,18031,35839,20663,4145,16518,04,027,2018
"Benton County, Arkansas",272608,270880,134145,37637,12535,25102,80271,6434,73837,16237,1730,14507,136735,36804,12377,24427,80638,10198,70440,19293,3054,16239,05,007,2018
"Craighead County, Arkansas",108558,107661,52918,14573,7092,7481,31896,4742,27154,6449,787,5662,54743,14687,7733,6954,31945,7645,24300,8111,1666,6445,05,031,2018
"Faulkner County, Arkansas",124806,122956,59436,15141,4866,10275,37467,4796,32671,6828,564,6264,63520,15760,5462,10298,39211,6264,32947,8549,1260,7289,05,045,2018
"Garland County, Arkansas",99154,97955,46474,10713,7921,2792,25591,5124,20467,10170,823,9347,51481,10619,7738,2881,28497,6334,22163,12365,2100,10265,05,051,2018
"Jefferson County, Arkansas",68114,62502,28860,7358,4378,2980,16586,3442,13144,4916,812,4104,33642,8204,4849,3355,19230,5183,14047,6208,889,5319,05,069,2018
"Lonoke County, Arkansas",73657,72508,35444,10308,5148,5160,20920,3312,17608,4216,315,3901,37064,9413,4138,5275,22494,5541,16953,5157,392,4765,05,085,2018
"Pulaski County, Arkansas",392680,387230,184370,47662,23598,24064,110689,14890,95799,26019,2143,23876,202860,47659,26174,21485,122279,30317,91962,32922,4144,28778,05,119,2018
"Saline County, Arkansas",121421,120295,58756,14807,4426,10381,34106,3950,30156,9843,654,9189,61539,15187,5009,10178,34879,5574,29305,11473,1018,10455,05,125,2018
"Sebastian County, Arkansas",127753,126630,63008,16738,8203,8535,37367,6849,30518,8903,972,7931,63622,15102,8503,6599,38049,8014,30035,10471,1442,9029,05,131,2018
"Washington County, Arkansas",236961,235036,117291,30770,13336,17434,74640,6660,67980,11881,1020,10861,117745,30453,12960,17493,73255,8961,64294,14037,1075,12962,05,143,2018
"White County, Arkansas",78727,78323,37907,10784,5294,5490,21852,4559,17293,5271,667,4604,40416,9483,4698,4785,24215,5216,18999,6718,1547,5171,05,145,2018
"Alameda County, California",1666753,1657847,815665,184609,53657,130952,531740,82471,449269,99316,16949,82367,842182,177702,51324,126378,537390,99077,438313,127090,25708,101382,06,001,2018
"Butte County, California",231256,229374,112660,24939,9893,15046,68753,19221,49532,18968,3067,15901,116714,25153,10937,14216,68410,21764,46646,23151,4287,18864,06,007,2018
"Contra Costa County, California",1150215,1145212,559709,141351,38981,102370,340070,48743,291327,78288,7932,70356,585503,133951,38578,95373,351061,56753,294308,100491,13243,87248,06,013,2018
"El Dorado County, California",190678,189140,93523,19777,4778,14999,54126,7257,46869,19620,1506,18114,95617,20519,5031,15488,54497,10270,44227,20601,2222,18379,06,017,2018
"Fresno County, California",994400,982821,486961,150894,95002,55892,282497,86411,196086,53570,12929,40641,495860,144344,89561,54783,285967,107683,178284,65549,16509,49040,06,019,2018
"Humboldt County, California",136373,135418,68161,15211,8055,7156,41834,13265,28569,11116,1754,9362,67257,13104,7178,5926,41213,14176,27037,12940,1702,11238,06,023,2018
"Imperial County, California",181827,172029,84029,27422,17526,9896,45921,14376,31545,10686,4406,6280,88000,27047,15901,11146,48295,21213,27082,12658,5343,7315,06,025,2018
"Kern County, California",896764,869297,434028,137085,77493,59592,252017,74775,177242,44926,11075,33851,435269,133448,80086,53362,250264,94923,155341,51557,13208,38349,06,029,2018
"Kings County, California",151366,136372,68801,22124,11615,10509,40208,11429,28779,6469,1673,4796,67571,20608,12707,7901,38604,13618,24986,8359,2552,5807,06,031,2018
"Lake County, California",64382,63594,30713,6535,4827,1708,17192,5841,11351,6986,1087,5899,32881,7245,4997,2248,17990,7838,10152,7646,1539,6107,06,033,2018
"Los Angeles County, California",10105518,10034790,4936535,1187758,579536,608222,3162503,649426,2513077,586274,146385,439889,5098255,1131401,541802,589599,3205186,828870,2376316,761668,237277,524391,06,037,2018
"Madera County, California",157672,149321,73587,22734,15352,7382,40056,14047,26009,10797,1035,9762,75734,23204,14274,8930,41692,16444,25248,10838,2227,8611,06,039,2018
"Marin County, California",259666,254871,123124,28115,4880,23235,69628,5466,64162,25381,970,24411,131747,26762,3692,23070,73070,5792,67278,31915,3242,28673,06,041,2018
"Mendocino County, California",87606,86511,42179,9878,7029,2849,23628,7455,16173,8673,863,7810,44332,10409,7512,2897,23833,8720,15113,10090,1558,8532,06,045,2018
"Merced County, California",274765,272072,136320,43717,28352,15365,78457,25100,53357,14146,4547,9599,135752,41260,28239,13021,78087,31489,46598,16405,5369,11036,06,047,2018
"Monterey County, California",435594,419413,206497,59887,34019,25868,119917,21806,98111,26693,5135,21558,212916,59606,31203,28403,121579,30042,91537,31731,7010,24721,06,053,2018
"Napa County, California",139417,137800,68835,16988,7236,9752,39696,6478,33218,12151,1668,10483,68965,14000,5904,8096,40880,7215,33665,14085,2041,12044,06,055,2018
"Nevada County, California",99696,98472,48097,9167,2905,6262,26321,6097,20224,12609,1094,11515,50375,8821,3500,5321,26991,6111,20880,14563,1818,12745,06,057,2018
"Orange County, California",3185968,3168615,1561944,376667,134148,242519,978958,134552,844406,206319,29987,176332,1606671,362649,132473,230176,985774,169124,816650,258248,49461,208787,06,059,2018
"Placer County, California",393149,390975,192024,48443,9934,38509,109658,14273,95385,33923,3270,30653,198951,43296,9885,33411,113955,16650,97305,41700,4177,37523,06,061,2018
"Riverside County, California",2450758,2428069,1202936,333736,146337,187399,709255,149356,559899,159945,26776,133169,1225133,321948,140552,181396,713545,197560,515985,189640,37801,151839,06,065,2018
"Sacramento County, California",1540975,1527845,743453,193302,91495,101807,457107,98486,358621,93044,19612,73432,784392,189027,83256,105771,473961,122368,351593,121404,26099,95305,06,067,2018
"San Bernardino County, California",2171603,2129783,1045846,308814,154666,154148,626616,139402,487214,110416,19405,91011,1083937,294073,149787,144286,653660,182445,471215,136204,33850,102354,06,071,2018
"San Diego County, California",3343364,3239327,1595004,387433,137739,249694,1001735,152648,849087,205836,31908,173928,1644323,375005,138329,236676,1012166,192950,819216,257152,46287,210865,06,073,2018
"San Francisco County, California",883305,879045,448412,64224,16828,47396,322862,41016,281846,61326,17749,43577,430633,63392,16724,46668,292618,40281,252337,74623,24212,50411,06,075,2018
"San Joaquin County, California",752660,741862,366080,109953,54376,55577,215573,49313,166260,40554,8322,32232,375782,105428,52387,53041,218313,70484,147829,52041,13760,38281,06,077,2018
"San Luis Obispo County, California",284010,277304,138319,27554,9875,17679,84229,11137,73092,26536,2210,24326,138985,27461,8255,19206,81276,13462,67814,30248,3361,26887,06,079,2018
"San Mateo County, California",769545,766018,379529,86699,19533,67166,239502,21512,217990,53328,6776,46552,386489,81155,15652,65503,236781,29422,207359,68553,10794,57759,06,081,2018
"Santa Barbara County, California",446527,439566,217626,54392,25980,28412,133059,20822,112237,30175,3222,26953,221940,54547,27258,27289,130353,25926,104427,37040,4403,32637,06,083,2018
"Santa Clara County, California",1937570,1927339,975758,228315,57930,170385,632983,65819,567164,114460,22569,91891,951581,217498,53331,164167,591623,80356,511267,142460,34593,107867,06,085,2018
"Santa Cruz County, California",274255,272666,133728,29448,13006,16442,83458,14754,68704,20822,3491,17331,138938,29819,12114,17705,85199,17182,68017,23920,3604,20316,06,087,2018
"Shasta County, California",180040,178552,87940,21081,10620,10461,49979,11424,38555,16880,1320,15560,90612,19765,10059,9706,51414,15552,35862,19433,2988,16445,06,089,2018
"Solano County, California",446610,434732,212368,54127,16766,37361,127743,17182,110561,30498,3195,27303,222364,51380,18201,33179,132369,24514,107855,38615,6093,32522,06,095,2018
"Sonoma County, California",499942,495984,241664,53141,17659,35482,145430,22631,122799,43093,4695,38398,254320,51396,18072,33324,149522,24936,124586,53402,6464,46938,06,097,2018
"Stanislaus County, California",549815,547120,270924,80063,38554,41509,159385,39681,119704,31476,6183,25293,276196,76938,39338,37600,159672,55116,104556,39586,9951,29635,06,099,2018
"Sutter County, California",96807,95650,46819,13561,6094,7467,26706,6831,19875,6552,1807,4745,48831,13282,5821,7461,27588,7900,19688,7961,2019,5942,06,101,2018
"Tulare County, California",465861,461439,231065,77573,48065,29508,130540,45105,85435,22952,5110,17842,230374,71801,41821,29980,130149,57581,72568,28424,7226,21198,06,107,2018
"Ventura County, California",850967,843490,415048,104769,43317,61452,251992,37110,214882,58287,6677,51610,428442,101426,40488,60938,254640,39865,214775,72376,11038,61338,06,111,2018
"Yolo County, California",220408,219248,106360,26178,10700,15478,68007,10261,57746,12175,1784,10391,112888,28155,10608,17547,70209,15720,54489,14524,3014,11510,06,113,2018
"Yuba County, California",78041,75693,37906,11719,5232,6487,21965,6275,15690,4222,415,3807,37787,10447,5016,5431,22217,7165,15052,5123,803,4320,06,115,2018
"Adams County, Colorado",511868,508603,256360,73251,29929,43322,159809,24032,135777,23300,2456,20844,252243,70089,28810,41279,153234,29027,124207,28920,3830,25090,08,001,2018
"Arapahoe County, Colorado",651215,645269,319033,82169,24037,58132,199635,26796,172839,37229,3349,33880,326236,77546,27020,50526,202367,31558,170809,46323,5804,40519,08,005,2018
"Boulder County, Colorado",326078,323907,162315,34911,7308,27603,106700,9042,97658,20704,1697,19007,161592,35112,6761,28351,102129,12481,89648,24351,1591,22760,08,013,2018
"Broomfield County, Colorado",69267,68972,34536,8235,1591,6644,22193,1248,20945,4108,233,3875,34436,8150,1661,6489,20945,1528,19417,5341,318,5023,08,014,2018
"Denver County, Colorado",716492,710084,355888,73583,34890,38693,245897,32056,213841,36408,5672,30736,354196,72697,34927,37770,235805,42529,193276,45694,8792,36902,08,031,2018
"Douglas County, Colorado",342776,341122,170311,49342,5448,43894,102523,5555,96968,18446,1187,17259,170811,45304,5247,40057,104263,5132,99131,21244,1059,20185,08,035,2018
"El Paso County, Colorado",713856,682559,334974,91717,29272,62445,202577,26232,176345,40680,3819,36861,347585,89204,26637,62567,208803,35205,173598,49578,5115,44463,08,041,2018
"Jefferson County, Colorado",580233,573781,284021,62178,15716,46462,179602,18692,160910,42241,3091,39150,289760,58023,14655,43368,180240,21704,158536,51497,4466,47031,08,059,2018
"Larimer County, Colorado",350518,347635,172413,37587,11199,26388,109987,11969,98018,24839,2516,22323,175222,38105,10152,27953,107993,13102,94891,29124,2485,26639,08,069,2018
"Mesa County, Colorado",153207,152265,74497,18120,8338,9782,43182,7536,35646,13195,1043,12152,77768,17560,6567,10993,44964,9258,35706,15244,1361,13883,08,077,2018
"Pueblo County, Colorado",167529,164346,79294,20133,11273,8860,45814,13215,32599,13347,2217,11130,85052,19527,11619,7908,48894,17329,31565,16631,2795,13836,08,101,2018
"Weld County, Colorado",314305,311698,156445,44840,16884,27956,93934,13312,80622,17671,1652,16019,155253,42405,16071,26334,92519,16190,76329,20329,3155,17174,08,123,2018
"Fairfield County, Connecticut",943823,936043,455003,114902,33380,81522,277092,32136,244956,63009,5302,57707,481040,111200,31339,79861,287488,45257,242231,82352,12052,70300,09,001,2018
"Hartford County, Connecticut",892697,881056,425855,101612,41542,60070,261493,43115,218378,62750,8342,54408,455201,98092,38119,59973,272198,57535,214663,84911,14367,70544,09,003,2018
"Litchfield County, Connecticut",181111,179743,89000,18233,6826,11407,53410,7697,45713,17357,2489,14868,90743,16662,5383,11279,54421,9835,44586,19660,2552,17108,09,005,2018
"Middlesex County, Connecticut",162682,160501,77230,15375,3771,11604,48020,4798,43222,13835,972,12863,83271,15416,4069,11347,50598,5869,44729,17257,2196,15061,09,007,2018
"New Haven County, Connecticut",857620,847128,406556,95374,40233,55141,249616,44530,205086,61566,7772,53794,440572,91448,39070,52378,267465,61908,205557,81659,11943,69716,09,009,2018
"New London County, Connecticut",266784,256016,125795,27670,9468,18202,76908,12351,64557,21217,2351,18866,130221,27044,9270,17774,77940,17174,60766,25237,3581,21656,09,011,2018
"Tolland County, Connecticut",150921,148218,72962,15691,2309,13382,46290,3591,42699,10981,1149,9832,75256,15115,3134,11981,47866,5279,42587,12275,1221,11054,09,013,2018
"Windham County, Connecticut",117027,115137,55645,11985,4362,7623,35253,6758,28495,8407,1254,7153,59492,13162,6616,6546,36602,9061,27541,9728,1902,7826,09,015,2018
"Kent County, Delaware",178550,175018,83047,21854,11485,10369,48155,10850,37305,13038,1097,11941,91971,22013,7816,14197,53962,14873,39089,15996,2299,13697,10,001,2018
"New Castle County, Delaware",559335,550819,264536,64181,19215,44966,163106,23353,139753,37249,3112,34137,286283,63018,19279,43739,175388,31373,144015,47877,5687,42190,10,003,2018
"Sussex County, Delaware",229286,226374,108836,21978,11327,10651,57386,9073,48313,29472,2682,26790,117538,22086,12466,9620,62197,14003,48194,33255,3545,29710,10,005,2018
"District of Columbia, District of Columbia",702455,692817,326328,70009,31696,38313,222407,39586,182821,33912,7884,26028,366489,67428,33416,34012,249513,58658,190855,49548,13455,36093,11,001,2018
"Alachua County, Florida",269956,267607,129665,28544,7143,21401,84766,5824,78942,16355,3033,13322,137942,27650,7696,19954,89656,6825,82831,20636,4495,16141,12,001,2018
"Bay County, Florida",185287,180374,88094,21584,8638,12946,52696,7803,44893,13814,2096,11718,92280,20627,8189,12438,55300,8459,46841,16353,2774,13579,12,005,2018
"Brevard County, Florida",596849,591234,285742,57983,18472,39511,163679,13055,150624,64080,6819,57261,305492,58098,19588,38510,172142,21532,150610,75252,8988,66264,12,009,2018
"Broward County, Florida",1951260,1939072,943848,222345,87316,135029,580344,41410,538934,141159,19153,122006,995224,213381,80992,132389,602939,51068,551871,178904,34570,144334,12,011,2018
"Charlotte County, Florida",184998,181635,87668,12951,6944,6007,39181,5025,34156,35536,2706,32830,93967,11228,6860,4368,44972,6723,38249,37767,3577,34190,12,015,2018
"Citrus County, Florida",147929,145839,70505,11519,6374,5145,33216,4812,28404,25770,2314,23456,75334,11506,6129,5377,36312,7267,29045,27516,3518,23998,12,017,2018
"Clay County, Florida",216072,214086,106408,28555,9513,19042,62260,6662,55598,15593,1688,13905,107678,24169,8266,15903,64835,8642,56193,18674,2806,15868,12,019,2018
"Collier County, Florida",378488,376691,184106,34677,15679,18998,91678,3617,88061,57751,4362,53389,192585,34788,16510,18278,93715,9501,84214,64082,3989,60093,12,021,2018
"Columbia County, Florida",70503,65845,31076,7633,4480,3153,18194,1693,16501,5249,1015,4234,34769,8511,4023,4488,19183,2809,16374,7075,1658,5417,12,023,2018
"Duval County, Florida",950181,930787,445572,114454,48086,66368,274939,26051,248888,56179,7317,48862,485215,110817,45721,65096,300368,43530,256838,74030,13950,60080,12,031,2018
"Escambia County, Florida",315534,302005,146255,36897,16087,20810,86757,7670,79087,22601,1964,20637,155750,32720,14474,18246,94542,13105,81437,28488,3643,24845,12,033,2018
"Flagler County, Florida",112067,111588,53277,10317,2146,8171,25916,2219,23697,17044,2552,14492,58311,10493,3378,7115,29753,3272,26481,18065,4007,14058,12,035,2018
"Hernando County, Florida",190865,188954,90709,18152,8294,9858,48475,10114,38361,24082,3552,20530,98245,18541,9356,9185,51753,9907,41846,27951,3751,24200,12,053,2018
"Highlands County, Florida",105424,104279,50155,9162,5846,3316,23482,5114,18368,17511,2919,14592,54124,10399,6341,4058,24654,4895,19759,19071,1536,17535,12,055,2018
"Hillsborough County, Florida",1436888,1426856,695918,176030,66932,109098,430148,35845,394303,89740,11690,78050,730938,166880,64418,102462,450479,54254,396225,113579,21655,91924,12,057,2018
"Indian River County, Florida",157413,156228,75835,14803,6806,7997,37498,4150,33348,23534,1926,21608,80393,12841,4301,8540,40158,5215,34943,27394,1745,25649,12,061,2018
"Lake County, Florida",356495,352927,168454,36428,14417,22011,89220,7833,81387,42806,4058,38748,184473,36760,16703,20057,96313,12639,83674,51400,4294,47106,12,069,2018
"Lee County, Florida",754610,750089,366760,72571,33173,39398,192765,15749,177016,101424,8144,93280,383329,67744,26832,40912,203469,23483,179986,112116,12505,99611,12,071,2018
"Leon County, Florida",292502,289507,137082,31045,8475,22570,89012,7192,81820,17025,2000,15025,152425,31490,8494,22996,99906,10964,88942,21029,2866,18163,12,073,2018
"Manatee County, Florida",394855,391599,188831,40109,13935,26174,99269,8086,91183,49453,3755,45698,202768,36298,12619,23679,109409,11670,97739,57061,5691,51370,12,081,2018
"Marion County, Florida",359977,350908,167314,34850,18319,16531,85175,10430,74745,47289,4193,43096,183594,35801,19371,16430,92387,15527,76860,55406,6525,48881,12,083,2018
"Martin County, Florida",160912,157630,77346,14920,5183,9737,39090,2523,36567,23336,2030,21306,80284,13533,5162,8371,40425,3339,37086,26326,2489,23837,12,085,2018
"Miami-Dade County, Florida",2761581,2738060,1322275,300066,156281,143785,838751,65661,773090,183458,59042,124416,1415785,290265,150270,139995,868037,100887,767150,257483,104915,152568,12,086,2018
"Monroe County, Florida",75027,73287,37131,6307,3249,3058,22053,1378,20675,8771,1003,7768,36156,6166,2435,3731,21942,1854,20088,8048,1205,6843,12,087,2018
"Nassau County, Florida",85832,84648,41723,9667,3388,6279,23092,2325,20767,8964,965,7999,42925,8268,2452,5816,25022,3596,21426,9635,1661,7974,12,089,2018
"Okaloosa County, Florida",207269,194407,93426,23859,9361,14498,54072,5063,49009,15495,989,14506,100981,24159,7926,16233,58617,7173,51444,18205,2359,15846,12,091,2018
"Orange County, Florida",1380645,1369371,669928,167032,67049,99983,431441,37907,393534,71455,9906,61549,699443,159863,68365,91498,449185,51991,397194,90395,18110,72285,12,095,2018
"Osceola County, Florida",367990,366596,178127,45965,24057,21908,110916,12699,98217,21246,3545,17701,188469,49554,24753,24801,112328,18442,93886,26587,8925,17662,12,097,2018
"Palm Beach County, Florida",1485941,1473240,709829,152132,59319,92813,402240,27853,374387,155457,15274,140183,763411,147176,56586,90590,420800,43381,377419,195435,24959,170476,12,099,2018
"Pasco County, Florida",539630,532897,256808,58677,24332,34345,143298,17622,125676,54833,7784,47049,276089,56531,25711,30820,154158,25606,128552,65400,10392,55008,12,101,2018
"Pinellas County, Florida",975280,963509,460253,84940,31246,53694,269928,25847,244081,105385,11057,94328,503256,81129,30584,50545,290887,32412,258475,131240,14605,116635,12,103,2018
"Polk County, Florida",708009,699842,340309,85327,39841,45486,190332,25385,164947,64650,10346,54304,359533,80357,37272,43085,201904,33501,168403,77272,13053,64219,12,105,2018
"Putnam County, Florida",74163,73177,35854,9122,5582,3540,18352,2370,15982,8380,545,7835,37323,8088,5004,3084,20511,4243,16268,8724,1261,7463,12,107,2018
"St. Johns County, Florida",254261,252799,123313,30371,4548,25823,68552,3939,64613,24390,2357,22033,129486,28972,3488,25484,73556,3902,69654,26958,2906,24052,12,109,2018
"St. Lucie County, Florida",321128,319117,154643,32725,15423,17302,86115,7434,78681,35803,4656,31147,164474,33673,14520,19153,90185,14524,75661,40616,6284,34332,12,111,2018
"Santa Rosa County, Florida",179349,171523,85012,21636,7902,13734,50143,4376,45767,13233,531,12702,86511,19298,6534,12764,52542,6497,46045,14671,1249,13422,12,113,2018
"Sarasota County, Florida",426718,422959,202214,33944,9224,24720,97184,7383,89801,71086,5131,65955,220745,30293,11271,19022,106983,9566,97417,83469,6534,76935,12,115,2018
"Seminole County, Florida",467832,464471,224186,52659,12228,40431,140393,8688,131705,31134,2366,28768,240285,51178,13830,37348,149023,12601,136422,40084,4987,35097,12,117,2018
"Sumter County, Florida",128754,119539,55556,4871,2811,2060,15951,1900,14051,34734,2058,32676,63983,5390,2922,2468,20888,1709,19179,37705,3323,34382,12,119,2018
"Volusia County, Florida",547538,542628,264174,53009,22138,30871,151433,17198,134235,59732,5237,54495,278454,50042,20097,29945,156795,21405,135390,71617,8273,63344,12,127,2018
"Walton County, Florida",71375,69742,33272,7554,2317,5237,18835,753,18082,6883,458,6425,36470,8117,2454,5663,20934,2288,18646,7419,534,6885,12,131,2018
"Barrow County, Georgia",80809,80685,39834,12037,5021,7016,23584,1283,22301,4213,283,3930,40851,10144,4449,5695,24799,2455,22344,5908,542,5366,13,013,2018
"Bartow County, Georgia",106408,105254,51217,13401,5600,7801,31468,1584,29884,6348,1541,4807,54037,13040,4145,8895,32905,3913,28992,8092,1120,6972,13,015,2018
"Bibb County, Georgia",153095,149536,70352,20747,11932,8815,39925,4856,35069,9680,2227,7453,79184,18734,10066,8668,47029,8618,38411,13421,2862,10559,13,021,2018
"Bulloch County, Georgia",77296,76484,37467,9261,4180,5081,24609,3097,21512,3597,92,3505,39017,9599,4448,5151,24629,2827,21802,4789,1103,3686,13,031,2018
"Carroll County, Georgia",118121,116740,57207,16192,7182,9010,33330,3786,29544,7685,992,6693,59533,14543,5622,8921,36166,3806,32360,8824,2032,6792,13,045,2018
"Catoosa County, Georgia",67420,66879,33091,8677,2843,5834,19346,542,18804,5068,435,4633,33788,6083,1779,4304,20918,2330,18588,6787,1005,5782,13,047,2018
"Chatham County, Georgia",289195,283041,134008,32851,12529,20322,82598,6590,76008,18559,2487,16072,149033,32079,12999,19080,92425,8993,83432,24529,3702,20827,13,051,2018
"Cherokee County, Georgia",254149,252943,124475,32822,6045,26777,75291,2553,72738,16362,1036,15326,128468,32542,5326,27216,76404,3885,72519,19522,1872,17650,13,057,2018
"Clarke County, Georgia",127330,126495,60621,14162,6794,7368,39770,2017,37753,6689,1090,5599,65874,13265,5859,7406,44658,4360,40298,7951,1992,5959,13,059,2018
"Clayton County, Georgia",289615,285786,132068,42868,22336,20532,78098,7754,70344,11102,1466,9636,153718,42554,25234,17320,95801,13533,82268,15363,3375,11988,13,063,2018
"Cobb County, Georgia",756865,751353,363504,95366,24841,70525,227822,9681,218141,40316,2763,37553,387849,93807,22495,71312,242857,11700,231157,51185,4362,46823,13,067,2018
"Columbia County, Georgia",154291,151765,73677,21410,6119,15291,42475,3573,38902,9792,1031,8761,78088,20389,4254,16135,46330,3950,42380,11369,825,10544,13,073,2018
"Coweta County, Georgia",145864,145242,72567,19932,5764,14168,43212,2272,40940,9423,1110,8313,72675,16560,4844,11716,44928,4857,40071,11187,1136,10051,13,077,2018
"DeKalb County, Georgia",756558,750967,354061,91990,40755,51235,224151,11018,213133,37920,5562,32358,396906,90311,40769,49542,252462,26450,226012,54133,9188,44945,13,089,2018
"Dougherty County, Georgia",91243,89440,40584,12222,8735,3487,22704,2649,20055,5658,991,4667,48856,11704,7681,4023,29218,5155,24063,7934,2413,5521,13,095,2018
"Douglas County, Georgia",145331,144274,68750,20651,8446,12205,40329,2480,37849,7770,239,7531,75524,19631,9084,10547,46510,6318,40192,9383,1722,7661,13,097,2018
"Fayette County, Georgia",113459,112728,54908,15304,2576,12728,30667,1381,29286,8937,672,8265,57820,13136,1250,11886,33529,2405,31124,11155,2137,9018,13,113,2018
"Floyd County, Georgia",97927,95984,44699,11972,6478,5494,26286,2415,23871,6441,408,6033,51285,12674,5671,7003,29155,3564,25591,9456,1355,8101,13,115,2018
"Forsyth County, Georgia",236612,236025,116936,35616,4846,30770,68934,1529,67405,12386,1256,11130,119089,32781,3048,29733,70522,1681,68841,15786,1324,14462,13,117,2018
"Fulton County, Georgia",1050114,1041199,501570,125215,40345,84870,325894,19794,306100,50461,7441,43020,539629,120002,43797,76205,349651,32364,317287,69976,12922,57054,13,121,2018
"Glynn County, Georgia",85219,84150,38266,8878,3976,4902,21929,2074,19855,7459,292,7167,45884,11252,5978,5274,25581,3413,22168,9051,887,8164,13,127,2018
"Gwinnett County, Georgia",927781,923716,449516,132233,48469,83764,277000,14925,262075,40283,3422,36861,474200,129632,44872,84760,292437,19249,273188,52131,6072,46059,13,135,2018
"Hall County, Georgia",202148,201269,99700,27629,11792,15837,58429,3790,54639,13642,2177,11465,101569,27110,9872,17238,58478,7002,51476,15981,2547,13434,13,139,2018
"Henry County, Georgia",230220,228945,108493,32052,7622,24430,64976,2061,62915,11465,675,10790,120452,29300,6858,22442,76541,5439,71102,14611,1479,13132,13,151,2018
"Houston County, Georgia",155469,151443,74257,20884,5745,15139,46036,3213,42823,7337,718,6619,77186,20422,5897,14525,46245,6820,39425,10519,1826,8693,13,153,2018
"Jackson County, Georgia",70422,69795,34322,9743,3309,6434,19882,1434,18448,4697,882,3815,35473,9364,3043,6321,20774,2000,18774,5335,891,4444,13,157,2018
"Lowndes County, Georgia",116321,111388,50926,14873,6186,8687,30238,2163,28075,5815,896,4919,60462,15436,4306,11130,36577,2743,33834,8449,1342,7107,13,185,2018
"Muscogee County, Georgia",194160,184964,86091,25215,10506,14709,50604,6337,44267,10272,2001,8271,98873,24967,9301,15666,58564,10194,48370,15342,3805,11537,13,215,2018
"Newton County, Georgia",109541,108457,51480,17139,9393,7746,28350,2285,26065,5991,677,5314,56977,14368,6342,8026,34431,5223,29208,8178,1315,6863,13,217,2018
"Paulding County, Georgia",164044,163212,79387,23724,5905,17819,48042,2667,45375,7621,510,7111,83825,22741,7768,14973,51970,3663,48307,9114,1288,7826,13,223,2018
"Richmond County, Georgia",201554,191535,87691,23208,11661,11547,53641,7488,46153,10842,1622,9220,103844,24370,12522,11848,63604,12005,51599,15870,3438,12432,13,245,2018
"Rockdale County, Georgia",90594,89756,42322,13075,4408,8667,23847,1404,22443,5400,684,4716,47434,11286,4359,6927,28971,2410,26561,7177,1171,6006,13,247,2018
"Spalding County, Georgia",66100,64812,30897,8620,4119,4501,17040,1642,15398,5237,430,4807,33915,7818,3572,4246,19513,3949,15564,6584,1482,5102,13,255,2018
"Troup County, Georgia",70034,68742,32018,8765,3031,5734,19262,1263,17999,3991,478,3513,36724,9332,3804,5528,21668,2837,18831,5724,1307,4417,13,285,2018
"Walker County, Georgia",69410,67886,33745,8458,3719,4739,19575,2012,17563,5712,846,4866,34141,7219,3210,4009,19880,2179,17701,7042,1221,5821,13,295,2018
"Walton County, Georgia",93503,92678,44543,12592,3319,9273,25557,1294,24263,6394,956,5438,48135,12501,4947,7554,28326,2323,26003,7308,844,6464,13,297,2018
"Whitfield County, Georgia",104062,103195,50981,15239,4995,10244,28989,1927,27062,6753,578,6175,52214,13943,5245,8698,30646,1583,29063,7625,1061,6564,13,313,2018
"Hawaii County, Hawaii",200983,199697,98070,22776,11862,10914,54687,10623,44064,20607,3116,17491,101627,23565,11057,12508,56244,14844,41400,21818,3356,18462,15,001,2018
"Honolulu County, Hawaii",980080,932332,452886,111743,32217,79526,265850,28358,237492,75293,9071,66222,479446,105627,29341,76286,278940,36023,242917,94879,11722,83157,15,003,2018
"Kauai County, Hawaii",72133,71458,35980,9399,4237,5162,19955,2618,17337,6626,332,6294,35478,7293,3486,3807,20388,3397,16991,7797,588,7209,15,007,2018
"Maui County, Hawaii",167218,164988,80879,18378,5156,13222,48302,6154,42148,14199,1223,12976,84109,20128,5337,14791,47944,6324,41620,16037,1487,14550,15,009,2018
"Ada County, Idaho",469966,461865,228583,61677,14643,47034,136943,8116,128827,29963,3388,26575,233282,56856,13274,43582,140067,9094,130973,36359,5549,30810,16,001,2018
"Bannock County, Idaho",87138,86127,43119,11823,3739,8084,25474,2622,22852,5822,450,5372,43008,12114,4038,8076,24562,2841,21721,6332,846,5486,16,005,2018
"Bonneville County, Idaho",116854,116055,58288,19457,7012,12445,32080,2948,29132,6751,1389,5362,57767,18112,5402,12710,31573,3466,28107,8082,968,7114,16,019,2018
"Canyon County, Idaho",223499,222079,110057,33085,17818,15267,62765,6616,56149,14207,1713,12494,112022,32346,16021,16325,62429,7140,55289,17247,1943,15304,16,027,2018
"Kootenai County, Idaho",161505,160376,78603,18987,5796,13191,45571,3774,41797,14045,816,13229,81773,19393,7437,11956,46521,3497,43024,15859,1857,14002,16,055,2018
"Twin Falls County, Idaho",86081,85297,43032,13033,4354,8679,24392,1658,22734,5607,614,4993,42265,11906,3774,8132,23281,2263,21018,7078,955,6123,16,083,2018
"Adams County, Illinois",65691,64486,32271,8366,3004,5362,18147,3200,14947,5758,743,5015,32215,7268,3024,4244,18263,3257,15006,6684,1122,5562,17,001,2018
"Champaign County, Illinois",209983,208255,104219,24472,9130,15342,68179,7579,60600,11568,376,11192,104036,23186,7153,16033,66958,10545,56413,13892,1402,12490,17,019,2018
"Cook County, Illinois",5180493,5132750,2488660,606020,259575,346445,1570766,203521,1367245,311874,41350,270524,2644090,585737,249584,336153,1634439,300295,1334144,423914,67762,356152,17,031,2018
"DeKalb County, Illinois",104143,103457,50505,12197,4150,8047,32938,2476,30462,5370,399,4971,52952,12902,3522,9380,32659,5287,27372,7391,382,7009,17,037,2018
"DuPage County, Illinois",928589,922768,454288,114769,25055,89714,277328,16301,261027,62191,3922,58269,468480,108748,23717,85031,282498,22927,259571,77234,6900,70334,17,043,2018
"Kane County, Illinois",534216,531116,264867,74844,22796,52048,157491,10516,146975,32532,1585,30947,266249,69564,25236,44328,157691,19470,138221,38994,3013,35981,17,089,2018
"Kankakee County, Illinois",110024,108094,53393,13968,4935,9033,31547,4527,27020,7878,942,6936,54701,12722,5588,7134,32313,7850,24463,9666,1519,8147,17,091,2018
"Kendall County, Illinois",127915,127499,62159,18484,2108,16376,37542,2810,34732,6133,23,6110,65340,20150,3115,17035,37993,2955,35038,7197,383,6814,17,093,2018
"Lake County, Illinois",700832,683953,338332,92602,23124,69478,201479,12853,188626,44251,2223,42028,345621,87296,23256,64040,205723,19225,186498,52602,4748,47854,17,097,2018
"LaSalle County, Illinois",109430,106352,52575,12620,5112,7508,31269,5711,25558,8686,277,8409,53777,11892,4845,7047,30819,6944,23875,11066,726,10340,17,099,2018
"McHenry County, Illinois",308570,307124,152954,39596,7924,31672,93506,4254,89252,19852,594,19258,154170,36563,8307,28256,93412,7209,86203,24195,1680,22515,17,111,2018
"McLean County, Illinois",172828,171785,83856,20836,4810,16026,53144,3643,49501,9876,307,9569,87929,19734,5034,14700,56100,6084,50016,12095,912,11183,17,113,2018
"Macon County, Illinois",104712,102467,49321,12522,6048,6474,27691,4156,23535,9108,937,8171,53146,12016,6350,5666,30058,7119,22939,11072,1594,9478,17,115,2018
"Madison County, Illinois",264461,262001,128087,31944,9046,22898,76815,10956,65859,19328,1042,18286,133914,29346,10041,19305,79481,15169,64312,25087,3250,21837,17,119,2018
"Peoria County, Illinois",180621,178507,86375,22468,7505,14963,51606,7071,44535,12301,440,11861,92132,22086,8470,13616,53422,11230,42192,16624,1315,15309,17,143,2018
"Rock Island County, Illinois",143477,140806,67490,16547,7719,8828,39372,4092,35280,11571,941,10630,73316,17484,8375,9109,41452,9851,31601,14380,1428,12952,17,161,2018
"St. Clair County, Illinois",261059,255415,122739,32760,13406,19354,72936,13477,59459,17043,2143,14900,132676,30236,12142,18094,79704,16455,63249,22736,3216,19520,17,163,2018
"Sangamon County, Illinois",195348,193444,93820,24047,9632,14415,55030,8084,46946,14743,1532,13211,99624,21992,9775,12217,58255,13374,44881,19377,1680,17697,17,167,2018
"Tazewell County, Illinois",132328,130001,63725,15917,5392,10525,36851,5600,31251,10957,654,10303,66276,14989,5258,9731,38039,6853,31186,13248,1415,11833,17,179,2018
"Vermilion County, Illinois",76806,74166,36092,9399,5272,4127,19939,3279,16660,6754,1240,5514,38074,9610,4315,5295,20540,6034,14506,7924,460,7464,17,183,2018
"Will County, Illinois",692310,685260,338629,92924,21566,71358,206254,16081,190173,39451,3370,36081,346631,89272,23975,65297,208277,26525,181752,49082,4508,44574,17,197,2018
"Williamson County, Illinois",67056,65092,32184,8143,3392,4751,18584,3377,15207,5457,494,4963,32908,7544,3012,4532,18628,4483,14145,6736,650,6086,17,199,2018
"Winnebago County, Illinois",284081,280910,137241,35221,17542,17679,80728,13474,67254,21292,1925,19367,143669,33583,16022,17561,83488,19491,63997,26598,3231,23367,17,201,2018
"Allen County, Indiana",375351,371835,181814,51953,20623,31330,106269,12534,93735,23592,2157,21435,190021,48425,16398,32027,112243,17663,94580,29353,3408,25945,18,003,2018
"Bartholomew County, Indiana",82753,81784,40714,9824,2530,7294,25104,2303,22801,5786,316,5470,41070,10638,2951,7687,23219,3463,19756,7213,482,6731,18,005,2018
"Boone County, Indiana",66999,66009,32632,9424,693,8731,19405,1997,17408,3803,75,3728,33377,8965,2014,6951,19783,1125,18658,4629,267,4362,18,011,2018
"Clark County, Indiana",117360,116296,56316,14228,4435,9793,34371,2559,31812,7717,524,7193,59980,13479,5135,8344,35909,4040,31869,10592,1120,9472,18,019,2018
"Delaware County, Indiana",114772,113288,54765,12485,6492,5993,34360,3728,30632,7920,502,7418,58523,11129,4787,6342,36530,7591,28939,10864,1182,9682,18,035,2018
"Elkhart County, Indiana",205560,202850,99302,29573,12268,17305,57721,6341,51380,12008,674,11334,103548,29372,12644,16728,57453,9461,47992,16723,1535,15188,18,039,2018
"Floyd County, Indiana",77781,76590,37034,9208,2796,6412,22924,1232,21692,4902,454,4448,39556,9562,2779,6783,23208,3201,20007,6786,862,5924,18,043,2018
"Grant County, Indiana",65936,65049,30728,6960,3815,3145,18269,3478,14791,5499,689,4810,34321,7643,3748,3895,19988,4727,15261,6690,1092,5598,18,053,2018
"Hamilton County, Indiana",330086,328463,160093,48238,5148,43090,94064,3822,90242,17791,577,17214,168370,46167,5696,40471,99347,5291,94056,22856,1014,21842,18,057,2018
"Hancock County, Indiana",76351,75768,37154,8991,1941,7050,21982,1963,20019,6181,595,5586,38614,9560,1824,7736,22644,1811,20833,6410,774,5636,18,059,2018
"Hendricks County, Indiana",167009,164922,81786,23075,3746,19329,49117,2270,46847,9594,446,9148,83136,20602,3789,16813,49756,4084,45672,12778,899,11879,18,063,2018
"Howard County, Indiana",82366,81200,38934,10100,3594,6506,22075,3096,18979,6759,134,6625,42266,9553,2973,6580,23973,3663,20310,8740,838,7902,18,067,2018
"Johnson County, Indiana",156225,154296,75137,21080,4403,16677,44332,2527,41805,9725,1184,8541,79159,20148,5115,15033,46843,4370,42473,12168,1593,10575,18,081,2018
"Kosciusko County, Indiana",79344,78496,39257,10841,3692,7149,22442,1431,21011,5974,173,5801,39239,9232,3571,5661,23313,2591,20722,6694,582,6112,18,085,2018
"Lake County, Indiana",484411,480862,233114,60840,25097,35743,138516,18186,120330,33758,4190,29568,247748,58165,24079,34086,145481,27849,117632,44102,4957,39145,18,089,2018
"LaPorte County, Indiana",110007,102448,50693,13446,6190,7256,28676,4078,24598,8571,597,7974,51755,10779,4857,5922,30144,5535,24609,10832,732,10100,18,091,2018
"Madison County, Indiana",129641,124910,59954,14600,6740,7860,35506,6648,28858,9848,652,9196,64956,15321,7679,7642,36708,7364,29344,12927,1546,11381,18,095,2018
"Marion County, Indiana",954670,944698,453163,125268,56571,68697,278908,32989,245919,48987,5348,43639,491535,121560,53914,67646,302702,56516,246186,67273,9876,57397,18,097,2018
"Monroe County, Indiana",146917,145796,71412,14428,3103,11325,49034,4673,44361,7950,848,7102,74384,14409,3291,11118,49488,5974,43514,10487,681,9806,18,105,2018
"Morgan County, Indiana",70116,69140,34544,8938,2265,6673,20327,2327,18000,5279,396,4883,34596,7833,2006,5827,20754,2517,18237,6009,511,5498,18,109,2018
"Porter County, Indiana",169594,167859,83057,21025,5424,15601,49996,3118,46878,12036,419,11617,84802,18256,4623,13633,52250,6890,45360,14296,882,13414,18,127,2018
"St. Joseph County, Indiana",270771,268331,130332,34172,11618,22554,77459,7311,70148,18701,1953,16748,137999,33599,11562,22037,81098,10984,70114,23302,3228,20074,18,141,2018
"Tippecanoe County, Indiana",193048,191248,97991,24013,6933,17080,64373,4422,59951,9605,541,9064,93257,21383,6265,15118,59966,8109,51857,11908,971,10937,18,157,2018
"Vanderburgh County, Indiana",180974,178463,87323,22552,9481,13071,52170,7474,44696,12601,1458,11143,91140,19079,6598,12481,55950,8938,47012,16111,1689,14422,18,163,2018
"Vigo County, Indiana",107386,103518,51187,12441,5599,6842,32083,4301,27782,6663,634,6029,52331,10763,4082,6681,31951,7039,24912,9617,1330,8287,18,167,2018
"Wayne County, Indiana",65936,64470,30474,7869,4290,3579,17728,2301,15427,4877,638,4239,33996,7475,4004,3471,19617,4684,14933,6904,733,6171,18,177,2018
"Black Hawk County, Iowa",132408,130893,64018,15595,7762,7833,39070,6396,32674,9353,983,8370,66875,15557,7647,7910,40011,8516,31495,11307,1426,9881,19,013,2018
"Dallas County, Iowa",90180,89756,44028,13790,3589,10201,25758,1533,24225,4480,447,4033,45728,13016,3215,9801,26826,2127,24699,5886,438,5448,19,049,2018
"Dubuque County, Iowa",96854,95638,47260,11587,2962,8625,28365,2710,25655,7308,446,6862,48378,12141,3716,8425,26663,4549,22114,9574,889,8685,19,061,2018
"Johnson County, Iowa",151260,149599,74406,18366,5508,12858,48584,3450,45134,7456,584,6872,75193,15297,4042,11255,50237,5108,45129,9659,547,9112,19,103,2018
"Linn County, Iowa",225909,224039,110225,29047,9354,19693,65383,8096,57287,15795,1308,14487,113814,26719,8619,18100,67079,10334,56745,20016,2100,17916,19,113,2018
"Polk County, Iowa",487204,482231,238160,65208,23295,41913,146088,18952,127136,26864,2158,24706,244071,62880,20851,42029,146888,24804,122084,34303,3379,30924,19,153,2018
"Pottawattamie County, Iowa",93533,92587,45207,11759,4605,7154,26438,3929,22509,7010,506,6504,47380,11174,4422,6752,27113,5464,21649,9093,918,8175,19,155,2018
"Scott County, Iowa",173283,171758,84268,21862,7500,14362,50690,6417,44273,11716,922,10794,87490,21222,7621,13601,51255,9842,41413,15013,2084,12929,19,163,2018
"Story County, Iowa",98105,97517,49855,9759,2638,7121,35019,1904,33115,5077,538,4539,47662,9512,1756,7756,31986,3218,28768,6164,258,5906,19,169,2018
"Woodbury County, Iowa",102539,101594,50545,14606,8177,6429,29419,4243,25176,6520,702,5818,51049,13466,7449,6017,28721,6542,22179,8862,948,7914,19,193,2018
"Butler County, Kansas",66765,64144,31565,8883,2241,6642,18152,957,17195,4530,377,4153,32579,8770,1818,6952,18641,933,17708,5168,464,4704,20,015,2018
"Douglas County, Kansas",121436,120668,59318,11531,2655,8876,40953,2360,38593,6834,560,6274,61350,13256,3908,9348,39998,3361,36637,8096,514,7582,20,045,2018
"Johnson County, Kansas",597555,593482,292089,79781,10712,69069,174640,4976,169664,37668,1580,36088,301393,73785,10614,63171,181330,7032,174298,46278,2578,43700,20,091,2018
"Leavenworth County, Kansas",81352,74731,36972,10501,1878,8623,21556,2317,19239,4915,258,4657,37759,10370,2803,7567,20690,2829,17861,6699,312,6387,20,103,2018
"Riley County, Kansas",73703,67725,33195,6910,1964,4946,23135,1355,21780,3150,57,3093,34530,7135,2194,4941,23863,1867,21996,3532,315,3217,20,161,2018
"Sedgwick County, Kansas",513607,507961,250499,70606,26420,44186,147074,11271,135803,32819,4357,28462,257462,67087,23616,43471,150644,19736,130908,39731,5147,34584,20,173,2018
"Shawnee County, Kansas",177499,173980,84199,22546,7227,15319,47852,5103,42749,13801,1973,11828,89781,21339,5902,15437,50745,6127,44618,17697,1901,15796,20,177,2018
"Wyandotte County, Kansas",165324,164119,80999,24150,13295,10855,48382,5297,43085,8467,864,7603,83120,23627,14027,9600,48014,8637,39377,11479,1506,9973,20,209,2018
"Boone County, Kentucky",131533,130642,65382,19208,4685,14523,38450,1977,36473,7724,427,7297,65260,16165,3931,12234,39743,3976,35767,9352,580,8772,21,015,2018
"Bullitt County, Kentucky",81069,80567,40204,9528,3305,6223,24427,4036,20391,6249,866,5383,40363,8587,3632,4955,25004,5831,19173,6772,615,6157,21,029,2018
"Campbell County, Kentucky",93152,91550,43962,10382,3127,7255,27117,3272,23845,6463,267,6196,47588,10464,2729,7735,29179,4545,24634,7945,1419,6526,21,037,2018
"Christian County, Kentucky",71671,62771,28870,9595,4696,4899,15710,2488,13222,3565,464,3101,33901,10499,3341,7158,18653,4729,13924,4749,520,4229,21,047,2018
"Daviess County, Kentucky",101104,99333,48248,13284,6676,6608,27942,5184,22758,7022,718,6304,51085,12791,4471,8320,28771,8180,20591,9523,1943,7580,21,059,2018
"Fayette County, Kentucky",323780,319408,154844,36672,14356,22316,100368,12340,88028,17804,871,16933,164564,35235,11811,23424,105170,18479,86691,24159,2635,21524,21,067,2018
"Hardin County, Kentucky",110356,106527,52586,15642,6978,8664,30232,7250,22982,6712,1510,5202,53941,13505,5172,8333,31639,7795,23844,8797,2491,6306,21,093,2018
"Jefferson County, Kentucky",770517,762119,367629,91789,40974,50815,224199,36746,187453,51641,5371,46270,394490,87914,37783,50131,237389,50361,187028,69187,7884,61303,21,111,2018
"Kenton County, Kentucky",166051,164685,81007,21457,7839,13618,49326,6259,43067,10224,955,9269,83678,20130,6881,13249,50317,8186,42131,13231,1064,12167,21,117,2018
"McCracken County, Kentucky",65346,64117,30282,7474,4161,3313,17604,4510,13094,5204,470,4734,33835,7247,3702,3545,18852,5006,13846,7736,724,7012,21,145,2018
"Madison County, Kentucky",92368,91497,44710,10546,4263,6283,28601,5575,23026,5563,791,4772,46787,9985,3014,6971,30034,6426,23608,6768,446,6322,21,151,2018
"Oldham County, Kentucky",66470,63159,31671,8804,1843,6961,18946,2492,16454,3921,454,3467,31488,9215,1971,7244,17880,2300,15580,4393,1013,3380,21,185,2018
"Warren County, Kentucky",131264,129919,63805,16635,6653,9982,39597,6848,32749,7573,855,6718,66114,16501,7228,9273,40443,9071,31372,9170,745,8425,21,227,2018
"Ascension Parish, Louisiana",124672,123860,60500,18169,6456,11713,36291,3759,32532,6040,691,5349,63360,17018,6659,10359,38387,5857,32530,7955,1614,6341,22,005,2018
"Bossier Parish, Louisiana",127185,123225,58990,15922,5493,10429,35607,3938,31669,7461,1449,6012,64235,16437,5506,10931,38231,7407,30824,9567,1445,8122,22,015,2018
"Caddo Parish, Louisiana",242922,238981,112594,30657,18786,11871,65242,13815,51427,16695,1958,14737,126387,29428,17779,11649,74208,23585,50623,22751,4455,18296,22,017,2018
"Calcasieu Parish, Louisiana",203112,201164,96938,26416,13786,12630,57406,9716,47690,13116,1584,11532,104226,25891,13698,12193,61749,14312,47437,16586,2281,14305,22,019,2018
"East Baton Rouge Parish, Louisiana",440956,437882,209079,52978,26519,26459,130156,20181,109975,25945,4883,21062,228803,54121,28308,25813,139155,29679,109476,35527,6261,29266,22,033,2018
"Iberia Parish, Louisiana",70941,70216,33536,9710,6470,3240,19300,4619,14681,4526,181,4345,36680,9748,6612,3136,21316,7341,13975,5616,1112,4504,22,045,2018
"Jefferson Parish, Louisiana",434051,430641,208138,51097,30480,20617,125191,22737,102454,31850,3446,28404,222503,48865,29778,19087,132797,34283,98514,40841,6123,34718,22,051,2018
"Lafayette Parish, Louisiana",242782,240764,116576,31304,12646,18658,71852,10871,60981,13420,1345,12075,124188,29947,10354,19593,76712,17770,58942,17529,1762,15767,22,055,2018
"Lafourche Parish, Louisiana",98115,97365,46736,11466,4720,6746,28836,6298,22538,6434,1273,5161,50629,13032,5704,7328,28870,6919,21951,8727,2275,6452,22,057,2018
"Livingston Parish, Louisiana",139567,138485,67861,18945,7616,11329,40556,4161,36395,8360,347,8013,70624,17641,7841,9800,42732,8957,33775,10251,954,9297,22,063,2018
"Orleans Parish, Louisiana",391006,381889,177559,41313,23999,17314,112367,25839,86528,23879,4920,18959,204330,40515,26691,13824,131448,38577,92871,32367,7095,25272,22,071,2018
"Ouachita Parish, Louisiana",154475,149145,69593,21226,12015,9211,39303,6375,32928,9064,1726,7338,79552,19630,10991,8639,46927,13014,33913,12995,2629,10366,22,073,2018
"Rapides Parish, Louisiana",130562,127574,61779,17631,9717,7914,35442,8414,27028,8706,892,7814,65795,15886,9590,6296,38389,10393,27996,11520,1704,9816,22,079,2018
"St. Landry Parish, Louisiana",82764,81729,39824,12992,7893,5099,21179,4394,16785,5653,670,4983,41905,11016,6203,4813,24003,6709,17294,6886,1166,5720,22,097,2018
"St. Tammany Parish, Louisiana",258111,255246,124269,34380,13251,21129,70256,8935,61321,19633,1816,17817,130977,31845,11502,20343,75687,14637,61050,23445,2236,21209,22,103,2018
"Tangipahoa Parish, Louisiana",133777,133092,64901,17729,8953,8776,38899,9018,29881,8273,375,7898,68191,16807,10389,6418,41132,11188,29944,10252,1192,9060,22,105,2018
"Terrebonne Parish, Louisiana",111021,109873,52645,15316,6768,8548,30281,6405,23876,7048,620,6428,57228,14316,5866,8450,33736,10847,22889,9176,2123,7053,22,109,2018
"Androscoggin County, Maine",107679,106462,52529,12695,4654,8041,31619,3782,27837,8215,1558,6657,53933,11254,3891,7363,32534,5931,26603,10145,2841,7304,23,001,2018
"Aroostook County, Maine",67111,65983,32443,6608,2757,3851,18635,3684,14951,7200,1931,5269,33540,6842,3610,3232,18578,3758,14820,8120,2161,5959,23,003,2018
"Cumberland County, Maine",293557,290537,140711,30012,6766,23246,87920,7056,80864,22779,2082,20697,149826,27753,5436,22317,92467,8695,83772,29606,3451,26155,23,005,2018
"Kennebec County, Maine",122083,120551,58327,12202,4189,8013,35698,4711,30987,10427,2139,8288,62224,12216,3059,9157,36679,5837,30842,13329,2314,11015,23,011,2018
"Penobscot County, Maine",151096,149592,74224,15536,6230,9306,46463,8675,37788,12225,1987,10238,75368,14546,4595,9951,46270,9195,37075,14552,3208,11344,23,019,2018
"York County, Maine",206229,204246,99074,20771,4962,15809,59896,5862,54034,18407,1982,16425,105172,19940,3878,16062,62070,7177,54893,23162,3821,19341,23,031,2018
"Allegany County, Maryland",70975,65038,32480,7593,4263,3330,19108,4409,14699,5779,767,5012,32558,6695,3414,3281,18383,6525,11858,7480,1380,6100,24,001,2018
"Anne Arundel County, Maryland",576031,550863,266528,68304,16358,51946,161185,15957,145228,37039,2677,34362,284335,64756,15884,48872,173384,19354,154030,46195,4496,41699,24,003,2018
"Baltimore County, Maryland",828431,820471,388606,97343,32360,64983,232501,29632,202869,58762,7692,51070,431865,93847,30857,62990,258885,44482,214403,79133,9997,69136,24,005,2018
"Calvert County, Maryland",92003,90207,44723,12055,2065,9990,26503,2502,24001,6165,390,5775,45484,10020,2188,7832,28305,3307,24998,7159,626,6533,24,009,2018
"Carroll County, Maryland",168429,166501,82346,20457,4466,15991,49809,5310,44499,12080,981,11099,84155,18773,3840,14933,50799,6340,44459,14583,1810,12773,24,013,2018
"Cecil County, Maryland",102826,101868,50169,12127,5206,6921,30510,6117,24393,7532,306,7226,51699,12061,5056,7005,31258,6640,24618,8380,653,7727,24,015,2018
"Charles County, Maryland",161503,157566,74798,20622,5448,15174,45498,4670,40828,8678,1205,7473,82768,19832,5739,14093,51947,7264,44683,10989,1543,9446,24,017,2018
"Frederick County, Maryland",255648,253184,124958,32273,8789,23484,76673,6905,69768,16012,619,15393,128226,30702,7108,23594,77483,9107,68376,20041,1621,18420,24,021,2018
"Harford County, Maryland",253956,251759,122650,30832,7767,23065,73883,8002,65881,17935,2050,15885,129109,28070,5675,22395,77591,9807,67784,23448,3853,19595,24,025,2018
"Howard County, Maryland",323196,319284,155198,42962,8278,34684,92512,6068,86444,19724,1866,17858,164086,40683,7615,33068,98877,9164,89713,24526,3046,21480,24,027,2018
"Montgomery County, Maryland",1052567,1044055,504266,131432,37912,93520,303574,28819,274755,69260,7344,61916,539789,126264,35803,90461,323085,36682,286403,90440,14059,76381,24,031,2018
"Prince George's County, Maryland",909308,902794,433598,109684,45977,63707,274477,29470,245007,49437,7090,42347,469196,106954,44372,62582,293544,43188,250356,68698,8450,60248,24,033,2018
"St. Mary's County, Maryland",112664,109623,53130,14146,3170,10976,32625,2281,30344,6359,788,5571,56493,14935,2247,12688,33557,4366,29191,8001,428,7573,24,037,2018
"Washington County, Maryland",150926,142361,70017,18705,9480,9225,40226,5159,35067,11086,1120,9966,72344,15536,6641,8895,42455,10317,32138,14353,1797,12556,24,043,2018
"Wicomico County, Maryland",103195,101864,47718,12971,8037,4934,27981,7162,20819,6766,990,5776,54146,12170,6398,5772,32833,9164,23669,9143,1371,7772,24,045,2018
"Baltimore city, Maryland",602495,594492,276910,65920,37589,28331,178148,41078,137070,32842,6993,25849,317582,64904,36612,28292,203911,57985,145926,48767,10801,37966,24,510,2018
"Barnstable County, Massachusetts",213413,211567,100464,17447,6955,10492,54829,12769,42060,28188,1836,26352,111103,16907,7543,9364,58315,13385,44930,35881,4261,31620,25,001,2018
"Berkshire County, Massachusetts",126348,124206,60150,11928,5579,6349,35897,7537,28360,12325,1604,10721,64056,10952,4164,6788,37149,9374,27775,15955,2340,13615,25,003,2018
"Bristol County, Massachusetts",564022,558458,270598,63053,29899,33154,167917,39454,128463,39628,6132,33496,287860,60517,27062,33455,175143,51548,123595,52200,11004,41196,25,005,2018
"Essex County, Massachusetts",790638,783942,378357,92618,37507,55111,228871,50429,178442,56868,9109,47759,405585,87908,34633,53275,243782,63010,180772,73895,14364,59531,25,009,2018
"Franklin County, Massachusetts",70963,70178,33914,6778,2562,4216,20209,4928,15281,6927,1097,5830,36264,6684,2957,3727,21477,5521,15956,8103,1574,6529,25,011,2018
"Hampden County, Massachusetts",470406,465321,224884,55877,32148,23729,135790,40020,95770,33217,6352,26865,240437,52588,27260,25328,145121,54014,91107,42728,9666,33062,25,013,2018
"Hampshire County, Massachusetts",161355,160119,74163,14589,3465,11124,47878,7616,40262,11696,1113,10583,85956,14251,3327,10924,55977,9212,46765,15728,1798,13930,25,015,2018
"Middlesex County, Massachusetts",1614714,1600272,781429,175566,45267,130299,501732,66974,434758,104131,13037,91094,818843,167926,38182,129744,515427,83809,431618,135490,20024,115466,25,017,2018
"Norfolk County, Massachusetts",705388,696638,333204,78538,15350,63188,205246,26112,179134,49420,6729,42691,363434,78810,12247,66563,218899,30181,188718,65725,10046,55679,25,021,2018
"Plymouth County, Massachusetts",518132,510387,247347,60015,14074,45941,147254,22518,124736,40078,5259,34819,263040,57643,14500,43143,154999,28876,126123,50398,8237,42161,25,023,2018
"Suffolk County, Massachusetts",807252,801349,386820,73802,37693,36109,272845,60855,211990,40173,11693,28480,414529,73268,38087,35181,287091,77186,209905,54170,17071,37099,25,025,2018
"Worcester County, Massachusetts",830839,819771,402168,94835,30027,64808,251530,48991,202539,55803,9549,46254,417603,91206,30552,60654,257294,60565,196729,69103,12017,57086,25,027,2018
"Allegan County, Michigan",117327,116315,57666,15250,4407,10843,33583,3913,29670,8833,619,8214,58649,14771,3902,10869,33608,5550,28058,10270,905,9365,26,005,2018
"Bay County, Michigan",103923,103049,50941,11657,4798,6859,30014,5322,24692,9270,608,8662,52108,11351,4936,6415,29822,7925,21897,10935,676,10259,26,017,2018
"Berrien County, Michigan",154141,153191,74838,18444,7944,10500,43074,6144,36930,13320,1022,12298,78353,17845,7218,10627,43936,10107,33829,16572,1677,14895,26,021,2018
"Calhoun County, Michigan",134487,132862,65372,16826,7647,9179,37809,7595,30214,10737,1226,9511,67490,15522,6247,9275,39498,8898,30600,12470,1896,10574,26,025,2018
"Clinton County, Michigan",79332,78748,38700,9320,1928,7392,23161,2583,20578,6219,320,5899,40048,8822,2141,6681,23966,3467,20499,7260,597,6663,26,037,2018
"Eaton County, Michigan",109826,108913,53926,12388,4110,8278,32293,4854,27439,9245,951,8294,54987,11042,3334,7708,33253,5504,27749,10692,1181,9511,26,045,2018
"Genesee County, Michigan",406892,404792,194593,49456,25496,23960,114579,27155,87424,30558,3003,27555,210199,47381,22467,24914,123214,41571,81643,39604,5654,33950,26,049,2018
"Grand Traverse County, Michigan",92573,91483,45352,10553,4091,6462,26543,3469,23074,8256,954,7302,46131,9305,2365,6940,27111,3973,23138,9715,856,8859,26,055,2018
"Ingham County, Michigan",292735,290950,141369,33302,13448,19854,90658,12870,77788,17409,2665,14744,149581,33430,12396,21034,94333,20640,73693,21818,2260,19558,26,065,2018
"Isabella County, Michigan",70562,70023,34067,7125,2374,4751,23031,3187,19844,3911,591,3320,35956,7665,2366,5299,23365,4196,19169,4926,636,4290,26,073,2018
"Jackson County, Michigan",158823,151133,74113,18230,7794,10436,43140,7787,35353,12743,1167,11576,77020,18032,8409,9623,44083,11903,32180,14905,1451,13454,26,075,2018
"Kalamazoo County, Michigan",264870,262682,129502,31854,11172,20682,80566,12177,68389,17082,1701,15381,133180,28776,9847,18929,82402,15386,67016,22002,2139,19863,26,077,2018
"Kent County, Michigan",653786,649282,318943,85462,29307,56155,195369,24081,171288,38112,4701,33411,330339,81201,30893,50308,199917,34284,165633,49221,4639,44582,26,081,2018
"Lapeer County, Michigan",88028,86491,43401,9703,3434,6269,26318,2722,23596,7380,418,6962,43090,9143,2686,6457,25792,4415,21377,8155,1104,7051,26,087,2018
"Lenawee County, Michigan",98266,95104,46820,11293,3908,7385,27635,4290,23345,7892,591,7301,48284,10603,4381,6222,28030,6824,21206,9651,879,8772,26,091,2018
"Livingston County, Michigan",191224,190031,95027,22682,4960,17722,57101,5095,52006,15244,896,14348,95004,21002,3512,17490,56523,6316,50207,17479,800,16679,26,093,2018
"Macomb County, Michigan",874759,868267,422038,97952,32838,65114,260172,38027,222145,63914,9274,54640,446229,94794,35025,59769,269659,53124,216535,81776,11155,70621,26,099,2018
"Marquette County, Michigan",66516,65038,32222,6744,2576,4168,19408,2763,16645,6070,672,5398,32816,6932,1862,5070,19593,3933,15660,6291,518,5773,26,103,2018
"Midland County, Michigan",83209,82646,40272,9719,3789,5930,24008,5396,18612,6545,474,6071,42374,9613,3552,6061,24073,5432,18641,8688,622,8066,26,111,2018
"Monroe County, Michigan",150439,149633,74057,17437,5128,12309,44444,5476,38968,12176,1113,11063,75576,16552,5237,11315,44179,7215,36964,14845,1506,13339,26,115,2018
"Muskegon County, Michigan",173588,168411,82688,21944,10762,11182,47978,9555,38423,12766,1582,11184,85723,20358,9324,11034,49677,13162,36515,15688,2049,13639,26,121,2018
"Oakland County, Michigan",1259201,1252620,613665,141184,26087,115097,380792,37028,343764,91689,7939,83750,638955,135852,25649,110203,386713,45631,341082,116390,12544,103846,26,125,2018
"Ottawa County, Michigan",290494,289215,143135,37533,5919,31614,85997,5572,80425,19605,1740,17865,146080,37642,7450,30192,85427,7787,77640,23011,2293,20718,26,139,2018
"Saginaw County, Michigan",190800,187529,91036,22371,9780,12591,52838,14158,38680,15827,1526,14301,96493,20836,11021,9815,55774,16165,39609,19883,2774,17109,26,145,2018
"St. Clair County, Michigan",159337,158036,78911,18135,8233,9902,47145,7823,39322,13631,1632,11999,79125,16789,7792,8997,46620,11758,34862,15716,2536,13180,26,147,2018
"Shiawassee County, Michigan",68192,67778,33427,8059,3661,4398,19709,2790,16919,5659,691,4968,34351,7664,2604,5060,20031,4707,15324,6656,1242,5414,26,155,2018
"Van Buren County, Michigan",75448,74802,37655,9796,4498,5298,21421,3815,17606,6438,643,5795,37147,8588,4012,4576,21251,4687,16564,7308,1067,6241,26,159,2018
"Washtenaw County, Michigan",370963,367336,182401,39893,9489,30404,119589,12969,106620,22919,2098,20821,184935,38783,8665,30118,118365,13957,104408,27787,3452,24335,26,161,2018
"Wayne County, Michigan",1753893,1741716,838104,220645,120609,100036,505296,130827,374469,112163,21650,90513,903612,211626,117159,94467,540271,176040,364231,151715,29559,122156,26,163,2018
"Anoka County, Minnesota",353813,351332,174938,45291,12220,33071,106775,11727,95048,22872,1213,21659,176394,43540,12508,31032,106742,17066,89676,26112,1887,24225,27,003,2018
"Blue Earth County, Minnesota",67427,66772,33291,7711,1684,6027,21432,3034,18398,4148,226,3922,33481,8077,2344,5733,20623,2895,17728,4781,837,3944,27,013,2018
"Carver County, Minnesota",103551,103276,50551,14780,1154,13626,30198,1628,28570,5573,375,5198,52725,14706,1770,12936,31071,2241,28830,6948,51,6897,27,019,2018
"Dakota County, Minnesota",425423,423640,207847,56128,12093,44035,126358,11831,114527,25361,1008,24353,215793,52991,10574,42417,130080,14889,115191,32722,2355,30367,27,037,2018
"Hennepin County, Minnesota",1259428,1251237,619212,148079,51188,96891,395342,47176,348166,75791,7673,68118,632025,143471,48061,95410,392824,60886,331938,95730,12639,83091,27,053,2018
"Olmsted County, Minnesota",156277,154482,75420,20488,4209,16279,44565,5066,39499,10367,1057,9310,79062,19421,3853,15568,46687,5296,41391,12954,1188,11766,27,109,2018
"Ramsey County, Minnesota",550210,546187,266816,68844,26921,41923,164934,28901,136033,33038,3319,29719,279371,66553,29093,37460,169165,37081,132084,43653,5217,38436,27,123,2018
"Rice County, Minnesota",66523,64002,31993,8682,2683,5999,18803,2226,16577,4508,376,4132,32009,8346,1735,6611,18289,2690,15599,5374,587,4787,27,131,2018
"St. Louis County, Minnesota",199754,196133,97505,20586,7759,12827,59725,8967,50758,17194,1190,16004,98628,20366,6707,13659,58624,11083,47541,19638,1957,17681,27,137,2018
"Scott County, Minnesota",147381,145668,72123,21076,5801,15275,43756,5240,38516,7291,254,7037,73545,21343,6637,14706,43967,7771,36196,8235,496,7739,27,139,2018
"Sherburne County, Minnesota",96036,93985,47805,13152,3751,9401,29833,2205,27628,4820,563,4257,46180,12817,2820,9997,27970,4129,23841,5393,531,4862,27,141,2018
"Stearns County, Minnesota",159256,158171,79300,21227,6721,14506,47615,7074,40541,10458,543,9915,78871,19349,7118,12231,46787,7739,39048,12735,881,11854,27,145,2018
"Washington County, Minnesota",259201,256234,125945,34082,5697,28385,74397,5527,68870,17466,986,16480,130289,32627,5401,27226,77059,7819,69240,20603,1539,19064,27,163,2018
"Wright County, Minnesota",136349,135494,69020,21292,3352,17940,39840,2960,36880,7888,374,7514,66474,18317,2943,15374,39231,4116,35115,8926,1032,7894,27,171,2018
"DeSoto County, Mississippi",182001,180620,86722,24957,9025,15932,51809,2119,49690,9956,553,9403,93898,23348,5735,17613,57764,4932,52832,12786,1409,11377,28,033,2018
"Forrest County, Mississippi",75036,74519,36741,10590,7415,3175,21583,2352,19231,4568,941,3627,37778,8091,5227,2864,24189,4909,19280,5498,1370,4128,28,035,2018
"Harrison County, Mississippi",206650,199671,96383,26500,13557,12943,55739,5866,49873,14144,1908,12236,103288,25016,12387,12629,62122,10270,51852,16150,2109,14041,28,047,2018
"Hinds County, Mississippi",237085,234769,108768,31203,18042,13161,64180,7488,56692,13385,2317,11068,126001,29753,19166,10587,76905,12474,64431,19343,3709,15634,28,049,2018
"Jackson County, Mississippi",143277,141208,69233,19688,8491,11197,39302,1892,37410,10243,266,9977,71975,16796,6625,10171,43069,5234,37835,12110,1126,10984,28,059,2018
"Jones County, Mississippi",68461,67640,32536,9170,3565,5605,18040,1454,16586,5326,709,4617,35104,9550,4813,4737,19374,3305,16069,6180,1684,4496,28,067,2018
"Lauderdale County, Mississippi",75317,72094,33187,8968,4805,4163,18888,2164,16724,5331,1220,4111,38907,9676,5927,3749,21970,5167,16803,7261,2143,5118,28,075,2018
"Lee County, Mississippi",85202,84171,40621,12118,2694,9424,23701,1652,22049,4802,171,4631,43550,10644,3276,7368,26210,2860,23350,6696,718,5978,28,081,2018
"Madison County, Mississippi",105630,104709,49528,14261,4529,9732,29387,770,28617,5880,752,5128,55181,14029,3891,10138,33447,1691,31756,7705,693,7012,28,089,2018
"Rankin County, Mississippi",153902,147789,70163,19271,5165,14106,41200,3406,37794,9692,799,8893,77626,17232,4002,13230,47736,3014,44722,12658,1707,10951,28,121,2018
"Boone County, Missouri",180005,178844,87241,21940,5685,16255,55839,3370,52469,9462,495,8967,91603,19015,3997,15018,60884,3726,57158,11704,885,10819,29,019,2018
"Buchanan County, Missouri",88571,85601,42688,10492,4063,6429,25983,2592,23391,6213,870,5343,42913,9950,4247,5703,24738,3131,21607,8225,600,7625,29,021,2018
"Cape Girardeau County, Missouri",78753,77574,37590,9316,4000,5316,22718,1135,21583,5556,566,4990,39984,8785,2786,5999,24408,2682,21726,6791,347,6444,29,031,2018
"Cass County, Missouri",104954,104262,50161,14460,3680,10780,28185,950,27235,7516,126,7390,54101,12785,2027,10758,31308,2557,28751,10008,558,9450,29,037,2018
"Christian County, Missouri",86983,86459,42426,11945,4860,7085,24356,1757,22599,6125,1039,5086,44033,11746,3781,7965,25241,2216,23025,7046,878,6168,29,043,2018
"Clay County, Missouri",246365,244663,119321,31498,7934,23564,72885,4957,67928,14938,665,14273,125342,30964,6729,24235,75190,7329,67861,19188,711,18477,29,047,2018
"Cole County, Missouri",76796,73050,35128,8799,1135,7664,21111,305,20806,5218,107,5111,37922,9104,1579,7525,21649,1720,19929,7169,410,6759,29,051,2018
"Franklin County, Missouri",103670,102609,51790,12873,3361,9512,30939,2316,28623,7978,363,7615,50819,12170,2672,9498,28999,2283,26716,9650,836,8814,29,071,2018
"Greene County, Missouri",291923,287891,138469,31631,11056,20575,86417,6640,79777,20421,2713,17708,149422,33450,10662,22788,89605,8521,81084,26367,3213,23154,29,077,2018
"Jackson County, Missouri",700307,693651,334898,87051,30772,56279,204342,11233,193109,43505,3513,39992,358753,84771,29859,54912,216335,22325,194010,57647,5081,52566,29,095,2018
"Jasper County, Missouri",120636,119810,58619,16325,8521,7804,34437,4206,30231,7857,334,7523,61191,15237,7178,8059,35469,5343,30126,10485,1264,9221,29,097,2018
"Jefferson County, Missouri",224347,222736,110872,27592,7069,20523,68158,3495,64663,15122,576,14546,111864,26605,5816,20789,67609,6159,61450,17650,980,16670,29,099,2018
"Platte County, Missouri",102985,102323,50369,13713,1928,11785,29843,1153,28690,6813,132,6681,51954,11844,1814,10030,32014,1936,30078,8096,591,7505,29,165,2018
"St. Charles County, Missouri",399182,397153,195785,49705,7260,42445,120099,3566,116533,25981,1395,24586,201368,47891,7842,40049,121033,5530,115503,32444,2172,30272,29,183,2018
"St. Francois County, Missouri",66692,60045,28596,6704,2788,3916,17519,3178,14341,4373,394,3979,31449,7830,4488,3342,17718,3224,14494,5901,790,5111,29,187,2018
"St. Louis County, Missouri",996945,984666,466063,118173,30938,87235,274356,15195,259161,73534,4458,69076,518603,115118,31340,83778,303411,25515,277896,100074,7581,92493,29,189,2018
"St. Louis city, Missouri",302838,298135,143511,29902,15619,14283,96549,10528,86021,17060,3347,13713,154624,29720,17072,12648,101511,15595,85916,23393,4800,18593,29,510,2018
"Cascade County, Montana",81643,78377,38937,9865,3363,6502,22154,3646,18508,6918,597,6321,39440,8549,3751,4798,23206,5310,17896,7685,868,6817,30,013,2018
"Flathead County, Montana",102106,101481,50814,12497,6143,6354,28715,4645,24070,9602,785,8817,50667,11188,6193,4995,29494,6320,23174,9985,1208,8777,30,029,2018
"Gallatin County, Montana",111876,111354,57593,12801,3133,9668,37956,2614,35342,6836,612,6224,53761,11681,3859,7822,34691,3099,31592,7389,386,7003,30,031,2018
"Lewis and Clark County, Montana",68700,67810,33387,8332,3339,4993,19180,3225,15955,5875,394,5481,34423,7721,2354,5367,20163,2771,17392,6539,798,5741,30,049,2018
"Missoula County, Montana",118791,118160,58663,11923,5760,6163,38141,5051,33090,8599,492,8107,59497,11546,4419,7127,38515,5487,33028,9436,1862,7574,30,063,2018
"Yellowstone County, Montana",160137,157968,77967,20305,7830,12475,45707,4837,40870,11955,1391,10564,80001,19353,6099,13254,46289,8311,37978,14359,1177,13182,30,111,2018
"Douglas County, Nebraska",566880,559690,275116,77697,21042,56655,165880,10423,155457,31539,2507,29032,284574,74117,22158,51959,170471,13217,157254,39986,4989,34997,31,055,2018
"Lancaster County, Nebraska",317272,313217,156251,39125,11505,27620,97723,6556,91167,19403,1921,17482,156966,38192,10838,27354,94628,7106,87522,24146,3133,21013,31,109,2018
"Sarpy County, Nebraska",184459,179941,88841,27050,4564,22486,51948,2411,49537,9843,830,9013,91100,26040,4866,21174,53350,3807,49543,11710,1015,10695,31,153,2018
"Clark County, Nevada",2231647,2207851,1094013,276968,103665,173303,665523,86255,579268,151522,16825,134697,1113838,264892,106147,158745,674467,119418,555049,174479,25853,148626,32,003,2018
"Washoe County, Nevada",465735,462599,232580,54209,13529,40680,142209,13594,128615,36162,3000,33162,230019,51667,14627,37040,138885,17164,121721,39467,3849,35618,32,031,2018
"Cheshire County, New Hampshire",76493,75709,36707,7473,3146,4327,22330,1970,20360,6904,240,6664,39002,7548,2437,5111,23697,2952,20745,7757,696,7061,33,005,2018
"Grafton County, New Hampshire",89786,88797,43372,8770,2835,5935,25947,3165,22782,8655,569,8086,45425,8262,2040,6222,27867,3829,24038,9296,886,8410,33,009,2018
"Hillsborough County, New Hampshire",415247,411090,203661,45175,14332,30843,130596,9277,121319,27890,1999,25891,207429,44877,14598,30279,128452,15992,112460,34100,2904,31196,33,011,2018
"Merrimack County, New Hampshire",151132,147658,71511,14948,3824,11124,44340,3482,40858,12223,839,11384,76147,15536,4592,10944,45338,5301,40037,15273,1324,13949,33,013,2018
"Rockingham County, New Hampshire",309176,306737,151487,32252,5146,27106,94034,5313,88721,25201,1539,23662,155250,31308,5768,25540,94981,6928,88053,28961,2263,26698,33,015,2018
"Strafford County, New Hampshire",130090,128914,62445,13381,4709,8672,40729,4304,36425,8335,430,7905,66469,14846,4540,10306,41180,5933,35247,10443,1079,9364,33,017,2018
"Atlantic County, New Jersey",265429,262891,127947,31240,12467,18773,76209,12855,63354,20498,2435,18063,134944,28021,11181,16840,81380,15759,65621,25543,4393,21150,34,001,2018
"Bergen County, New Jersey",936692,930609,452183,108033,17476,90557,275281,18764,256517,68869,5544,63325,478426,102441,16738,85703,287520,24806,262714,88465,10075,78390,34,003,2018
"Burlington County, New Jersey",445384,429358,205066,48508,10981,37527,124397,11898,112499,32161,1583,30578,224292,48639,11780,36859,134706,16764,117942,40947,3195,37752,34,005,2018
"Camden County, New Jersey",507078,501687,239593,60149,22643,37506,147034,23421,123613,32410,3904,28506,262094,60394,24181,36213,157470,31536,125934,44230,7636,36594,34,007,2018
"Cape May County, New Jersey",92560,90196,44291,8115,2233,5882,25479,3384,22095,10697,877,9820,45905,7233,1165,6068,26155,3547,22608,12517,823,11694,34,009,2018
"Cumberland County, New Jersey",150972,139670,67030,18372,9525,8847,38839,8766,30073,9819,1513,8306,72640,18584,11223,7361,41742,12007,29735,12314,2998,9316,34,011,2018
"Essex County, New Jersey",799767,787989,375842,102286,41507,60779,230821,34353,196468,42735,5600,37135,412147,98171,41757,56414,252150,56879,195271,61826,12684,49142,34,013,2018
"Gloucester County, New Jersey",291408,290287,140106,33401,7062,26339,86791,9385,77406,19914,1789,18125,150181,34123,7553,26570,90061,12334,77727,25997,2505,23492,34,015,2018
"Hudson County, New Jersey",676061,670851,333126,72874,35046,37828,227512,29176,198336,32740,6764,25976,337725,71407,38032,33375,221008,42636,178372,45310,13481,31829,34,017,2018
"Hunterdon County, New Jersey",124714,121060,59436,12946,3148,9798,35767,1493,34274,10723,703,10020,61624,12651,1556,11095,36663,2932,33731,12310,485,11825,34,019,2018
"Mercer County, New Jersey",369811,365196,177779,42254,13746,28508,112061,11960,100101,23464,2677,20787,187417,42754,15747,27007,114023,16999,97024,30640,3854,26786,34,021,2018
"Middlesex County, New Jersey",829685,822039,404059,97334,19617,77717,253520,20318,233202,53205,5443,47762,417980,92717,22064,70653,256787,24899,231888,68476,13489,54987,34,023,2018
"Monmouth County, New Jersey",621354,617530,300697,71679,14268,57411,182290,14443,167847,46728,3013,43715,316833,67642,12814,54828,188847,16825,172022,60344,6504,53840,34,025,2018
"Morris County, New Jersey",494228,489808,239209,55568,7788,47780,147623,8483,139140,36018,2258,33760,250599,54290,6289,48001,150631,10880,139751,45678,4779,40899,34,027,2018
"Ocean County, New Jersey",601651,596694,287549,76889,30527,46362,153543,22621,130922,57117,4053,53064,309145,73561,30716,42845,159265,24845,134420,76319,5689,70630,34,029,2018
"Passaic County, New Jersey",503310,499879,243709,64493,31708,32785,148768,20272,128496,30448,4560,25888,256170,62652,31254,31398,152733,30309,122424,40785,7760,33025,34,031,2018
"Salem County, New Jersey",62607,61386,29912,7861,2079,5782,16920,2619,14301,5131,592,4539,31474,6275,1745,4530,19098,3234,15864,6101,1484,4617,34,033,2018
"Somerset County, New Jersey",331164,328347,160356,39331,6935,32396,99344,5629,93715,21681,952,20729,167991,37340,5486,31854,102275,8159,94116,28376,2774,25602,34,035,2018
"Sussex County, New Jersey",140799,139552,69487,15100,2177,12923,43444,2827,40617,10943,1306,9637,70065,14569,2853,11716,43373,3526,39847,12123,1405,10718,34,037,2018
"Union County, New Jersey",558067,553927,270071,69764,21250,48514,166993,17135,149858,33314,6161,27153,283856,67391,20972,46419,171336,21942,149394,45129,8945,36184,34,039,2018
"Warren County, New Jersey",105779,105032,51648,11221,2127,9094,32179,3229,28950,8248,952,7296,53384,10851,1665,9186,32054,3205,28849,10479,1638,8841,34,041,2018
"Bernalillo County, New Mexico",678701,671484,327512,80297,43633,36664,198876,41021,157855,48339,4209,44130,343972,75553,36928,38625,207079,53981,153098,61340,10625,50715,35,001,2018
"Chaves County, New Mexico",64689,63616,31515,9163,5700,3463,17366,5585,11781,4986,1140,3846,32101,8134,5495,2639,18392,7572,10820,5575,1252,4323,35,005,2018
"Doña Ana County, New Mexico",217522,214569,104488,28428,19814,8614,59805,17007,42798,16255,2602,13653,110081,27924,16707,11217,64008,25792,38216,18149,4136,14013,35,013,2018
"Lea County, New Mexico",69611,67368,33623,12204,5298,6906,17997,2123,15874,3422,408,3014,33745,10246,4078,6168,19302,5713,13589,4197,608,3589,35,025,2018
"McKinley County, New Mexico",72290,71941,34235,11107,8552,2555,19655,8804,10851,3473,1247,2226,37706,11094,8652,2442,20940,10170,10770,5672,2156,3516,35,031,2018
"Otero County, New Mexico",66781,61217,30143,8036,5174,2862,16800,6086,10714,5307,1065,4242,31074,8311,4623,3688,17640,6082,11558,5123,571,4552,35,035,2018
"Sandoval County, New Mexico",145179,143950,70573,17684,9060,8624,40990,7244,33746,11899,1937,9962,73377,17280,7462,9818,42443,8254,34189,13654,2970,10684,35,043,2018
"San Juan County, New Mexico",125043,123698,60898,16735,10066,6669,35478,11186,24292,8685,1988,6697,62800,17686,8759,8927,35014,12479,22535,10100,1908,8192,35,045,2018
"Santa Fe County, New Mexico",150056,148890,71708,14752,8521,6231,40258,7718,32540,16698,1566,15132,77182,13909,8510,5399,43584,10204,33380,19689,1086,18603,35,049,2018
"Valencia County, New Mexico",76456,74888,37622,11015,5745,5270,20233,5266,14967,6374,355,6019,37266,8417,5179,3238,21633,7158,14475,7216,1000,6216,35,061,2018
"Albany County, New York",307117,303054,147777,33152,11353,21799,93047,12319,80728,21578,2297,19281,155277,29789,9865,19924,97406,20570,76836,28082,2666,25416,36,001,2018
"Bronx County, New York",1432132,1410423,660244,186618,129815,56803,405386,149927,255459,68240,27819,40421,750179,184125,130656,53469,460487,219948,240539,105567,47832,57735,36,005,2018
"Broome County, New York",191659,188927,91703,20413,9138,11275,56165,13035,43130,15125,1819,13306,97224,20255,10124,10131,56631,15750,40881,20338,2799,17539,36,007,2018
"Cattaraugus County, New York",76840,76091,37519,8922,3892,5030,21960,5089,16871,6637,1327,5310,38572,8364,3022,5342,22545,5408,17137,7663,1619,6044,36,009,2018
"Cayuga County, New York",77145,73546,36617,8105,3139,4966,21951,4719,17232,6561,964,5597,36929,7477,2509,4968,22174,5080,17094,7278,937,6341,36,011,2018
"Chautauqua County, New York",127939,125546,61995,14407,6960,7447,36478,8951,27527,11110,1266,9844,63551,12903,4971,7932,37041,10459,26582,13607,2178,11429,36,013,2018
"Chemung County, New York",84254,81620,38646,9597,3630,5967,22122,4790,17332,6927,675,6252,42974,8967,4120,4847,24886,5984,18902,9121,1823,7298,36,015,2018
"Clinton County, New York",80695,75657,37584,8299,3236,5063,23283,4656,18627,6002,1070,4932,38073,7337,3281,4056,23660,6229,17431,7076,846,6230,36,019,2018
"Dutchess County, New York",293718,285778,139550,30424,8864,21560,86852,13356,73496,22274,2005,20269,146228,29347,8499,20848,89367,15901,73466,27514,4022,23492,36,027,2018
"Erie County, New York",919719,908727,437457,101008,39129,61879,267379,50920,216459,69070,6791,62279,471270,98135,36438,61697,281978,64553,217425,91157,11999,79158,36,029,2018
"Jefferson County, New York",111755,99885,47750,13810,4614,9196,27125,6116,21009,6815,758,6057,52135,13776,4847,8929,30086,7088,22998,8273,1300,6973,36,045,2018
"Kings County, New York",2582830,2568737,1214918,312933,173971,138962,759017,209453,549564,142968,43482,99486,1353819,301413,176324,125089,844844,257932,586912,207562,76678,130884,36,047,2018
"Livingston County, New York",63227,60382,29469,6594,1854,4740,17781,2241,15540,5094,433,4661,30913,6514,1198,5316,18685,3011,15674,5714,471,5243,36,051,2018
"Madison County, New York",70795,70371,34505,7397,2577,4820,21286,3107,18179,5822,485,5337,35866,7627,2326,5301,21283,3357,17926,6956,887,6069,36,053,2018
"Monroe County, New York",742474,735376,354376,84432,33172,51260,216094,39448,176646,53850,6789,47061,381000,81673,32329,49344,229904,51048,178856,69423,9856,59567,36,055,2018
"Nassau County, New York",1358343,1348465,656513,158019,29835,128184,395863,42008,353855,102631,9365,93266,691952,149302,31419,117883,409831,50449,359382,132819,16440,116379,36,059,2018
"New York County, New York",1628701,1617657,763277,124173,42385,81788,532003,93783,438220,107101,30233,76868,854380,123651,45722,77929,574875,109579,465296,155854,46902,108952,36,061,2018
"Niagara County, New York",210433,208255,101704,22895,9318,13577,61339,11669,49670,17470,2648,14822,106551,21515,9508,12007,63931,16121,47810,21105,4534,16571,36,063,2018
"Oneida County, New York",229577,221182,107457,25476,10300,15176,64334,15622,48712,17647,2571,15076,113725,26489,11966,14523,64884,18131,46753,22352,3598,18754,36,065,2018
"Onondaga County, New York",461809,456657,220270,53002,18715,34287,133529,23794,109735,33739,3914,29825,236387,51824,17786,34038,141762,28084,113678,42801,6723,36078,36,067,2018
"Ontario County, New York",109864,108896,53161,11934,4014,7920,31869,5265,26604,9358,1098,8260,55735,11571,3918,7653,32341,6283,26058,11823,1601,10222,36,069,2018
"Orange County, New York",381951,373439,185627,53893,20213,33680,108730,20165,88565,23004,1613,21391,187812,49926,20691,29235,108992,23920,85072,28894,3481,25413,36,071,2018
"Oswego County, New York",117898,117070,58583,13384,6405,6979,36342,7099,29243,8857,959,7898,58487,13487,5919,7568,34646,8993,25653,10354,2452,7902,36,075,2018
"Putnam County, New York",98892,98483,49225,10695,2337,8358,30882,3375,27507,7648,276,7372,49258,10043,2629,7414,29981,5146,24835,9234,1475,7759,36,079,2018
"Queens County, New York",2278906,2263248,1097692,245637,116583,129054,705200,167380,537820,146855,32925,113930,1165556,235564,107665,127899,730024,196763,533261,199968,56163,143805,36,081,2018
"Rensselaer County, New York",159442,157624,77784,17523,5778,11745,48593,7190,41403,11668,1147,10521,79840,16256,6383,9873,49689,9868,39821,13895,1550,12345,36,083,2018
"Richmond County, New York",476179,471911,228994,56479,15585,40894,139939,20750,119189,32576,4358,28218,242917,53709,16713,36996,147089,28763,118326,42119,6722,35397,36,085,2018
"Rockland County, New York",325695,323895,159159,50139,28986,21153,87671,21482,66189,21349,2333,19016,164736,46574,25097,21477,89568,22646,66922,28594,4675,23919,36,087,2018
"St. Lawrence County, New York",108047,104389,52575,12865,5365,7500,31520,6218,25302,8190,1096,7094,51814,11571,4738,6833,30854,8314,22540,9389,1621,7768,36,089,2018
"Saratoga County, New York",230163,227262,111357,25039,4700,20339,67794,7425,60369,18524,714,17810,115905,23629,5046,18583,70501,8742,61759,21775,1832,19943,36,091,2018
"Schenectady County, New York",155350,153681,75292,19058,6795,12263,45196,9652,35544,11038,827,10211,78389,17051,6560,10491,46470,10702,35768,14868,2292,12576,36,093,2018
"Steuben County, New York",95796,94678,47911,11305,5296,6009,28161,6463,21698,8445,1168,7277,46767,10045,4821,5224,27294,7874,19420,9428,1567,7861,36,101,2018
"Suffolk County, New York",1481093,1470276,723808,168403,42274,126129,448056,58509,389547,107349,10102,97247,746468,163181,41430,121751,446341,67918,378423,136946,15370,121576,36,103,2018
"Sullivan County, New York",75498,74033,37816,9005,4805,4200,21874,5278,16596,6937,1474,5463,36217,8133,4507,3626,21272,6032,15240,6812,1641,5171,36,105,2018
"Tompkins County, New York",102793,101951,50951,11334,4150,7184,33288,6046,27242,6329,627,5702,51000,8888,3648,5240,34611,5546,29065,7501,792,6709,36,109,2018
"Ulster County, New York",178599,174251,85012,16038,6442,9596,53167,10750,42417,15807,1977,13830,89239,16911,6127,10784,53642,11883,41759,18686,2831,15855,36,111,2018
"Warren County, New York",64265,63371,31355,6419,2306,4113,18399,4075,14324,6537,483,6054,32016,5810,2286,3524,18736,3356,15380,7470,803,6667,36,113,2018
"Wayne County, New York",90064,89174,44322,10415,3772,6643,26187,3496,22691,7720,882,6838,44852,9759,3158,6601,25982,4706,21276,9111,1505,7606,36,117,2018
"Westchester County, New York",967612,955155,461559,113877,29229,84648,279285,38845,240440,68397,8153,60244,493596,108912,26221,82691,293201,55192,238009,91483,15259,76224,36,119,2018
"Alamance County, North Carolina",166436,165380,78418,21139,10578,10561,45773,3847,41926,11506,1056,10450,86962,19164,8735,10429,51742,5799,45943,16056,2210,13846,37,001,2018
"Brunswick County, North Carolina",136744,135833,64796,11337,4223,7114,32435,2875,29560,21024,1368,19656,71037,10633,3891,6742,38253,3713,34540,22151,2042,20109,37,019,2018
"Buncombe County, North Carolina",259103,255267,121808,24899,9570,15329,75026,5588,69438,21883,2913,18970,133459,24984,8978,16006,80673,8476,72197,27802,3419,24383,37,021,2018
"Burke County, North Carolina",90382,88320,43223,9171,6160,3011,26310,2869,23441,7742,1146,6596,45097,8359,3959,4400,26900,3473,23427,9838,1166,8672,37,023,2018
"Cabarrus County, North Carolina",211342,209944,102961,30761,10198,20563,60209,2424,57785,11991,1150,10841,106983,26861,9579,17282,64678,7834,56844,15444,2095,13349,37,025,2018
"Caldwell County, North Carolina",82029,81236,40960,8926,5339,3587,24934,3101,21833,7100,949,6151,40276,8121,4744,3377,23492,4988,18504,8663,1312,7351,37,027,2018
"Carteret County, North Carolina",69524,68264,33328,7663,2855,4808,17751,1640,16111,7914,719,7195,34936,5865,2315,3550,19823,2279,17544,9248,802,8446,37,031,2018
"Catawba County, North Carolina",158652,157110,75659,18218,7666,10552,45390,2692,42698,12051,454,11597,81451,18493,8875,9618,47438,5396,42042,15520,1126,14394,37,035,2018
"Chatham County, North Carolina",73139,72628,35044,8280,3560,4720,18630,1221,17409,8134,765,7369,37584,7626,1970,5656,20550,1496,19054,9408,570,8838,37,037,2018
"Cleveland County, North Carolina",97645,97402,46658,11219,6098,5121,27762,3283,24479,7677,1264,6413,50744,11341,5655,5686,29149,5678,23471,10254,1841,8413,37,045,2018
"Craven County, North Carolina",102912,96562,46814,12540,4658,7882,25715,4393,21322,8559,643,7916,49748,11127,4749,6378,27999,4633,23366,10622,1882,8740,37,049,2018
"Cumberland County, North Carolina",332330,301987,137314,43086,19248,23838,77582,10061,67521,16646,2732,13914,164673,42758,17926,24832,98987,17182,81805,22928,3547,19381,37,051,2018
"Davidson County, North Carolina",166614,164985,80032,18938,8009,10929,47933,2821,45112,13161,2092,11069,84953,19405,9768,9637,49473,5905,43568,16075,1960,14115,37,057,2018
"Durham County, North Carolina",316739,311601,147228,35388,14860,20528,94846,4603,90243,16994,1117,15877,164373,34850,13588,21262,105934,8388,97546,23589,2884,20705,37,063,2018
"Forsyth County, North Carolina",379099,375893,178369,46958,20491,26467,105754,9652,96102,25657,3018,22639,197524,44800,23492,21308,118800,15635,103165,33924,5282,28642,37,067,2018
"Franklin County, North Carolina",67560,66754,31662,7359,2644,4715,19412,1404,18008,4891,750,4141,35092,8025,4203,3822,20562,3093,17469,6505,886,5619,37,069,2018
"Gaston County, North Carolina",222846,220699,105991,26795,12887,13908,64644,7877,56767,14552,1049,13503,114708,26432,11240,15192,68440,9385,59055,19836,2465,17371,37,071,2018
"Guilford County, North Carolina",533670,529565,250183,64967,28097,36870,151966,12496,139470,33250,2844,30406,279382,64779,28393,36386,169509,23797,145712,45094,5075,40019,37,081,2018
"Harnett County, North Carolina",134214,128542,61773,18801,7985,10816,35763,3626,32137,7209,642,6567,66769,18136,6909,11227,39318,5557,33761,9315,1713,7602,37,085,2018
"Henderson County, North Carolina",116748,115601,55818,12867,4064,8803,30094,1496,28598,12857,489,12368,59783,10589,2474,8115,32593,2691,29902,16601,1085,15516,37,089,2018
"Iredell County, North Carolina",178435,177342,86776,21245,7357,13888,53141,4019,49122,12390,1669,10721,90566,21270,6958,14312,54189,6343,47846,15107,1840,13267,37,097,2018
"Johnston County, North Carolina",202675,201258,96975,27209,11048,16161,58499,5278,53221,11267,1131,10136,104283,27528,11501,16027,61136,9123,52013,15619,2218,13401,37,101,2018
"Lincoln County, North Carolina",83770,83163,40991,9859,4028,5831,24817,1290,23527,6315,744,5571,42172,9026,3252,5774,25479,2576,22903,7667,1065,6602,37,109,2018
"Mecklenburg County, North Carolina",1093901,1088671,523073,137643,48944,88699,334573,15597,318976,50857,5696,45161,565598,135187,49741,85446,360683,30577,330106,69728,10263,59465,37,119,2018
"Moore County, North Carolina",98682,95064,45452,11867,3677,8190,23509,3255,20254,10076,1017,9059,49612,10335,2917,7418,26717,3236,23481,12560,1588,10972,37,125,2018
"Nash County, North Carolina",94016,92868,45011,11512,6196,5316,26203,2538,23665,7296,691,6605,47857,10073,5248,4825,28016,5200,22816,9768,1911,7857,37,127,2018
"New Hanover County, North Carolina",232274,229681,110329,24159,9120,15039,68494,6355,62139,17676,1142,16534,119352,21262,7263,13999,75269,7217,68052,22821,2243,20578,37,129,2018
"Onslow County, North Carolina",197683,160301,74010,26045,8660,17385,39832,3985,35847,8133,1007,7126,86291,24687,7753,16934,51913,6494,45419,9691,2166,7525,37,133,2018
"Orange County, North Carolina",146027,145420,66068,15041,3473,11568,41998,1421,40577,9029,577,8452,79352,18643,5397,13246,49160,4183,44977,11549,979,10570,37,135,2018
"Pitt County, North Carolina",179914,178394,82795,21325,9064,12261,51755,6133,45622,9715,1053,8662,95599,21019,10285,10734,61281,7633,53648,13299,1513,11786,37,147,2018
"Randolph County, North Carolina",143351,142169,69783,17737,9314,8423,41127,2464,38663,10919,1142,9777,72386,16353,7182,9171,42424,5523,36901,13609,1444,12165,37,151,2018
"Robeson County, North Carolina",131831,130173,63029,18314,12058,6256,36026,6808,29218,8689,1977,6712,67144,16956,10880,6076,39584,9214,30370,10604,1687,8917,37,155,2018
"Rockingham County, North Carolina",90690,89628,43104,10342,6521,3821,24963,3721,21242,7799,892,6907,46524,8997,5609,3388,27274,5510,21764,10253,1671,8582,37,157,2018
"Rowan County, North Carolina",141262,138893,69561,20063,11472,8591,39045,3978,35067,10453,1367,9086,69332,14591,7203,7388,41775,7506,34269,12966,1714,11252,37,159,2018
"Rutherford County, North Carolina",66826,65758,31214,7123,3368,3755,17890,2597,15293,6201,995,5206,34544,6898,4828,2070,20333,3241,17092,7313,728,6585,37,161,2018
"Surry County, North Carolina",71948,71195,34846,8118,3847,4271,20090,1458,18632,6638,852,5786,36349,7698,2657,5041,20776,2726,18050,7875,688,7187,37,171,2018
"Union County, North Carolina",235908,234893,115155,34737,8406,26331,67629,2447,65182,12789,566,12223,119738,33869,9727,24142,69473,4413,65060,16396,1229,15167,37,179,2018
"Wake County, North Carolina",1092305,1085267,527549,141444,35502,105942,332033,15025,317008,54072,4552,49520,557718,138032,35896,102136,349014,20731,328283,70672,9356,61316,37,183,2018
"Wayne County, North Carolina",123248,119636,58031,16603,10425,6178,32654,3642,29012,8774,1266,7508,61605,14280,9039,5241,35869,6693,29176,11456,1790,9666,37,191,2018
"Wilkes County, North Carolina",68557,67791,32824,6860,4148,2712,19696,1787,17909,6268,652,5616,34967,7604,4145,3459,19222,2749,16473,8141,1050,7091,37,193,2018
"Wilson County, North Carolina",81455,80495,36697,9154,5929,3225,21434,2209,19225,6109,543,5566,43798,10752,6159,4593,24857,4961,19896,8189,1025,7164,37,195,2018
"Burleigh County, North Dakota",95273,93483,46966,12218,1642,10576,28159,609,27550,6589,335,6254,46517,10889,2069,8820,27665,2440,25225,7963,312,7651,38,015,2018
"Cass County, North Dakota",181516,180284,92585,24117,5781,18336,58836,3540,55296,9632,413,9219,87699,20515,3891,16624,55948,5313,50635,11236,1000,10236,38,017,2018
"Grand Forks County, North Dakota",70770,68852,36165,9280,2462,6818,22910,1290,21620,3975,282,3693,32687,7009,1450,5559,21224,2645,18579,4454,113,4341,38,035,2018
"Ward County, North Dakota",67744,62589,31630,8770,1275,7495,19023,1554,17469,3837,218,3619,30959,7613,932,6681,19105,1454,17651,4241,749,3492,38,101,2018
"Allen County, Ohio",102663,100169,50134,12622,4468,8154,29743,3898,25845,7769,1078,6691,50035,11937,5057,6880,28542,6403,22139,9556,934,8622,39,003,2018
"Ashtabula County, Ohio",97493,94643,46999,11846,4642,7204,27144,4725,22419,8009,560,7449,47644,10623,3940,6683,27252,6983,20269,9769,1111,8658,39,007,2018
"Athens County, Ohio",65818,65024,32817,6465,2758,3707,22581,4016,18565,3771,284,3487,32207,5320,1189,4131,22250,4452,17798,4637,663,3974,39,009,2018
"Belmont County, Ohio",67505,63700,31494,7050,2705,4345,18101,3096,15005,6343,537,5806,32206,6915,2262,4653,18161,3507,14654,7130,1022,6108,39,013,2018
"Butler County, Ohio",382378,378973,186483,49468,18380,31088,112733,14976,97757,24282,2156,22126,192490,47122,16339,30783,115211,21684,93527,30157,3556,26601,39,017,2018
"Clark County, Ohio",134585,132970,64040,16334,7544,8790,36747,6134,30613,10959,1165,9794,68930,15995,7136,8859,38904,10402,28502,14031,1677,12354,39,023,2018
"Clermont County, Ohio",205466,204151,100186,25575,6262,19313,59988,6475,53513,14623,977,13646,103965,24434,7498,16936,61868,10564,51304,17663,2236,15427,39,025,2018
"Columbiana County, Ohio",102665,99004,48816,11080,4329,6751,28335,5156,23179,9401,933,8468,50188,10987,4711,6276,28635,7290,21345,10566,780,9786,39,029,2018
"Cuyahoga County, Ohio",1243857,1228956,585737,139408,58435,80973,353740,64683,289057,92589,12458,80131,643219,133872,57949,75923,383256,94918,288338,126091,18515,107576,39,035,2018
"Delaware County, Ohio",204826,203665,100386,29072,2001,27071,59081,3088,55993,12233,304,11929,103279,28173,1869,26304,60131,4045,56086,14975,991,13984,39,041,2018
"Erie County, Ohio",74615,73745,36396,8550,2533,6017,20743,3166,17577,7103,184,6919,37349,7353,1967,5386,21474,3871,17603,8522,772,7750,39,043,2018
"Fairfield County, Ohio",155782,152738,75573,20478,6380,14098,44306,7181,37125,10789,418,10371,77165,19163,6501,12662,44995,8566,36429,13007,757,12250,39,045,2018
"Franklin County, Ohio",1310300,1302626,636206,164954,68255,96699,404816,52489,352327,66436,6251,60185,666420,159712,66544,93168,418718,79794,338924,87990,9195,78795,39,049,2018
"Geauga County, Ohio",94031,93260,46493,11507,1735,9772,26156,1814,24342,8830,118,8712,46767,11090,1329,9761,25653,1818,23835,10024,340,9684,39,055,2018
"Greene County, Ohio",167995,163624,79976,19623,7412,12211,47388,5885,41503,12965,550,12415,83648,18814,6402,12412,49214,8895,40319,15620,1061,14559,39,057,2018
"Hamilton County, Ohio",816684,808492,390881,100013,35795,64218,239174,31052,208122,51694,5430,46264,417611,97519,36285,61234,252288,46827,205461,67804,7335,60469,39,061,2018
"Hancock County, Ohio",75930,75072,36887,8701,2283,6418,22810,2471,20339,5376,512,4864,38185,9405,3090,6315,21837,4056,17781,6943,511,6432,39,063,2018
"Jefferson County, Ohio",65767,64989,31886,7103,3711,3392,18686,4074,14612,6097,566,5531,33103,5917,1772,4145,19314,4601,14713,7872,1254,6618,39,081,2018
"Lake County, Ohio",230514,228544,112377,25476,6338,19138,66773,4987,61786,20128,1364,18764,116167,23078,6050,17028,67990,7791,60199,25099,2009,23090,39,085,2018
"Licking County, Ohio",175769,174424,84964,22191,6237,15954,50231,6788,43443,12542,712,11830,89460,21428,6722,14706,52295,9798,42497,15737,1552,14185,39,089,2018
"Lorain County, Ohio",309461,303585,147847,37095,12198,24897,86493,10680,75813,24259,1458,22801,155738,35239,11572,23667,89603,17934,71669,30896,2232,28664,39,093,2018
"Lucas County, Ohio",429899,425314,206124,53496,25427,28069,122658,22816,99842,29970,3751,26219,219190,50067,23334,26733,131449,35173,96276,37674,6116,31558,39,095,2018
"Mahoning County, Ohio",229642,225111,110509,26187,12157,14030,64130,11905,52225,20192,1689,18503,114602,23614,12581,11033,65376,18123,47253,25612,2681,22931,39,099,2018
"Marion County, Ohio",65256,59946,29573,7178,4041,3137,17661,4180,13481,4734,266,4468,30373,7397,5056,2341,16877,5701,11176,6099,743,5356,39,101,2018
"Medina County, Ohio",179146,177900,88833,22048,4198,17850,52366,4420,47946,14419,415,14004,89067,20506,5415,15091,51853,5885,45968,16708,937,15771,39,103,2018
"Miami County, Ohio",106222,105192,51823,13862,2528,11334,28958,3120,25838,9003,769,8234,53369,12133,2600,9533,30266,4340,25926,10970,807,10163,39,109,2018
"Montgomery County, Ohio",532331,524479,253537,64528,31678,32850,150074,24740,125334,38935,3071,35864,270942,59507,26415,33092,158943,38727,120216,52492,5154,47338,39,113,2018
"Muskingum County, Ohio",86183,85373,41728,10362,6020,4342,24879,4920,19959,6487,792,5695,43645,9955,4598,5357,25514,7051,18463,8176,1115,7061,39,119,2018
"Portage County, Ohio",162927,161918,79021,17067,4301,12766,49914,5454,44460,12040,1149,10891,82897,17286,4963,12323,51231,6661,44570,14380,1650,12730,39,133,2018
"Richland County, Ohio",121099,114646,55189,13384,4533,8851,31974,6065,25909,9831,600,9231,59457,13559,3975,9584,32793,7455,25338,13105,1713,11392,39,139,2018
"Ross County, Ohio",76931,71344,34886,8306,3569,4737,20892,4885,16007,5688,797,4891,36458,8284,3416,4868,21047,6458,14589,7127,540,6587,39,141,2018
"Scioto County, Ohio",75502,72766,35405,8760,4757,4003,20935,6332,14603,5710,964,4746,37361,8705,4976,3729,21542,7529,14013,7114,1651,5463,39,145,2018
"Stark County, Ohio",371574,366779,177997,42837,17258,25579,104548,13150,91398,30612,2661,27951,188782,41746,15791,25955,108160,22241,85919,38876,3591,35285,39,151,2018
"Summit County, Ohio",541918,536014,260137,60102,21398,38704,157756,23603,134153,42279,2701,39578,275877,58853,19735,39118,164310,32921,131389,52714,5793,46921,39,153,2018
"Trumbull County, Ohio",198627,195344,94561,21626,11001,10625,54444,11982,42462,18491,1311,17180,100783,21068,10911,10157,56448,17277,39171,23267,1933,21334,39,155,2018
"Tuscarawas County, Ohio",92176,91239,44456,10975,3756,7219,25739,3460,22279,7742,1232,6510,46783,11340,3731,7609,25724,5620,20104,9719,1028,8691,39,157,2018
"Warren County, Ohio",232173,223907,109896,29947,3885,26062,65618,3848,61770,14331,784,13547,114011,28848,4598,24250,67284,4948,62336,17879,791,17088,39,165,2018
"Wayne County, Ohio",115967,114884,56633,15092,4185,10907,32492,3261,29231,9049,514,8535,58251,14092,4147,9945,33130,4740,28390,11029,1354,9675,39,169,2018
"Wood County, Ohio",130696,129485,64055,14397,3579,10818,40708,3545,37163,8950,853,8097,65430,15183,3330,11853,39921,4567,35354,10326,378,9948,39,173,2018
"Canadian County, Oklahoma",144447,142312,69245,19391,5605,13786,41822,2104,39718,8032,223,7809,73067,20068,6106,13962,42595,2740,39855,10404,422,9982,40,017,2018
"Cleveland County, Oklahoma",281669,276516,135890,32928,10867,22061,86589,4748,81841,16373,554,15819,140626,32993,10327,22666,87483,6852,80631,20150,1587,18563,40,027,2018
"Comanche County, Oklahoma",120422,106715,51184,14747,2817,11930,30001,2146,27855,6436,1137,5299,55531,14200,3294,10906,33350,2932,30418,7981,994,6987,40,031,2018
"Creek County, Oklahoma",71604,70788,34987,9228,4173,5055,20269,1549,18720,5490,301,5189,35801,8564,3175,5389,20607,2557,18050,6630,562,6068,40,037,2018
"Muskogee County, Oklahoma",68362,65107,31933,9083,4082,5001,17978,1702,16276,4872,532,4340,33174,8351,3765,4586,18910,2877,16033,5913,601,5312,40,101,2018
"Oklahoma County, Oklahoma",792582,781370,380802,109049,48397,60652,225087,14572,210515,46666,5790,40876,400568,103699,48303,55396,237920,22311,215609,58949,5907,53042,40,109,2018
"Payne County, Oklahoma",82040,80262,40531,9675,1885,7790,26090,932,25158,4766,26,4740,39731,8981,1691,7290,24677,2092,22585,6073,353,5720,40,119,2018
"Pottawatomie County, Oklahoma",72679,70903,34435,8802,4113,4689,20392,1937,18455,5241,533,4708,36468,9126,4346,4780,21074,3161,17913,6268,870,5398,40,125,2018
"Rogers County, Oklahoma",91984,90863,45086,11690,3573,8117,26937,1441,25496,6459,537,5922,45777,11270,3579,7691,26734,2107,24627,7773,596,7177,40,131,2018
"Tulsa County, Oklahoma",648360,643418,313444,87745,35862,51883,186550,11707,174843,39149,3359,35790,329974,84338,34805,49533,193743,19321,174422,51893,5361,46532,40,143,2018
"Wagoner County, Oklahoma",80110,79665,39376,10679,4306,6373,22615,1527,21088,6082,292,5790,40289,10120,4117,6003,23430,2494,20936,6739,604,6135,40,145,2018
"Benton County, Oregon",92101,91904,46358,9274,2753,6521,30183,3021,27162,6901,531,6370,45546,8862,3243,5619,28816,4330,24486,7868,877,6991,41,003,2018
"Clackamas County, Oregon",416075,414437,204989,48737,10414,38323,122505,12773,109732,33747,3249,30498,209448,45094,11519,33575,124395,16541,107854,39959,4187,35772,41,005,2018
"Deschutes County, Oregon",191996,191236,95135,20650,7640,13010,55705,7632,48073,18780,1883,16897,96101,19999,6657,13342,56382,8715,47667,19720,3073,16647,41,017,2018
"Douglas County, Oregon",110283,109619,53836,11254,5840,5414,29450,7356,22094,13132,1209,11923,55783,11196,5760,5436,30036,7368,22668,14551,1216,13335,41,019,2018
"Jackson County, Oregon",219564,218330,105737,23074,13106,9968,61100,12555,48545,21563,2220,19343,112593,23416,12112,11304,62662,14247,48415,26515,2884,23631,41,029,2018
"Josephine County, Oregon",87393,86819,42774,9521,5455,4066,22476,7137,15339,10777,905,9872,44045,8443,4776,3667,23563,8277,15286,12039,1527,10512,41,033,2018
"Klamath County, Oregon",67653,66930,33189,8374,4161,4213,17775,4429,13346,7040,949,6091,33741,7865,4428,3437,18399,5620,12779,7477,1370,6107,41,035,2018
"Lane County, Oregon",379611,377678,185464,39698,19098,20600,111909,21512,90397,33857,3416,30441,192214,36426,18875,17551,116544,29530,87014,39244,4668,34576,41,039,2018
"Linn County, Oregon",127335,126588,62211,15134,6351,8783,35814,7768,28046,11263,1455,9808,64377,14381,6852,7529,37139,10073,27066,12857,1178,11679,41,043,2018
"Marion County, Oregon",346868,340328,169197,46808,21208,25600,99097,19678,79419,23292,3685,19607,171131,44420,22654,21766,98015,22997,75018,28696,4221,24475,41,047,2018
"Multnomah County, Oregon",811880,806738,398988,82629,33780,48849,269858,41313,228545,46501,5294,41207,407750,77797,27472,50325,269923,48668,221255,60030,10340,49690,41,051,2018
"Polk County, Oregon",85234,84826,40659,10400,5044,5356,23200,2816,20384,7059,735,6324,44167,10493,4554,5939,25695,5704,19991,7979,1047,6932,41,053,2018
"Umatilla County, Oregon",77516,73243,35787,9675,5161,4514,20863,3809,17054,5249,448,4801,37456,11124,7168,3956,20143,5628,14515,6189,1071,5118,41,059,2018
"Washington County, Oregon",597695,594371,295094,73467,20884,52583,186641,16498,170143,34986,3503,31483,299277,69629,18471,51158,185307,23800,161507,44341,4279,40062,41,067,2018
"Yamhill County, Oregon",107002,104760,50888,12324,3378,8946,30654,6008,24646,7910,494,7416,53872,12590,4890,7700,31625,5306,26319,9657,875,8782,41,071,2018
"Adams County, Pennsylvania",102811,101521,50085,11646,3916,7730,29268,3052,26216,9171,1071,8100,51436,10988,3191,7797,29760,3452,26308,10688,1305,9383,42,001,2018
"Allegheny County, Pennsylvania",1218452,1205896,581945,123942,38168,85774,363464,42143,321321,94539,10960,83579,623951,119365,38720,80645,376348,55311,321037,128238,17074,111164,42,003,2018
"Armstrong County, Pennsylvania",65263,64727,32510,6753,2225,4528,19393,3366,16027,6364,685,5679,32217,6224,1961,4263,18348,3852,14496,7645,1225,6420,42,005,2018
"Beaver County, Pennsylvania",164742,163497,79335,16632,7042,9590,47394,8370,39024,15309,1645,13664,84162,16418,6090,10328,47922,10691,37231,19822,2368,17454,42,007,2018
"Berks County, Pennsylvania",420152,415511,203071,50203,20424,29779,121338,14593,106745,31530,3104,28426,212440,49611,18570,31041,124282,20854,103428,38547,4884,33663,42,011,2018
"Blair County, Pennsylvania",122492,121010,58666,13376,5287,8089,34689,6279,28410,10601,914,9687,62344,12783,5407,7376,35937,8916,27021,13624,1971,11653,42,013,2018
"Bucks County, Pennsylvania",628195,622579,304941,68354,15059,53295,185143,14244,170899,51444,4061,47383,317638,66774,15241,51533,188301,18149,170152,62563,4777,57786,42,017,2018
"Butler County, Pennsylvania",187888,185959,91961,20776,5650,15126,55906,5031,50875,15279,1286,13993,93998,19216,4696,14520,56205,6858,49347,18577,2037,16540,42,019,2018
"Cambria County, Pennsylvania",131730,128466,63046,13264,6409,6855,36979,7594,29385,12803,1967,10836,65420,13109,5727,7382,36287,8425,27862,16024,2838,13186,42,021,2018
"Carbon County, Pennsylvania",64227,63198,31137,6304,2651,3653,18794,3540,15254,6039,588,5451,32061,6459,3581,2878,18763,3093,15670,6839,937,5902,42,025,2018
"Centre County, Pennsylvania",162805,157316,80610,13443,2408,11035,57074,3490,53584,10093,763,9330,76706,13962,2693,11269,50942,4305,46637,11802,1103,10699,42,027,2018
"Chester County, Pennsylvania",522046,516656,253981,63684,12222,51462,153192,8562,144630,37105,2178,34927,262675,61568,12540,49028,155144,11756,143388,45963,3996,41967,42,029,2018
"Clearfield County, Pennsylvania",79388,73881,36571,8129,4485,3644,21526,4129,17397,6916,627,6289,37310,7168,3224,3944,21437,6317,15120,8705,1051,7654,42,033,2018
"Columbia County, Pennsylvania",65456,64710,31428,6760,2461,4299,19265,2405,16860,5403,525,4878,33282,6466,1983,4483,20104,2972,17132,6712,608,6104,42,037,2018
"Crawford County, Pennsylvania",85063,83502,41319,9582,3402,6180,23629,4043,19586,8108,1132,6976,42183,9257,3001,6256,23638,6012,17626,9288,854,8434,42,039,2018
"Cumberland County, Pennsylvania",251423,243796,118470,28107,7700,20407,70594,6332,64262,19769,1269,18500,125326,27040,7342,19698,72970,7791,65179,25316,2251,23065,42,041,2018
"Dauphin County, Pennsylvania",277097,273462,131975,33475,14224,19251,79094,13005,66089,19406,2067,17339,141487,31701,15580,16121,83760,15697,68063,26026,3914,22112,42,043,2018
"Delaware County, Pennsylvania",564751,556794,267389,67680,22700,44980,161526,19836,141690,38183,3958,34225,289405,64526,22322,42204,174294,29307,144987,50585,6853,43732,42,045,2018
"Erie County, Pennsylvania",272061,265285,128819,31718,14130,17588,75688,16196,59492,21413,2727,18686,136466,30509,12148,18361,80461,18583,61878,25496,3698,21798,42,049,2018
"Fayette County, Pennsylvania",130441,126836,61218,13055,4846,8209,36399,6765,29634,11764,1153,10611,65618,13020,5610,7410,37389,9889,27500,15209,2382,12827,42,051,2018
"Franklin County, Pennsylvania",154835,153565,75035,18456,7804,10652,43438,4524,38914,13141,1480,11661,78530,18073,7680,10393,44348,7805,36543,16109,1998,14111,42,055,2018
"Indiana County, Pennsylvania",84501,83204,41445,8568,3424,5144,25380,3570,21810,7497,848,6649,41759,8015,2504,5511,24824,4521,20303,8920,1562,7358,42,063,2018
"Lackawanna County, Pennsylvania",210793,206943,99585,23479,11007,12472,58735,8859,49876,17371,1371,16000,107358,22894,11008,11886,61828,14826,47002,22636,2906,19730,42,069,2018
"Lancaster County, Pennsylvania",543557,537703,262699,68718,20316,48402,151921,15373,136548,42060,3095,38965,275004,67578,19489,48089,155124,23679,131445,52302,5139,47163,42,071,2018
"Lawrence County, Pennsylvania",86184,85068,41247,8937,4086,4851,24380,4778,19602,7930,519,7411,43821,9031,4924,4107,24415,6484,17931,10375,1092,9283,42,073,2018
"Lebanon County, Pennsylvania",141314,139664,68442,17316,7345,9971,38963,5063,33900,12163,1148,11015,71222,16999,7243,9756,39834,7322,32512,14389,1125,13264,42,075,2018
"Lehigh County, Pennsylvania",368100,363175,177716,45081,19775,25306,106292,15153,91139,26343,1974,24369,185459,41810,15444,26366,110444,23012,87432,33205,4284,28921,42,077,2018
"Luzerne County, Pennsylvania",317646,310069,151284,33689,17407,16282,91476,14196,77280,26119,3093,23026,158785,33127,14671,18456,91463,21050,70413,34195,4778,29417,42,079,2018
"Lycoming County, Pennsylvania",113664,110479,53888,12483,4639,7844,31924,5047,26877,9481,487,8994,56591,13204,5168,8036,31909,6778,25131,11478,1671,9807,42,081,2018
"Mercer County, Pennsylvania",110683,106553,51905,11635,5313,6322,30224,5402,24822,10046,1327,8719,54648,11000,4249,6751,30987,7114,23873,12661,2066,10595,42,085,2018
"Monroe County, Pennsylvania",169507,168513,83233,19626,8266,11360,50772,9938,40834,12835,1273,11562,85280,18312,6886,11426,52138,10314,41824,14830,1910,12920,42,089,2018
"Montgomery County, Pennsylvania",828604,815035,394804,96784,22651,74133,237299,18969,218330,60721,5021,55700,420231,92395,18223,74172,247608,22673,224935,80228,6444,73784,42,091,2018
"Northampton County, Pennsylvania",304807,302138,148734,34208,12683,21525,90042,10409,79633,24484,2455,22029,153404,31327,11382,19945,90383,13432,76951,31694,3475,28219,42,095,2018
"Northumberland County, Pennsylvania",91083,87315,42980,9094,2621,6473,25438,4350,21088,8448,1236,7212,44335,9335,3363,5972,24721,4864,19857,10279,1709,8570,42,097,2018
"Philadelphia County, Pennsylvania",1584138,1570425,742229,184878,111546,73332,473322,121871,351451,84029,18948,65081,828196,182250,114016,68234,520858,159704,361154,125088,31054,94034,42,101,2018
"Schuylkill County, Pennsylvania",142067,134864,67331,15713,5929,9784,39149,6681,32468,12469,1396,11073,67533,14144,5228,8916,38472,7392,31080,14917,2035,12882,42,107,2018
"Somerset County, Pennsylvania",73952,68890,33872,7196,2203,4993,19481,3375,16106,7195,632,6563,35018,6782,2739,4043,19738,4649,15089,8498,1246,7252,42,111,2018
"Washington County, Pennsylvania",207346,205518,100293,21457,6543,14914,60208,7872,52336,18628,1572,17056,105225,21683,8073,13610,61030,10605,50425,22512,2220,20292,42,125,2018
"Westmoreland County, Pennsylvania",350611,347333,170529,34572,11573,22999,101641,14571,87070,34316,3319,30997,176804,33227,10222,23005,100398,15108,85290,43179,4334,38845,42,129,2018
"York County, Pennsylvania",448273,443256,219114,53833,21248,32585,130649,13163,117486,34632,2934,31698,224142,50466,20241,30225,132499,21730,110769,41177,5121,36056,42,133,2018
"Kent County, Rhode Island",163861,162641,79610,17212,5304,11908,49452,6924,42528,12946,1310,11636,83031,15127,4226,10901,50804,6746,44058,17100,2659,14441,44,003,2018
"Newport County, Rhode Island",82542,78948,38646,7624,1248,6376,22418,2358,20060,8604,1169,7435,40302,6912,1046,5866,23837,2679,21158,9553,1069,8484,44,005,2018
"Providence County, Rhode Island",636084,627044,304633,71031,34338,36693,193716,44559,149157,39886,8830,31056,322411,68641,32061,36580,200912,53934,146978,52858,13081,39777,44,007,2018
"Washington County, Rhode Island",126179,124697,60478,11449,2879,8570,37419,3256,34163,11610,1092,10518,64219,11322,1765,9557,38973,4091,34882,13924,1513,12411,44,009,2018
"Aiken County, South Carolina",169401,167709,82049,21109,8614,12495,46702,5124,41578,14238,1229,13009,85660,17745,7352,10393,50131,6661,43470,17784,1824,15960,45,003,2018
"Anderson County, South Carolina",200482,199149,96442,25209,9942,15267,55858,5213,50645,15375,1313,14062,102707,22414,8399,14015,60701,8098,52603,19592,2776,16816,45,007,2018
"Beaufort County, South Carolina",188715,181126,84707,18170,6695,11475,42667,2296,40371,23870,868,23002,96419,19043,5374,13669,50200,4741,45459,27176,2132,25044,45,013,2018
"Berkeley County, South Carolina",221091,214986,105253,29070,11321,17749,62416,4962,57454,13767,1910,11857,109733,25986,9990,15996,67038,8558,58480,16709,2236,14473,45,015,2018
"Charleston County, South Carolina",405905,398195,190605,44108,15278,28830,117821,8643,109178,28676,1666,27010,207590,42063,16924,25139,128975,13954,115021,36552,4388,32164,45,019,2018
"Darlington County, South Carolina",66802,66096,32655,10265,5578,4687,17128,1883,15245,5262,542,4720,33441,7069,4652,2417,19381,3615,15766,6991,2117,4874,45,031,2018
"Dorchester County, South Carolina",160647,158193,76251,21126,7333,13793,45241,3171,42070,9884,994,8890,81942,20643,7774,12869,48932,8075,40857,12367,1552,10815,45,035,2018
"Florence County, South Carolina",138159,136750,62776,17362,8601,8761,35763,3920,31843,9651,802,8849,73974,17578,9769,7809,43399,6785,36614,12997,2270,10727,45,041,2018
"Greenville County, South Carolina",514213,510145,247792,64021,21397,42624,148600,9574,139026,35171,2487,32684,262353,60373,21340,39033,157541,16904,140637,44439,6071,38368,45,045,2018
"Greenwood County, South Carolina",70741,69733,32314,7376,4050,3326,19507,2831,16676,5431,1215,4216,37419,8556,4681,3875,21846,3580,18266,7017,1757,5260,45,047,2018
"Horry County, South Carolina",344147,341930,165040,34471,16943,17528,91473,10072,81401,39096,2063,37033,176890,32038,16355,15683,101320,16839,84481,43532,4331,39201,45,051,2018
"Kershaw County, South Carolina",65592,65184,32632,9698,4682,5016,17818,2102,15716,5116,562,4554,32552,6749,2153,4596,19199,2882,16317,6604,1316,5288,45,055,2018
"Lancaster County, South Carolina",95380,93475,44227,10754,3648,7106,24876,1710,23166,8597,686,7911,49248,10980,3834,7146,27611,4131,23480,10657,1581,9076,45,057,2018
"Laurens County, South Carolina",66994,65806,32363,8632,4876,3756,18269,3448,14821,5462,595,4867,33443,6470,3594,2876,20633,4054,16579,6340,680,5660,45,059,2018
"Lexington County, South Carolina",295032,292250,140499,36024,13989,22035,84472,6847,77625,20003,2164,17839,151751,36015,15763,20252,89981,11652,78329,25755,3002,22753,45,063,2018
"Oconee County, South Carolina",78374,77830,38371,8345,4488,3857,21619,2111,19508,8407,1485,6922,39459,7676,3452,4224,21744,3553,18191,10039,752,9287,45,073,2018
"Orangeburg County, South Carolina",86934,86165,40622,9778,6535,3243,23746,4144,19602,7098,2349,4749,45543,10209,6103,4106,26016,7031,18985,9318,4249,5069,45,075,2018
"Pickens County, South Carolina",124937,124287,62617,14492,6612,7880,38981,2962,36019,9144,845,8299,61670,12304,4101,8203,38106,5132,32974,11260,1476,9784,45,077,2018
"Richland County, South Carolina",414576,392610,183547,48199,19460,28739,113799,10042,103757,21549,2357,19192,209063,47659,21186,26473,131358,20241,111117,30046,4993,25053,45,079,2018
"Spartanburg County, South Carolina",313888,309688,147896,38574,16312,22262,87751,7480,80271,21571,1660,19911,161792,39206,18546,20660,94892,12137,82755,27694,3643,24051,45,083,2018
"Sumter County, South Carolina",106512,102056,48126,13981,7496,6485,27121,3531,23590,7024,1152,5872,53930,12383,6277,6106,31620,5924,25696,9927,2332,7595,45,085,2018
"York County, South Carolina",274118,272465,131404,36426,12329,24097,78058,5646,72412,16920,1105,15815,141061,34342,9503,24839,84915,8499,76416,21804,1711,20093,45,091,2018
"Minnehaha County, South Dakota",192876,189856,96058,26384,7973,18411,58517,4006,54511,11157,709,10448,93798,24389,6058,18331,55924,4378,51546,13485,993,12492,46,099,2018
"Pennington County, South Dakota",111729,108883,54303,13854,5620,8234,30889,1101,29788,9560,1067,8493,54580,11898,3611,8287,32293,2943,29350,10389,769,9620,46,103,2018
"Anderson County, Tennessee",76482,75561,36247,8505,4272,4233,21250,2187,19063,6492,645,5847,39314,8604,5266,3338,22345,5184,17161,8365,1794,6571,47,001,2018
"Blount County, Tennessee",131349,130253,62973,15255,5431,9824,35784,4955,30829,11934,978,10956,67280,13257,5096,8161,39139,6882,32257,14884,1495,13389,47,009,2018
"Bradley County, Tennessee",106727,105605,51714,13375,6929,6446,30790,3962,26828,7549,618,6931,53891,11508,5727,5781,32427,6326,26101,9956,1948,8008,47,011,2018
"Davidson County, Tennessee",692587,686362,329975,76386,33646,42740,218349,15951,202398,35240,2903,32337,356387,75502,34490,41012,232975,28871,204104,47910,5120,42790,47,037,2018
"Greene County, Tennessee",69087,67713,33367,7406,3842,3564,19499,2018,17481,6462,1324,5138,34346,6724,3013,3711,19856,3165,16691,7766,1381,6385,47,059,2018
"Hamilton County, Tennessee",364286,360390,173397,41790,16725,25065,104489,8264,96225,27118,2423,24695,186993,39015,16382,22633,113215,16787,96428,34763,6071,28692,47,065,2018
"Knox County, Tennessee",465289,461345,223189,52233,16215,36018,139568,11901,127667,31388,2350,29038,238156,51880,16940,34940,146121,18683,127438,40155,3584,36571,47,093,2018
"Madison County, Tennessee",97605,96285,45705,12156,6986,5170,26376,3386,22990,7173,1070,6103,50580,11006,6983,4023,30593,6739,23854,8981,1109,7872,47,113,2018
"Maury County, Tennessee",94340,93263,45717,12529,4829,7700,26371,2979,23392,6817,786,6031,47546,10271,4426,5845,29842,7472,22370,7433,1079,6354,47,119,2018
"Montgomery County, Tennessee",205950,193394,92615,29196,9395,19801,54729,6077,48652,8690,772,7918,100779,27844,8275,19569,63537,10195,53342,9398,777,8621,47,125,2018
"Putnam County, Tennessee",78843,77910,38226,8205,3831,4374,24295,2652,21643,5726,619,5107,39684,9038,3734,5304,23561,3844,19717,7085,856,6229,47,141,2018
"Robertson County, Tennessee",71012,70057,34328,8699,2986,5713,20992,2123,18869,4637,681,3956,35729,8965,3524,5441,21456,2371,19085,5308,669,4639,47,147,2018
"Rutherford County, Tennessee",324890,322294,158346,43875,11983,31892,100170,6840,93330,14301,576,13725,163948,41826,16727,25099,103447,11549,91898,18675,1775,16900,47,149,2018
"Sevier County, Tennessee",97892,97115,48400,11881,7782,4099,27776,5285,22491,8743,608,8135,48715,9602,5533,4069,28966,7714,21252,10147,1320,8827,47,155,2018
"Shelby County, Tennessee",935764,924112,436923,123951,57410,66541,260852,23502,237350,52120,7161,44959,487189,120375,56453,63922,294672,55669,239003,72142,13625,58517,47,157,2018
"Sullivan County, Tennessee",157668,155943,75236,16217,8438,7779,43426,5536,37890,15593,2016,13577,80707,15951,7637,8314,45968,9446,36522,18788,3301,15487,47,163,2018
"Sumner County, Tennessee",187149,185849,91962,24247,9586,14661,54845,4435,50410,12870,1270,11600,93887,21264,8763,12501,56651,7432,49219,15972,1815,14157,47,165,2018
"Washington County, Tennessee",128607,126765,62093,12940,5899,7041,38988,4402,34586,10165,1422,8743,64672,12546,4827,7719,39755,6258,33497,12371,1829,10542,47,179,2018
"Williamson County, Tennessee",231729,231238,113849,34520,2255,32265,65109,2016,63093,14220,1068,13152,117389,32596,3843,28753,68588,3415,65173,16205,1299,14906,47,187,2018
"Wilson County, Tennessee",140625,139637,68788,19350,5705,13645,39184,2774,36410,10254,404,9850,70849,16047,3937,12110,43012,4249,38763,11790,603,11187,47,189,2018
"Angelina County, Texas",87092,85137,41380,12518,6997,5521,23450,2603,20847,5412,832,4580,43757,10543,5859,4684,25696,4680,21016,7518,1170,6348,48,005,2018
"Bastrop County, Texas",86976,84840,42342,12506,3945,8561,24098,1024,23074,5738,1111,4627,42498,10867,2615,8252,25589,1361,24228,6042,789,5253,48,021,2018
"Bell County, Texas",355642,337675,162746,53224,22006,31218,93257,6242,87015,16265,1475,14790,174929,50423,14606,35817,103211,10667,92544,21295,2312,18983,48,027,2018
"Bexar County, Texas",1986049,1958285,961648,273542,115212,158330,585148,49965,535183,102958,13464,89494,996637,264404,114612,149792,599447,66364,533083,132786,25059,107727,48,029,2018
"Bowie County, Texas",94324,88585,42017,11631,5130,6501,24193,1878,22315,6193,278,5915,46568,11591,4249,7342,26796,4326,22470,8181,656,7525,48,037,2018
"Brazoria County, Texas",370200,357850,175570,51627,10781,40846,104799,4763,100036,19144,2523,16621,182280,50611,11504,39107,108611,7526,101085,23058,3738,19320,48,039,2018
"Brazos County, Texas",226758,221744,111611,27425,8554,18871,74625,4009,70616,9561,808,8753,110133,25960,8126,17834,73073,5858,67215,11100,1665,9435,48,041,2018
"Cameron County, Texas",423908,422224,205102,69676,38196,31480,110486,8578,101908,24940,6148,18792,217122,66007,41218,24789,118953,13696,105257,32162,10339,21823,48,061,2018
"Collin County, Texas",1005146,1002454,493112,139824,19769,120055,305513,7294,298219,47775,5178,42597,509342,134496,17245,117251,313462,10871,302591,61384,4984,56400,48,085,2018
"Comal County, Texas",148373,146853,72970,18658,3738,14920,41893,2205,39688,12419,700,11719,73883,16874,3203,13671,43294,3592,39702,13715,1136,12579,48,091,2018
"Coryell County, Texas",74808,57998,26478,8785,3840,4945,14612,783,13829,3081,319,2762,31520,9106,2649,6457,18688,1759,16929,3726,690,3036,48,099,2018
"Dallas County, Texas",2637772,2619843,1289105,370529,159111,211418,798869,50928,747941,119707,15867,103840,1330738,355280,160268,195012,817890,67621,750269,157568,26469,131099,48,113,2018
"Denton County, Texas",859064,855963,421450,114744,19275,95469,268187,7316,260871,38519,2713,35806,434513,109006,18972,90034,278379,9051,269328,47128,4004,43124,48,121,2018
"Ector County, Texas",162124,161050,82120,26520,7175,19345,48905,1723,47182,6695,906,5789,78930,25231,6993,18238,45524,2939,42585,8175,2158,6017,48,135,2018
"Ellis County, Texas",179436,178288,87923,25848,7538,18310,52168,3085,49083,9907,743,9164,90365,24574,6858,17716,53441,3678,49763,12350,1331,11019,48,139,2018
"El Paso County, Texas",840758,819688,396858,123190,56772,66418,230261,14543,215718,43407,11365,32042,422830,117399,59912,57487,247573,22798,224775,57858,18542,39316,48,141,2018
"Fort Bend County, Texas",787858,783047,382802,115286,25010,90276,227920,8123,219797,39596,3515,36081,400245,111045,24238,86807,242328,12304,230024,46872,6164,40708,48,157,2018
"Galveston County, Texas",337890,332026,163491,44791,12329,32462,96910,4826,92084,21790,2148,19642,168535,40954,11377,29577,102148,8685,93463,25433,3284,22149,48,167,2018
"Grayson County, Texas",133991,132750,64610,17013,5095,11918,37368,2351,35017,10229,857,9372,68140,16132,6757,9375,39367,3530,35837,12641,1462,11179,48,181,2018
"Gregg County, Texas",123707,121735,57761,16329,5123,11206,33600,2189,31411,7832,955,6877,63974,17782,7975,9807,35908,4059,31849,10284,481,9803,48,183,2018
"Guadalupe County, Texas",163694,161133,79253,23739,6590,17149,45813,3254,42559,9701,789,8912,81880,21360,5663,15697,48637,3107,45530,11883,1273,10610,48,187,2018
"Harris County, Texas",4698619,4675802,2317299,671157,296472,374685,1429472,100165,1329307,216670,27989,188681,2358503,645459,287206,358253,1441613,153511,1288102,271431,47753,223678,48,201,2018
"Harrison County, Texas",66726,65988,31900,8503,4052,4451,18694,2012,16682,4703,234,4469,34088,9609,4451,5158,18634,2633,16001,5845,448,5397,48,203,2018
"Hays County, Texas",222631,220797,109746,26643,6996,19647,71922,1589,70333,11181,642,10539,111051,26601,5017,21584,71055,3081,67974,13395,990,12405,48,209,2018
"Henderson County, Texas",82299,81261,38048,8973,4680,4293,21232,3421,17811,7843,555,7288,43213,9871,5292,4579,23448,2366,21082,9894,845,9049,48,213,2018
"Hidalgo County, Texas",865939,858369,419272,152554,88877,63677,225055,17728,207327,41663,14956,26707,439097,145063,90649,54414,241337,22258,219079,52697,21624,31073,48,215,2018
"Hunt County, Texas",96493,95686,47292,12689,4840,7849,28069,2451,25618,6534,811,5723,48394,12492,5522,6970,28048,3070,24978,7854,1036,6818,48,231,2018
"Jefferson County, Texas",255001,241375,117561,32461,17087,15374,69489,4880,64609,15611,2105,13506,123814,31741,15522,16219,72199,8439,63760,19874,2813,17061,48,245,2018
"Johnson County, Texas",171361,168904,83496,23347,6878,16469,49604,2398,47206,10545,868,9677,85408,22563,7021,15542,50431,3745,46686,12414,1295,11119,48,251,2018
"Kaufman County, Texas",128622,127531,62044,18925,6855,12070,36088,3321,32767,7031,528,6503,65487,19818,6095,13723,38159,4527,33632,7510,610,6900,48,257,2018
"Liberty County, Texas",86323,77688,39642,13029,6638,6391,22006,1248,20758,4607,703,3904,38046,11051,4402,6649,20981,1794,19187,6014,1159,4855,48,291,2018
"Lubbock County, Texas",307412,303397,149159,40232,14668,25564,93182,6176,87006,15745,2422,13323,154238,39057,14900,24157,94314,9195,85119,20867,2237,18630,48,303,2018
"McLennan County, Texas",254607,250394,121387,34397,13865,20532,71287,6529,64758,15703,1496,14207,129007,33082,15363,17719,76164,8566,67598,19761,3019,16742,48,309,2018
"Midland County, Texas",172578,171363,85105,25237,5098,20139,51945,3152,48793,7923,839,7084,86258,26386,5206,21180,49783,2916,46867,10089,970,9119,48,329,2018
"Montgomery County, Texas",590925,588513,293035,85357,24952,60405,173037,5419,167618,34641,2457,32184,295478,79072,23504,55568,173806,10629,163177,42600,3850,38750,48,339,2018
"Nacogdoches County, Texas",65711,64924,31620,8801,4102,4699,18685,1584,17101,4134,423,3711,33304,8998,4299,4699,19375,3077,16298,4931,941,3990,48,347,2018
"Nueces County, Texas",362265,357736,176477,48886,20658,28228,104387,9582,94805,23204,4090,19114,181259,46926,22253,24673,106176,14048,92128,28157,6078,22079,48,355,2018
"Orange County, Texas",83572,82757,40994,11139,4313,6826,23953,2836,21117,5902,718,5184,41763,10295,3047,7248,24242,3099,21143,7226,1006,6220,48,361,2018
"Parker County, Texas",138371,136857,67634,18822,3682,15140,38939,1752,37187,9873,1227,8646,69223,17537,2737,14800,40810,2547,38263,10876,1567,9309,48,367,2018
"Potter County, Texas",119648,112868,55274,17169,6686,10483,32189,2314,29875,5916,633,5283,57594,16541,7455,9086,34294,3328,30966,6759,1000,5759,48,375,2018
"Randall County, Texas",136271,135464,66672,17957,4625,13332,39859,1413,38446,8856,790,8066,68792,16761,3365,13396,40439,1866,38573,11592,1343,10249,48,381,2018
"Rockwall County, Texas",100657,99743,48526,14287,1404,12883,28713,461,28252,5526,488,5038,51217,14046,2021,12025,30862,1332,29530,6309,569,5740,48,397,2018
"San Patricio County, Texas",66893,66122,33533,9794,4228,5566,19141,2123,17018,4598,562,4036,32589,8889,4684,4205,18484,3376,15108,5216,885,4331,48,409,2018
"Smith County, Texas",230221,227757,110028,31101,12529,18572,62613,6048,56565,16314,1202,15112,117729,28660,11722,16938,68592,5703,62889,20477,2233,18244,48,423,2018
"Tarrant County, Texas",2084931,2068666,1011089,295617,106816,188801,613765,33339,580426,101707,10622,91085,1057577,284134,104541,179593,644984,49293,595691,128459,16434,112025,48,439,2018
"Taylor County, Texas",137640,132182,62763,17675,8080,9595,37043,2051,34992,8045,639,7406,69419,18870,6432,12438,39863,4732,35131,10686,1496,9190,48,441,2018
"Tom Green County, Texas",118189,112716,55255,15448,5936,9512,31714,3484,28230,8093,1035,7058,57461,14598,4506,10092,33405,3720,29685,9458,778,8680,48,451,2018
"Travis County, Texas",1248743,1240641,625120,144713,46701,98012,425345,20436,404909,55062,3600,51462,615521,140573,46634,93939,408915,26495,382420,66033,6542,59491,48,453,2018
"Victoria County, Texas",92035,91066,43632,11944,4745,7199,25486,2385,23101,6202,898,5304,47434,12991,3963,9028,26232,4003,22229,8211,1876,6335,48,469,2018
"Walker County, Texas",72480,57066,25119,6391,2395,3996,15172,377,14795,3556,365,3191,31947,5745,1607,4138,21347,2067,19280,4855,366,4489,48,471,2018
"Webb County, Texas",275910,273632,133660,48561,25847,22714,74154,5234,68920,10945,3340,7605,139972,47616,25961,21655,77645,7229,70416,14711,6523,8188,48,479,2018
"Wichita County, Texas",132064,118454,56753,15082,5621,9461,33674,3625,30049,7997,694,7303,61701,16537,6490,10047,35283,5233,30050,9881,1281,8600,48,485,2018
"Williamson County, Texas",566719,564083,277352,77882,12436,65446,169409,7244,162165,30061,1733,28328,286731,75129,13438,61691,173874,11282,162592,37728,3881,33847,48,491,2018
"Wise County, Texas",68305,67532,33504,9152,2935,6217,19507,651,18856,4845,372,4473,34028,8972,2544,6428,20063,1730,18333,4993,272,4721,48,497,2018
"Cache County, Utah",127068,126245,63129,20622,4232,16390,37034,1407,35627,5473,281,5192,63116,20770,3590,17180,36501,2281,34220,5845,559,5286,49,005,2018
"Davis County, Utah",351713,347850,174568,61297,8427,52870,96648,3513,93135,16623,1586,15037,173282,57024,7733,49291,97587,6595,90992,18671,2039,16632,49,011,2018
"Salt Lake County, Utah",1152633,1145983,573121,165782,34625,131157,351304,16902,334402,56035,4363,51672,572862,162334,32954,129380,343064,25440,317624,67464,7987,59477,49,035,2018
"Tooele County, Utah",69907,69547,35553,12809,2007,10802,19581,841,18740,3163,379,2784,33994,11500,1235,10265,19298,1295,18003,3196,295,2901,49,045,2018
"Utah County, Utah",622213,618703,312303,113513,18150,95363,176855,10856,165999,21935,1759,20176,306400,107083,16093,90990,173768,12868,160900,25549,2241,23308,49,049,2018
"Washington County, Utah",171700,170207,84048,24788,4498,20290,41590,3163,38427,17670,1232,16438,86159,22690,4673,18017,44038,5106,38932,19431,1789,17642,49,053,2018
"Weber County, Utah",256359,253837,126345,38457,6981,31476,74323,3863,70460,13565,1280,12285,127492,37910,6170,31740,73998,8517,65481,15584,1918,13666,49,057,2018
"Chittenden County, Vermont",164572,163043,79630,16499,3941,12558,51812,7635,44177,11319,1826,9493,83413,16388,3852,12536,52949,6496,46453,14076,1701,12375,50,007,2018
"Albemarle County, Virginia",108718,107458,50960,12564,2001,10563,29571,1011,28560,8825,153,8672,56498,12155,2986,9169,32633,1547,31086,11710,552,11158,51,003,2018
"Arlington County, Virginia",237521,232109,115086,23689,2758,20931,80525,1171,79354,10872,815,10057,117023,21001,2376,18625,82564,889,81675,13458,1489,11969,51,013,2018
"Augusta County, Virginia",75457,70454,33913,7464,2592,4872,19300,722,18578,7149,321,6828,36541,7504,1916,5588,20466,2007,18459,8571,346,8225,51,015,2018
"Bedford County, Virginia",78747,78317,38457,8174,2059,6115,22533,1467,21066,7750,757,6993,39860,7920,1946,5974,23301,966,22335,8639,776,7863,51,019,2018
"Chesterfield County, Virginia",348556,346120,167166,44856,11593,33263,99114,4373,94741,23196,1357,21839,178954,42283,9104,33179,108223,8861,99362,28448,2199,26249,51,041,2018
"Fairfax County, Virginia",1150795,1138031,561126,146609,24929,121680,344192,8202,335990,70325,4394,65931,576905,138455,23704,114751,355637,13979,341658,82813,7385,75428,51,059,2018
"Fauquier County, Virginia",70675,70392,34386,8827,2043,6784,20157,402,19755,5402,301,5101,36006,8416,1309,7107,21264,334,20930,6326,437,5889,51,061,2018
"Frederick County, Virginia",88355,87305,43853,11392,2826,8566,25386,1242,24144,7075,412,6663,43452,10353,2261,8092,25139,1300,23839,7960,641,7319,51,069,2018
"Hanover County, Virginia",107239,106744,52159,13163,2162,11001,30431,1318,29113,8565,141,8424,54585,11959,1746,10213,32515,1304,31211,10111,1202,8909,51,085,2018
"Henrico County, Virginia",329261,326503,155302,41082,10066,31016,92854,4387,88467,21366,2502,18864,171201,38038,8792,29246,104115,7924,96191,29048,2602,26446,51,087,2018
"James City County, Virginia",76397,74833,34205,7401,1476,5925,18077,698,17379,8727,257,8470,40628,8970,1935,7035,21043,1090,19953,10615,646,9969,51,095,2018
"Loudoun County, Virginia",406850,404627,199897,61353,5600,55753,121892,2292,119600,16652,1204,15448,204730,59265,6390,52875,124770,3072,121698,20695,1697,18998,51,107,2018
"Montgomery County, Virginia",98985,98534,51480,9725,2174,7551,36538,1448,35090,5217,211,5006,47054,9884,2060,7824,30519,3122,27397,6651,641,6010,51,121,2018
"Prince William County, Virginia",468011,460115,227521,70310,15287,55023,136711,3093,133618,20500,1483,19017,232594,64272,17331,46941,142833,5170,137663,25489,2680,22809,51,153,2018
"Roanoke County, Virginia",94073,92536,44308,10781,1335,9446,25335,908,24427,8192,201,7991,48228,9523,1808,7715,27641,1898,25743,11064,352,10712,51,161,2018
"Rockingham County, Virginia",81244,80915,39299,9261,2159,7102,23180,1244,21936,6858,476,6382,41616,9364,1609,7755,24051,1413,22638,8201,1072,7129,51,165,2018
"Spotsylvania County, Virginia",134238,133743,66098,18486,4039,14447,39103,1000,38103,8509,1105,7404,67645,16765,4142,12623,40425,2998,37427,10455,1186,9269,51,177,2018
"Stafford County, Virginia",149960,143958,69744,20321,2222,18099,42369,1111,41258,7054,298,6756,74214,21001,2778,18223,45063,1959,43104,8150,337,7813,51,179,2018
"York County, Virginia",67846,64271,29174,7781,617,7164,16379,615,15764,5014,337,4677,35097,10083,1126,8957,18605,746,17859,6409,272,6137,51,199,2018
"Alexandria city, Virginia",160530,156336,73836,16628,4766,11862,48668,1352,47316,8540,205,8335,82500,15177,5124,10053,56496,2550,53946,10827,1490,9337,51,510,2018
"Chesapeake city, Virginia",242634,230143,107603,30349,6586,23763,63478,2859,60619,13776,916,12860,122540,31279,7049,24230,73388,6098,67290,17873,1908,15965,51,550,2018
"Hampton city, Virginia",134313,128424,60224,14946,4829,10117,36926,1852,35074,8352,1229,7123,68200,15111,4573,10538,41077,4809,36268,12012,2286,9726,51,650,2018
"Lynchburg city, Virginia",82126,80523,37441,8449,3928,4521,24447,3065,21382,4545,104,4441,43082,10353,4848,5505,26186,4179,22007,6543,922,5621,51,680,2018
"Newport News city, Virginia",178626,170028,79849,22891,8292,14599,47622,2977,44645,9336,591,8745,90179,20729,7393,13336,56097,5962,50135,13353,1657,11696,51,700,2018
"Norfolk city, Virginia",244076,215095,104268,25813,9289,16524,67214,6359,60855,11241,1414,9827,110827,26078,11968,14110,69290,12892,56398,15459,2272,13187,51,710,2018
"Portsmouth city, Virginia",94632,89076,41815,12170,5300,6870,23973,2601,21372,5672,569,5103,47261,10587,5505,5082,28692,5211,23481,7982,579,7403,51,740,2018
"Richmond city, Virginia",228783,226234,105478,21229,10084,11145,72404,7078,65326,11845,2397,9448,120756,22297,10773,11524,80553,12861,67692,17906,1957,15949,51,760,2018
"Roanoke city, Virginia",99920,98581,46724,12168,7396,4772,28361,2513,25848,6195,389,5806,51857,10776,7062,3714,31239,6870,24369,9842,747,9095,51,770,2018
"Suffolk city, Virginia",91185,89238,42714,12582,4009,8573,24482,1638,22844,5650,516,5134,46524,10763,3095,7668,28522,2857,25665,7239,695,6544,51,800,2018
"Virginia Beach city, Virginia",450189,424989,200535,52827,10381,42446,120487,5266,115221,27221,1550,25671,224454,50522,10362,40160,137866,8033,129833,36066,1810,34256,51,810,2018
"Benton County, Washington",201877,200756,99300,28031,13173,14858,57173,7951,49222,14096,1314,12782,101456,29154,11460,17694,56628,12278,44350,15674,1282,14392,53,005,2018
"Chelan County, Washington",77036,76397,38217,9327,5605,3722,22137,4247,17890,6753,738,6015,38180,9138,5604,3534,21705,5282,16423,7337,1030,6307,53,007,2018
"Clallam County, Washington",76737,75399,37272,7317,4027,3290,19872,3338,16534,10083,1197,8886,38127,6855,2855,4000,19512,4143,15369,11760,1792,9968,53,009,2018
"Clark County, Washington",481857,479328,237067,62591,23521,39070,140904,18053,122851,33572,2939,30633,242261,58150,22738,35412,143890,24572,119318,40221,4303,35918,53,011,2018
"Cowlitz County, Washington",108987,107980,52919,13556,7053,6503,29847,5494,24353,9516,1099,8417,55061,13450,8062,5388,30704,6774,23930,10907,2461,8446,53,015,2018
"Franklin County, Washington",94347,92317,46857,16120,10610,5510,26177,6684,19493,4560,534,4026,45460,15983,11171,4812,25064,5293,19771,4413,776,3637,53,021,2018
"Grant County, Washington",97331,96877,49531,15281,8127,7154,27015,6741,20274,7235,807,6428,47346,15037,8881,6156,25726,5741,19985,6583,1182,5401,53,025,2018
"Grays Harbor County, Washington",73901,70718,34009,7673,4841,2832,18995,5558,13437,7341,773,6568,36709,8681,4368,4313,19422,6780,12642,8606,1344,7262,53,027,2018
"Island County, Washington",84460,78016,37125,7894,2261,5633,19537,3447,16090,9694,1011,8683,40891,7674,1650,6024,22242,3994,18248,10975,1231,9744,53,029,2018
"King County, Washington",2233163,2219544,1112608,242318,70138,172180,741459,71338,670121,128831,14106,114725,1106936,235038,68176,166862,711853,88941,622912,160045,21389,138656,53,033,2018
"Kitsap County, Washington",269805,254318,124896,29782,9738,20044,72986,10240,62746,22128,1207,20921,129422,27727,7936,19791,76842,14154,62688,24853,2063,22790,53,035,2018
"Lewis County, Washington",79604,78710,39384,9501,5295,4206,21943,4852,17091,7940,660,7280,39326,8425,4202,4223,22536,6235,16301,8365,995,7370,53,041,2018
"Mason County, Washington",65507,64382,33107,6500,3987,2513,19766,5400,14366,6841,1250,5591,31275,7124,3642,3482,16356,4074,12282,7795,788,7007,53,045,2018
"Pierce County, Washington",891299,870329,428857,113108,47146,65962,261260,40886,220374,54489,6366,48123,441472,107024,41831,65193,268144,48363,219781,66304,9279,57025,53,053,2018
"Skagit County, Washington",128206,126580,62191,14945,7587,7358,35098,4317,30781,12148,868,11280,64389,14672,7325,7347,35574,5808,29766,14143,2311,11832,53,057,2018
"Snohomish County, Washington",814901,804955,399929,97803,26670,71133,253304,26369,226935,48822,5222,43600,405026,94748,28628,66120,251064,33743,217321,59214,7929,51285,53,061,2018
"Spokane County, Washington",514631,505215,245838,60981,28690,32291,148179,32819,115360,36678,4390,32288,259377,59264,27505,31759,155131,40121,115010,44982,5602,39380,53,063,2018
"Thurston County, Washington",286419,280820,134787,32402,10542,21860,80516,10563,69953,21869,2089,19780,146033,31859,12152,19707,87498,15963,71535,26676,4112,22564,53,067,2018
"Whatcom County, Washington",225685,224331,110839,24972,9954,15018,67737,12230,55507,18130,1793,16337,113492,24090,6481,17609,68829,13777,55052,20573,2187,18386,53,073,2018
"Yakima County, Washington",251446,248778,123641,39642,27764,11878,68522,14465,54057,15477,2242,13235,125137,38466,26513,11953,68474,18431,50043,18197,2440,15757,53,077,2018
"Berkeley County, West Virginia",117123,116562,58618,14922,4738,10184,35203,3430,31773,8493,807,7686,57944,13454,5889,7565,35485,6809,28676,9005,2207,6798,54,003,2018
"Cabell County, West Virginia",93224,91513,43789,9930,3129,6801,26665,6197,20468,7194,780,6414,47724,10144,4121,6023,28280,5962,22318,9300,991,8309,54,011,2018
"Harrison County, West Virginia",67554,66874,32475,7741,4951,2790,19432,3729,15703,5302,428,4874,34399,7665,3354,4311,19364,5152,14212,7370,901,6469,54,033,2018
"Kanawha County, West Virginia",180454,178401,86040,18929,10158,8771,51426,10370,41056,15685,2162,13523,92361,17900,8415,9485,53195,12083,41112,21266,2745,18521,54,039,2018
"Monongalia County, West Virginia",106420,105002,53989,10909,2654,8255,37125,3962,33163,5955,717,5238,51013,9547,2500,7047,34659,4790,29869,6807,587,6220,54,061,2018
"Raleigh County, West Virginia",74254,72005,35477,8981,4498,4483,19458,4786,14672,7038,757,6281,36528,7996,3901,4095,20204,7431,12773,8328,1710,6618,54,081,2018
"Wood County, West Virginia",84203,83654,40408,9575,4082,5493,23440,4572,18868,7393,1116,6277,43246,8812,3917,4895,24993,5488,19505,9441,1892,7549,54,107,2018
"Brown County, Wisconsin",263378,260477,129069,34308,9478,24830,77063,6036,71027,17698,2254,15444,131408,32755,8115,24640,77685,7942,69743,20968,2128,18840,55,009,2018
"Dane County, Wisconsin",542364,537808,265578,59959,13688,46271,172467,10005,162462,33152,2684,30468,272230,59490,12535,46955,171808,13463,158345,40932,3794,37138,55,025,2018
"Dodge County, Wisconsin",87847,83979,42788,9157,2327,6830,26751,1963,24788,6880,482,6398,41191,9021,2546,6475,24269,3805,20464,7901,571,7330,55,027,2018
"Eau Claire County, Wisconsin",104534,103849,51610,11751,2889,8862,32366,3808,28558,7493,967,6526,52239,11239,2465,8774,31989,3449,28540,9011,1145,7866,55,035,2018
"Fond du Lac County, Wisconsin",103066,101316,49921,11663,2282,9381,30054,3122,26932,8204,1009,7195,51395,11683,2903,8780,29413,5058,24355,10299,1905,8394,55,039,2018
"Jefferson County, Wisconsin",85129,84574,42124,10094,3249,6845,25290,1760,23530,6740,510,6230,42450,9858,2574,7284,24852,3068,21784,7740,839,6901,55,055,2018
"Kenosha County, Wisconsin",169290,167332,82746,21577,6850,14727,50699,4605,46094,10470,1121,9349,84586,19720,6050,13670,52332,8699,43633,12534,1848,10686,55,059,2018
"La Crosse County, Wisconsin",118230,116796,56232,12588,2696,9892,35412,3098,32314,8232,1350,6882,60564,12921,2642,10279,37441,3892,33549,10202,948,9254,55,063,2018
"Manitowoc County, Wisconsin",79074,78636,39734,8828,3085,5743,23700,2096,21604,7206,614,6592,38902,8002,2442,5560,22508,4280,18228,8392,750,7642,55,071,2018
"Marathon County, Wisconsin",135428,134394,67145,16215,5080,11135,40183,3366,36817,10747,947,9800,67249,16348,4164,12184,38503,4544,33959,12398,2268,10130,55,073,2018
"Milwaukee County, Wisconsin",948201,938630,452568,121913,58098,63815,276473,45745,230728,54182,8877,45305,486062,117736,55641,62095,296785,69589,227196,71541,14234,57307,55,079,2018
"Outagamie County, Wisconsin",187365,186084,92257,23565,5899,17666,56235,5322,50913,12457,1070,11387,93827,23074,4791,18283,56280,5736,50544,14473,1743,12730,55,087,2018
"Ozaukee County, Wisconsin",89147,88681,43697,10513,1210,9303,25185,1451,23734,7999,640,7359,44984,9509,1228,8281,26056,1712,24344,9419,724,8695,55,089,2018
"Portage County, Wisconsin",70942,70589,35315,7946,1647,6299,21966,1956,20010,5403,443,4960,35274,7165,1492,5673,21917,2273,19644,6192,286,5906,55,097,2018
"Racine County, Wisconsin",196584,191419,93935,24822,9963,14859,55303,9086,46217,13810,1572,12238,97484,23416,9692,13724,56854,10767,46087,17214,1746,15468,55,101,2018
"Rock County, Wisconsin",163129,161937,80410,21459,8341,13118,47298,6661,40637,11653,1378,10275,81527,18442,7723,10719,48347,9958,38389,14738,2052,12686,55,105,2018
"St. Croix County, Wisconsin",89694,89046,43938,11967,1779,10188,26285,1504,24781,5686,319,5367,45108,11768,1818,9950,26965,2731,24234,6375,738,5637,55,109,2018
"Sheboygan County, Wisconsin",115456,113179,56983,14480,4202,10278,33352,3419,29933,9151,810,8341,56196,12149,2726,9423,32921,3816,29105,11126,914,10212,55,117,2018
"Walworth County, Wisconsin",103718,103041,51959,11490,3693,7797,32048,3947,28101,8421,418,8003,51082,10820,3073,7747,31006,4983,26023,9256,1031,8225,55,127,2018
"Washington County, Wisconsin",135693,134959,66734,15517,2866,12651,40244,2743,37501,10973,1030,9943,68225,16148,2660,13488,39246,3127,36119,12831,1001,11830,55,131,2018
"Waukesha County, Wisconsin",403072,400321,196523,46577,5134,41443,116946,6989,109957,33000,2368,30632,203798,44211,6218,37993,118640,6803,111837,40947,3315,37632,55,133,2018
"Winnebago County, Wisconsin",171020,166379,82263,18952,5088,13864,51154,5361,45793,12157,1077,11080,84116,18998,6691,12307,49955,6154,43801,15163,1729,13434,55,139,2018
"Wood County, Wisconsin",73055,72536,35959,8186,3670,4516,21123,3057,18066,6650,461,6189,36577,8358,4287,4071,20232,3721,16511,7987,1027,6960,55,141,2018
"Laramie County, Wyoming",98976,95265,46652,11711,3411,8300,27448,1928,25520,7493,648,6845,48613,12624,3328,9296,27643,2446,25197,8346,809,7537,56,021,2018
"Natrona County, Wyoming",79115,77768,38812,10494,1794,8700,23035,684,22351,5283,896,4387,38956,9249,1477,7772,23464,1287,22177,6243,287,5956,56,025,2018
"Arecibo Municipio, Puerto Rico",82114,81539,38668,8462,4971,3491,22534,10365,12169,7672,2954,4718,42871,7898,5627,2271,24717,13383,11334,10256,3385,6871,72,013,2018
"Bayamón Municipio, Puerto Rico",170480,166299,76869,16474,9649,6825,45392,14532,30860,15003,4895,10108,89430,15888,9236,6652,51970,21464,30506,21572,8222,13350,72,021,2018
"Caguas Municipio, Puerto Rico",124434,123881,57565,12477,6831,5646,34718,11756,22962,10370,4238,6132,66316,12386,7145,5241,39049,17012,22037,14881,5728,9153,72,025,2018
"Carolina Municipio, Puerto Rico",147661,146898,67337,13774,5237,8537,40182,7947,32235,13381,3202,10179,79561,14362,6506,7856,45595,13732,31863,19604,6240,13364,72,031,2018
"Guaynabo Municipio, Puerto Rico",83787,83538,40048,7751,3699,4052,24628,5655,18973,7669,1926,5743,43490,6294,2648,3646,26258,7270,18988,10938,3831,7107,72,061,2018
"Mayagüez Municipio, Puerto Rico",71986,71395,34003,6889,4934,1955,20018,9714,10304,7096,2441,4655,37392,6974,4358,2616,20262,11864,8398,10156,4604,5552,72,097,2018
"Ponce Municipio, Puerto Rico",133191,130498,61537,13871,10383,3488,35247,17387,17860,12419,6819,5600,68961,13497,9069,4428,38907,21760,17147,16557,8812,7745,72,113,2018
"San Juan Municipio, Puerto Rico",320967,317371,144920,30060,14483,15577,85628,21903,63725,29232,7678,21554,172451,30401,13502,16899,100000,31249,68751,42050,11762,30288,72,127,2018
"Toa Alta Municipio, Puerto Rico",71094,70985,34349,8102,3418,4684,21639,4327,17312,4608,804,3804,36636,6977,3398,3579,24039,6613,17426,5620,1888,3732,72,135,2018
"Toa Baja Municipio, Puerto Rico",74623,74328,34672,7748,5166,2582,20664,4950,15714,6260,1276,4984,39656,7539,3956,3583,23715,9131,14584,8402,2432,5970,72,137,2018
"Trujillo Alto Municipio, Puerto Rico",63746,63408,30070,6945,2648,4297,18070,4407,13663,5055,1572,3483,33338,6137,1636,4501,20049,5602,14447,7152,2529,4623,72,139,2018
"Baldwin County, Alabama",223234,220911,106961,26881,10222,16659,59327,4223,55104,20753,1833,18920,113950,22220,8682,13538,65645,10494,55151,26085,1846,24239,01,003,2019
"Calhoun County, Alabama",113605,111075,52442,13030,5922,7108,30916,2854,28062,8496,632,7864,58633,12157,6010,6147,34827,5840,28987,11649,1914,9735,01,015,2019
"Cullman County, Alabama",83768,82841,39954,9677,5542,4135,23508,1966,21542,6769,1275,5494,42887,9910,4577,5333,24700,2079,22621,8277,968,7309,01,043,2019
"DeKalb County, Alabama",71513,70392,34864,9764,5469,4295,19871,1557,18314,5229,954,4275,35528,9003,5776,3227,20243,2472,17771,6282,1371,4911,01,049,2019
"Elmore County, Alabama",81209,75409,35994,10492,4461,6031,19927,1262,18665,5575,526,5049,39415,8476,2464,6012,24152,2999,21153,6787,1079,5708,01,051,2019
"Etowah County, Alabama",102268,101470,48771,11678,5333,6345,28572,3457,25115,8521,1666,6855,52699,11132,4665,6467,30513,5187,25326,11054,2197,8857,01,055,2019
"Houston County, Alabama",105882,104604,49786,13406,6528,6878,28396,2699,25697,7984,910,7074,54818,12348,6300,6048,31832,5113,26719,10638,1864,8774,01,069,2019
"Jefferson County, Alabama",658573,652965,308093,80424,38104,42320,183392,16025,167367,44277,6743,37534,344872,77609,34395,43214,205900,27570,178330,61363,10058,51305,01,073,2019
"Lauderdale County, Alabama",92729,91845,44515,10312,4419,5893,25939,1846,24093,8264,1625,6639,47330,9688,2655,7033,26878,3481,23397,10764,1430,9334,01,077,2019
"Lee County, Alabama",164542,163952,82028,20685,7074,13611,52071,2534,49537,9272,789,8483,81924,18176,6455,11721,52439,4932,47507,11309,1143,10166,01,081,2019
"Limestone County, Alabama",98915,95533,45802,11853,3600,8253,27076,3187,23889,6873,532,6341,49731,12126,2757,9369,28736,4543,24193,8869,790,8079,01,083,2019
"Madison County, Alabama",372909,366888,176789,42515,13230,29285,109297,5663,103634,24977,1704,23273,190099,42795,15433,27362,115617,11190,104427,31687,2660,29027,01,089,2019
"Marshall County, Alabama",96774,95953,46121,11333,5505,5828,27532,2242,25290,7256,898,6358,49832,14032,8992,5040,26874,3521,23353,8926,1109,7817,01,095,2019
"Mobile County, Alabama",413210,409112,193353,51243,25394,25849,112716,9399,103317,29394,4132,25262,215759,50937,26115,24822,127587,19048,108539,37235,6539,30696,01,097,2019
"Montgomery County, Alabama",226486,220235,101918,29764,13256,16508,57749,5133,52616,14405,2888,11517,118317,27098,13970,13128,70805,8465,62340,20414,3875,16539,01,101,2019
"Morgan County, Alabama",119679,117792,57451,15101,6837,8264,33023,2705,30318,9327,1410,7917,60341,13074,5662,7412,35411,3962,31449,11856,1650,10206,01,103,2019
"St. Clair County, Alabama",89512,87361,41293,10759,3900,6859,24251,2596,21655,6283,780,5503,46068,10715,4548,6167,27429,3660,23769,7924,1532,6392,01,115,2019
"Shelby County, Alabama",217702,215918,103911,26502,6225,20277,61641,1871,59770,15768,457,15311,112007,26774,6320,20454,66035,3038,62997,19198,1783,17415,01,117,2019
"Talladega County, Alabama",79978,76722,37049,10355,6075,4280,20112,1266,18846,6582,948,5634,39673,7847,5117,2730,24245,4692,19553,7581,1690,5891,01,121,2019
"Tuscaloosa County, Alabama",209355,207872,100096,23474,7662,15812,64434,3332,61102,12188,1626,10562,107776,25262,7880,17382,66600,7188,59412,15914,2228,13686,01,125,2019
"Walker County, Alabama",63521,62896,31114,8137,2665,5472,17668,1354,16314,5309,536,4773,31782,6564,2320,4244,18701,2196,16505,6517,1347,5170,01,127,2019
"Anchorage Municipality, Alaska",288000,276960,135792,36646,12556,24090,84701,10062,74639,14445,1708,12737,141168,36633,12660,23973,87228,13168,74060,17307,2964,14343,02,020,2019
"Fairbanks North Star Borough, Alaska",96849,89353,46569,13565,2600,10965,27065,2706,24359,5939,880,5059,42784,10531,2338,8193,27310,2591,24719,4943,248,4695,02,090,2019
"Matanuska-Susitna Borough, Alaska",108317,105897,54222,15692,5376,10316,31759,5131,26628,6771,654,6117,51675,14634,4594,10040,30256,6401,23855,6785,1478,5307,02,170,2019
"Apache County, Arizona",71887,71242,35855,10997,4323,6674,19425,5349,14076,5433,2208,3225,35387,9555,3190,6365,19715,5439,14276,6117,2245,3872,04,001,2019
"Cochise County, Arizona",125922,118090,57122,14319,6224,8095,28885,6700,22185,13918,992,12926,60968,13822,6330,7492,32404,9637,22767,14742,2427,12315,04,003,2019
"Coconino County, Arizona",143476,142729,70480,17810,3577,14233,44075,6117,37958,8595,886,7709,72249,15801,5303,10498,46530,8312,38218,9918,1479,8439,04,005,2019
"Maricopa County, Arizona",4485414,4452661,2196005,566914,183418,383496,1316809,164453,1152356,312282,31303,280979,2256656,547036,178631,368405,1331609,208590,1123019,378011,46329,331682,04,013,2019
"Mohave County, Arizona",212181,208393,103827,18324,11857,6467,53376,13167,40209,32127,2451,29676,104566,19039,11004,8035,52701,15499,37202,32826,4686,28140,04,015,2019
"Navajo County, Arizona",110924,108425,52672,15527,6982,8545,27446,10113,17333,9699,1489,8210,55753,15475,8149,7326,29566,8833,20733,10712,2528,8184,04,017,2019
"Pima County, Arizona",1047279,1023741,496918,117176,49518,67658,284103,51478,232625,95639,9594,86045,526823,113319,47584,65735,299444,65333,234111,114060,15963,98097,04,019,2019
"Pinal County, Arizona",462789,436020,214939,55566,22286,33280,114264,21368,92896,45109,4011,41098,221081,53090,19739,33351,118164,27385,90779,49827,5205,44622,04,021,2019
"Yavapai County, Arizona",235099,233842,114818,22103,7731,14372,56299,9246,47053,36416,4143,32273,119024,19349,5793,13556,59375,11283,48092,40300,4684,35616,04,025,2019
"Yuma County, Arizona",213787,206195,103213,29337,17406,11931,54567,12724,41843,19309,3515,15794,102982,28399,13245,15154,53431,16060,37371,21152,4367,16785,04,027,2019
"Benton County, Arkansas",279141,277490,137581,39326,12708,26618,81801,7336,74465,16454,1245,15209,139909,36982,12690,24292,81982,11443,70539,20945,2615,18330,05,007,2019
"Craighead County, Arkansas",110332,109086,53239,14365,7856,6509,32868,5283,27585,6006,522,5484,55847,13018,7568,5450,34706,7845,26861,8123,1300,6823,05,031,2019
"Faulkner County, Arkansas",126007,124135,59652,15556,6673,8883,37317,4378,32939,6779,712,6067,64483,15311,6619,8692,40315,6901,33414,8857,979,7878,05,045,2019
"Garland County, Arkansas",99386,98266,46326,10765,6292,4473,24777,5654,19123,10784,1415,9369,51940,9791,5174,4617,29450,6719,22731,12699,1438,11261,05,051,2019
"Jefferson County, Arkansas",66824,62180,28964,7261,4129,3132,16795,2922,13873,4908,588,4320,33216,7849,4606,3243,18986,4618,14368,6381,1651,4730,05,069,2019
"Lonoke County, Arkansas",73309,72212,34696,9951,4385,5566,20290,3151,17139,4455,532,3923,37516,9657,3785,5872,22356,3894,18462,5503,1530,3973,05,085,2019
"Pulaski County, Arkansas",391911,384198,180973,47624,24101,23523,106467,15940,90527,26882,2216,24666,203225,46186,22934,23252,121750,25509,96241,35289,3509,31780,05,119,2019
"Saline County, Arkansas",122437,121134,59056,15287,7333,7954,33737,3321,30416,10032,836,9196,62078,15109,6595,8514,34618,6086,28532,12351,1272,11079,05,125,2019
"Sebastian County, Arkansas",127827,126657,61126,16472,8589,7883,36252,5015,31237,8402,793,7609,65531,16107,7178,8929,36932,7355,29577,12492,2229,10263,05,131,2019
"Washington County, Arkansas",239187,237158,118748,31882,10863,21019,74235,6614,67621,12631,931,11700,118410,31038,13460,17578,71686,10283,61403,15686,1276,14410,05,143,2019
"White County, Arkansas",78753,78364,38588,10717,4495,6222,22156,3869,18287,5715,909,4806,39776,9349,4384,4965,23227,6121,17106,7200,1783,5417,05,145,2019
"Alameda County, California",1671329,1661492,818763,184327,51070,133257,531697,64761,466936,102739,17041,85698,842729,177326,49405,127921,533628,86124,447504,131775,26039,105736,06,001,2019
"Butte County, California",219186,217007,107446,24838,10341,14497,64360,14599,49761,18248,3191,15057,109561,23860,10842,13018,64176,21379,42797,21525,3551,17974,06,007,2019
"Contra Costa County, California",1153526,1148991,561041,139898,41536,98362,339540,47668,291872,81603,8716,72887,587950,134773,38671,96102,350500,62350,288150,102677,13732,88945,06,013,2019
"El Dorado County, California",192843,191502,94672,19821,5507,14314,54418,7345,47073,20433,1307,19126,96830,20061,3597,16464,55317,9326,45991,21452,1980,19472,06,017,2019
"Fresno County, California",999101,987054,490022,151124,87881,63243,283110,78204,204906,55788,13601,42187,497032,145170,86453,58717,284531,103614,180917,67331,21452,45879,06,019,2019
"Humboldt County, California",135558,134571,65599,14064,5927,8137,40603,10222,30381,10932,1711,9221,68972,14463,7396,7067,40605,12952,27653,13904,1778,12126,06,023,2019
"Imperial County, California",181215,170646,82623,28052,19061,8991,43904,14227,29677,10667,2701,7966,88023,26262,19005,7257,48803,23843,24960,12958,5791,7167,06,025,2019
"Kern County, California",900202,873613,435676,137662,80915,56747,251906,71172,180734,46108,11810,34298,437937,135568,80113,55455,248493,90829,157664,53876,15058,38818,06,029,2019
"Kings County, California",152940,134342,66380,21357,13345,8012,37702,9068,28634,7321,1588,5733,67962,22051,11310,10741,37649,13535,24114,8262,1765,6497,06,031,2019
"Lake County, California",64386,63700,31064,7091,5850,1241,17306,6310,10996,6667,774,5893,32636,7426,6375,1051,17700,8674,9026,7510,1468,6042,06,033,2019
"Los Angeles County, California",10039107,9964081,4899982,1159921,555838,604083,3137084,597252,2539832,602977,150221,452756,5064099,1107737,531132,576605,3173931,779533,2394398,782431,233731,548700,06,037,2019
"Madera County, California",157327,148260,72994,22814,15731,7083,39427,11486,27941,10753,2208,8545,75266,22322,13751,8571,41354,17728,23626,11590,2092,9498,06,039,2019
"Marin County, California",258826,255134,123446,27940,7902,20038,69424,8500,60924,26082,2213,23869,131688,28003,8064,19939,71315,8778,62537,32370,2399,29971,06,041,2019
"Mendocino County, California",86749,85835,41506,8860,6559,2301,23452,7638,15814,9194,1195,7999,44329,10501,6960,3541,23015,7753,15262,10813,2390,8423,06,045,2019
"Merced County, California",277680,274548,137767,43539,24883,18656,79784,20615,59169,14444,3596,10848,136781,41899,26170,15729,78034,28430,49604,16848,5364,11484,06,047,2019
"Monterey County, California",434061,418564,206345,59806,37191,22615,119384,22040,97344,27155,4518,22637,212219,59924,33638,26286,119908,26683,93225,32387,5603,26784,06,053,2019
"Napa County, California",137744,135962,67322,15017,4686,10331,40310,3478,36832,11995,1072,10923,68640,14581,4072,10509,39749,5581,34168,14310,1654,12656,06,055,2019
"Nevada County, California",99755,98792,47833,8760,2664,6096,26299,6501,19798,12774,761,12013,50959,9351,3805,5546,27083,7038,20045,14525,1082,13443,06,057,2019
"Orange County, California",3175692,3157964,1556554,374414,125947,248467,968372,135798,832574,213768,30205,183563,1601410,355466,120731,234735,981052,158798,822254,264892,51256,213636,06,059,2019
"Placer County, California",398329,395399,193023,47026,9822,37204,110750,13187,97563,35247,2624,32623,202376,45886,9135,36751,113633,14486,99147,42857,5775,37082,06,061,2019
"Riverside County, California",2470546,2445952,1212119,330320,146157,184163,715569,135857,579712,166230,27196,139034,1233833,319050,140745,178305,718257,177946,540311,196526,38276,158250,06,065,2019
"Sacramento County, California",1552058,1537734,747470,194061,80830,113231,457724,99484,358240,95685,17222,78463,790264,186825,87224,99601,478281,123445,354836,125158,24101,101057,06,067,2019
"San Bernardino County, California",2180085,2135343,1048809,306202,149541,156661,627806,136240,491566,114801,21330,93471,1086534,292772,145351,147421,652728,187850,464878,141034,32920,108114,06,071,2019
"San Diego County, California",3338330,3233043,1591797,385984,119813,266171,992918,138451,854467,212895,31112,181783,1641246,371498,116984,254514,1005443,170591,834852,264305,51074,213231,06,073,2019
"San Francisco County, California",881549,877730,445589,61336,19131,42205,320907,42659,278248,63346,14622,48724,432141,63792,18248,45544,292422,38345,254077,75927,21668,54259,06,075,2019
"San Joaquin County, California",762148,748605,369221,111733,54435,57298,216010,53180,162830,41478,9912,31566,379384,103346,50369,52977,222007,63116,158891,54031,14611,39420,06,077,2019
"San Luis Obispo County, California",283111,276603,136483,26012,7231,18781,83306,11022,72284,27165,2579,24586,140120,27935,9164,18771,80777,14050,66727,31408,2596,28812,06,079,2019
"San Mateo County, California",766573,763188,376417,82463,16082,66381,239148,23061,216087,54806,5735,49071,386771,79253,14680,64573,237381,25645,211736,70137,10826,59311,06,081,2019
"Santa Barbara County, California",446499,438160,217318,53776,25919,27857,132147,18489,113658,31395,4528,26867,220842,53335,26633,26702,129898,25286,104612,37609,4843,32766,06,083,2019
"Santa Clara County, California",1927852,1917171,969683,222813,53685,169128,629518,67182,562336,117352,21415,95937,947488,213606,49089,164517,588603,80094,508509,145279,33480,111799,06,085,2019
"Santa Cruz County, California",273213,271955,134572,30029,11369,18660,82541,10984,71557,22002,2482,19520,137383,28814,10905,17909,82870,16093,66777,25699,4658,21041,06,087,2019
"Shasta County, California",180080,178454,88170,21175,10206,10969,49812,11970,37842,17183,1666,15517,90284,19550,7982,11568,50491,13101,37390,20243,2787,17456,06,089,2019
"Solano County, California",447643,434906,211233,54016,15951,38065,125745,17857,107888,31472,3648,27824,223673,50239,15253,34986,133635,24419,109216,39799,5604,34195,06,095,2019
"Sonoma County, California",494336,490339,237655,50994,16652,34342,142081,18071,124010,44580,3659,40921,252684,50546,18012,32534,145740,24949,120791,56398,5504,50894,06,097,2019
"Stanislaus County, California",550660,548012,270135,77470,40766,36704,160782,40563,120219,31883,6500,25383,277877,77346,37665,39681,160323,50048,110275,40208,9219,30989,06,099,2019
"Sutter County, California",96971,95190,47503,13994,7931,6063,26898,8411,18487,6611,1168,5443,47687,12175,5972,6203,27517,9563,17954,7995,1747,6248,06,101,2019
"Tehama County, California",65084,64619,32329,8774,5724,3050,17075,3836,13239,6480,1537,4943,32290,7233,5211,2022,18284,5837,12447,6773,987,5786,06,103,2019
"Tulare County, California",466195,461513,229297,76960,52385,24575,128317,41439,86878,24020,7392,16628,232216,72696,47011,25685,130799,53451,77348,28721,9476,19245,06,107,2019
"Ventura County, California",846006,838846,411894,101730,38292,63438,250058,34323,215735,60106,8493,51613,426952,99966,38550,61416,251985,45289,206696,75001,12602,62399,06,111,2019
"Yolo County, California",220500,218861,105836,24737,10144,14593,68841,11483,57358,12258,940,11318,113025,26181,9225,16956,71164,15907,55257,15680,2850,12830,06,113,2019
"Yuba County, California",78668,76843,38344,11217,4921,6296,22334,7007,15327,4793,801,3992,38499,10865,5424,5441,22231,7900,14331,5403,1145,4258,06,115,2019
"Adams County, Colorado",517421,513712,260990,74342,29402,44940,162226,21812,140414,24422,3358,21064,252722,67173,25662,41511,155461,25966,129495,30088,4412,25676,08,001,2019
"Arapahoe County, Colorado",656590,648414,319843,79775,25055,54720,201372,20459,180913,38696,2809,35887,328571,78482,22941,55541,202373,24312,178061,47716,4249,43467,08,005,2019
"Boulder County, Colorado",326196,324094,162450,34713,7709,27004,106722,7461,99261,21015,1391,19624,161644,34596,6592,28004,101401,10130,91271,25647,2924,22723,08,013,2019
"Broomfield County, Colorado",70465,70115,35397,8605,1344,7261,22606,1000,21606,4186,343,3843,34718,7757,1522,6235,21636,1391,20245,5325,493,4832,08,014,2019
"Denver County, Colorado",727211,720746,361464,73849,30746,43103,250266,30648,219618,37349,6485,30864,359282,72125,28188,43937,239812,33742,206070,47345,8848,38497,08,031,2019
"Douglas County, Colorado",351154,349585,174452,48626,3689,44937,105914,6056,99858,19912,723,19189,175133,45417,4346,41071,105682,6027,99655,24034,1402,22632,08,035,2019
"El Paso County, Colorado",720403,689764,339139,92211,29607,62604,204428,31713,172715,42500,4830,37670,350625,88070,29728,58342,210779,37528,173251,51776,6205,45571,08,041,2019
"Jefferson County, Colorado",582881,575685,285931,60988,12146,48842,180767,14439,166328,44176,3640,40536,289754,57653,10237,47416,179046,17851,161195,53055,3961,49094,08,059,2019
"Larimer County, Colorado",356899,354331,178016,38614,9068,29546,112861,10679,102182,26541,2099,24442,176315,35827,7769,28058,109922,13891,96031,30566,2001,28565,08,069,2019
"Mesa County, Colorado",154210,153152,74741,17964,8343,9621,42977,6494,36483,13800,1514,12286,78411,17803,8168,9635,43749,8872,34877,16859,2549,14310,08,077,2019
"Pueblo County, Colorado",168424,165345,80704,19884,12474,7410,46825,11794,35031,13995,2233,11762,84641,19966,11714,8252,47811,14232,33579,16864,3075,13789,08,101,2019
"Weld County, Colorado",324492,321732,162598,45599,16584,29015,98249,8410,89839,18750,1555,17195,159134,43258,16231,27027,94664,12956,81708,21212,2164,19048,08,123,2019
"Fairfield County, Connecticut",943332,935374,454954,113702,36506,77196,275672,38051,237621,65580,8292,57288,480420,108818,35976,72842,287648,48431,239217,83954,12487,71467,09,001,2019
"Hartford County, Connecticut",891720,878734,424369,99702,35159,64543,259784,44595,215189,64883,8885,55998,454365,97637,35494,62143,271424,54967,216457,85304,16444,68860,09,003,2019
"Litchfield County, Connecticut",180333,179035,89460,18642,6782,11860,52558,7316,45242,18260,1563,16697,89575,15784,4885,10899,53244,8982,44262,20547,2325,18222,09,005,2019
"Middlesex County, Connecticut",162436,159955,79209,16328,5039,11289,48181,7583,40598,14700,1803,12897,80746,13621,4468,9153,49450,11512,37938,17675,2123,15552,09,007,2019
"New Haven County, Connecticut",854757,845211,406528,92642,40748,51894,249675,48178,201497,64211,9095,55116,438683,88519,40971,47548,266604,64999,201605,83560,14536,69024,09,009,2019
"New London County, Connecticut",265206,253080,123484,27371,10213,17158,74136,12003,62133,21977,2317,19660,129596,25951,9352,16599,77568,16600,60968,26077,4130,21947,09,011,2019
"Tolland County, Connecticut",150721,148469,74169,14705,2509,12196,48163,5942,42221,11301,1736,9565,74300,15213,3198,12015,46538,4702,41836,12549,2527,10022,09,013,2019
"Windham County, Connecticut",116782,114704,57984,13571,6577,6994,36151,6895,29256,8262,2259,6003,56720,11008,4641,6367,35455,9771,25684,10257,2510,7747,09,015,2019
"Kent County, Delaware",180786,175792,83032,21814,8935,12879,47102,7090,40012,14116,891,13225,92760,21906,6919,14987,53578,10988,42590,17276,2419,14857,10,001,2019
"New Castle County, Delaware",558753,549506,264175,64133,23725,40408,161744,21499,140245,38298,4600,33698,285331,62435,22271,40164,173491,29126,144365,49405,7202,42203,10,003,2019
"Sussex County, Delaware",234225,231080,110726,22830,13158,9672,56530,9923,46607,31366,2793,28573,120354,22281,9985,12296,62791,13563,49228,35282,3366,31916,10,005,2019
"District of Columbia, District of Columbia",705749,696599,328206,68618,29547,39071,224708,40107,184601,34880,8873,26007,368393,69871,28261,41610,248302,53015,195287,50220,12945,37275,11,001,2019
"Alachua County, Florida",269043,266549,127072,27300,7187,20113,82921,6264,76657,16851,2291,14560,139477,28535,6086,22449,89590,8416,81174,21352,3484,17868,12,001,2019
"Bay County, Florida",174705,170632,82253,18557,6806,11751,49463,4108,45355,14233,1006,13227,88379,18530,6706,11824,52531,6346,46185,17318,1529,15789,12,005,2019
"Brevard County, Florida",601942,596398,290556,59222,21481,37741,164992,15705,149287,66342,6097,60245,305842,57195,19965,37230,170799,20056,150743,77848,11419,66429,12,009,2019
"Broward County, Florida",1952778,1941114,943115,219290,86449,132841,577517,36897,540620,146308,17894,128414,997999,213381,80764,132617,599848,52458,547390,184770,31575,153195,12,011,2019
"Charlotte County, Florida",188910,186002,89033,11843,4455,7388,41578,5107,36471,35612,2783,32829,96969,11581,5957,5624,44152,6477,37675,41236,3188,38048,12,015,2019
"Citrus County, Florida",149657,147448,70780,11243,5067,6176,33872,5094,28778,25665,2319,23346,76668,11617,5224,6393,36227,6522,29705,28824,3907,24917,12,017,2019
"Clay County, Florida",219252,216402,105855,27618,7461,20157,62063,3195,58868,16174,1113,15061,110547,25729,6324,19405,65919,5810,60109,18899,1571,17328,12,019,2019
"Collier County, Florida",384902,383332,188428,35351,12441,22910,93331,5023,88308,59746,4526,55220,194904,33920,11375,22545,94785,8592,86193,66199,7369,58830,12,021,2019
"Columbia County, Florida",71686,66783,31592,7444,2688,4756,18228,2657,15571,5920,919,5001,35191,9311,3315,5996,18956,3467,15489,6924,1833,5091,12,023,2019
"Duval County, Florida",957755,933533,445986,115084,46908,68176,272256,21684,250572,58646,6966,51680,487547,112308,41750,70558,298748,35801,262947,76491,13703,62788,12,031,2019
"Escambia County, Florida",318316,301231,142872,34688,16032,18656,84890,10358,74532,23294,2504,20790,158359,34648,15687,18961,94196,15410,78786,29515,4108,25407,12,033,2019
"Flagler County, Florida",115081,114318,53755,8904,2794,6110,27827,1945,25882,17024,2349,14675,60563,11576,3258,8318,30369,2443,27926,18618,2967,15651,12,035,2019
"Hernando County, Florida",193920,192009,92426,18374,9516,8858,49147,6043,43104,24905,2235,22670,99583,19427,11081,8346,52101,11569,40532,28055,3648,24407,12,053,2019
"Highlands County, Florida",106221,104995,51894,10541,5797,4744,23768,3731,20037,17585,1989,15596,53101,8467,4193,4274,25376,5414,19962,19258,2408,16850,12,055,2019
"Hillsborough County, Florida",1471968,1459415,710260,176541,71022,105519,440669,37651,403018,93050,13555,79495,749155,168069,66069,102000,462516,54358,408158,118570,22977,95593,12,057,2019
"Indian River County, Florida",159923,158335,76969,15245,5116,10129,36871,4016,32855,24853,2081,22772,81366,11818,5379,6439,40209,4883,35326,29339,2979,26360,12,061,2019
"Lake County, Florida",367118,363745,176512,38116,15697,22419,93123,9484,83639,45273,3590,41683,187233,35852,15052,20800,98683,13648,85035,52698,5024,47674,12,069,2019
"Lee County, Florida",770577,765673,375153,73446,31593,41853,195102,16319,178783,106605,8473,98132,390520,68176,27889,40287,205916,24680,181236,116428,12303,104125,12,071,2019
"Leon County, Florida",293582,289917,136562,31159,9970,21189,88101,5295,82806,17302,1560,15742,153355,31881,10815,21066,98933,11002,87931,22541,2616,19925,12,073,2019
"Manatee County, Florida",403253,400114,195162,41735,18010,23725,101116,7326,93790,52311,4123,48188,204952,35572,14435,21137,108994,11999,96995,60386,5972,54414,12,081,2019
"Marion County, Florida",365579,356778,170796,36547,16528,20019,86164,8291,77873,48085,3349,44736,185982,34986,15889,19097,93824,14915,78909,57172,6629,50543,12,083,2019
"Martin County, Florida",161000,158049,78741,14529,3101,11428,40046,2098,37948,24166,4057,20109,79308,13654,4066,9588,39133,3257,35876,26521,1565,24956,12,085,2019
"Miami-Dade County, Florida",2716940,2696151,1304723,296513,145115,151398,823774,63792,759982,184436,60257,124179,1391428,284540,141241,143299,847140,95556,751584,259748,106640,153108,12,086,2019
"Monroe County, Florida",74228,71680,36938,6636,1853,4783,21326,1238,20088,8976,788,8188,34742,4520,1208,3312,21696,1406,20290,8526,649,7877,12,087,2019
"Nassau County, Florida",88625,87175,42522,9666,3608,6058,23043,1965,21078,9813,1375,8438,44653,8938,2653,6285,25037,2771,22266,10678,1838,8840,12,089,2019
"Okaloosa County, Florida",210738,197374,95506,24856,9046,15810,55097,4032,51065,15553,1515,14038,101868,24301,6306,17995,59134,6806,52328,18433,1910,16523,12,091,2019
"Orange County, Florida",1393452,1382152,674898,165171,65449,99722,436149,31366,404783,73578,10444,63134,707254,160594,65955,94639,452518,50704,401814,94142,17927,76215,12,095,2019
"Osceola County, Florida",375751,374298,185712,49873,23884,25989,113408,10982,102426,22431,3597,18834,188586,44569,19671,24898,116363,16069,100294,27654,6096,21558,12,097,2019
"Palm Beach County, Florida",1496770,1483317,716210,154052,59263,94789,402132,26123,376009,160026,16167,143859,767107,147511,56445,91066,420150,39719,380431,199446,20438,179008,12,099,2019
"Pasco County, Florida",553947,548036,265871,60457,26288,34169,148655,16076,132579,56759,5256,51503,282165,56594,22095,34499,158892,21359,137533,66679,9166,57513,12,101,2019
"Pinellas County, Florida",974996,962616,459795,82656,28067,54589,269264,21925,247339,107875,10597,97278,502821,79888,27087,52801,288857,28227,260630,134076,17363,116713,12,103,2019
"Polk County, Florida",724777,716526,349690,86608,38922,47686,194772,18694,176078,68310,10314,57996,366836,82733,39105,43628,205589,33454,172135,78514,13003,65511,12,105,2019
"Putnam County, Florida",74521,73528,36410,8413,6399,2014,19561,3147,16414,8436,1121,7315,37118,7830,5281,2549,20455,5437,15018,8833,1726,7107,12,107,2019
"St. Johns County, Florida",264672,263093,126737,29538,3614,25924,71623,3547,68076,25576,2147,23429,136356,30464,3314,27150,76566,6234,70332,29326,2252,27074,12,109,2019
"St. Lucie County, Florida",328297,325322,155931,31100,12287,18813,87407,8929,78478,37424,4974,32450,169391,34608,13642,20966,91793,12668,79125,42990,5487,37503,12,111,2019
"Santa Rosa County, Florida",184313,173974,84847,21839,5190,16649,49623,4740,44883,13385,1234,12151,89127,19685,4498,15187,52070,5572,46498,17372,1425,15947,12,113,2019
"Sarasota County, Florida",433742,429861,204580,33167,12705,20462,98442,7811,90631,72971,5255,67716,225281,30538,11360,19178,108828,9180,99648,85915,7377,78538,12,115,2019
"Seminole County, Florida",471826,468681,225945,52520,14412,38108,141428,9862,131566,31997,1786,30211,242736,51958,14465,37493,149164,13634,135530,41614,4242,37372,12,117,2019
"Sumter County, Florida",132420,122245,55856,4382,1926,2456,15221,2203,13018,36253,2396,33857,66389,5444,1706,3738,19169,2503,16666,41776,2192,39584,12,119,2019
"Volusia County, Florida",553284,547881,266519,52671,20419,32252,152417,15573,136844,61431,5699,55732,281362,51167,20528,30639,157500,20369,137131,72695,8914,63781,12,127,2019
"Walton County, Florida",74071,72349,36285,8020,3719,4301,21266,3080,18186,6999,1247,5752,36064,7611,3281,4330,20826,2591,18235,7627,226,7401,12,131,2019
"Barrow County, Georgia",83240,83109,41334,12083,4688,7395,24883,2030,22853,4368,596,3772,41775,10198,4588,5610,25610,3518,22092,5967,1099,4868,13,013,2019
"Bartow County, Georgia",107738,106636,51234,13177,4463,8714,31086,2406,28680,6971,742,6229,55402,14228,4858,9370,32235,1819,30416,8939,1101,7838,13,015,2019
"Bibb County, Georgia",153159,150140,69814,21253,14394,6859,38888,3966,34922,9673,1970,7703,80326,19028,11764,7264,47398,8588,38810,13900,3128,10772,13,021,2019
"Bulloch County, Georgia",79608,79029,38301,8874,3127,5747,25413,468,24945,4014,275,3739,40728,9643,4922,4721,26228,1799,24429,4857,1240,3617,13,031,2019
"Carroll County, Georgia",119992,118835,57852,15222,5909,9313,35248,2347,32901,7382,542,6840,60983,14069,6353,7716,38001,3986,34015,8913,1601,7312,13,045,2019
"Catoosa County, Georgia",67580,67097,31912,8675,2208,6467,18226,1585,16641,5011,871,4140,35185,7853,1717,6136,20626,2829,17797,6706,691,6015,13,047,2019
"Chatham County, Georgia",289430,280329,131809,34023,13662,20361,78476,5113,73363,19310,2443,16867,148520,31389,13879,17510,91035,10304,80731,26096,4224,21872,13,051,2019
"Cherokee County, Georgia",258773,257624,125292,33154,8038,25116,75632,2463,73169,16506,1073,15433,132332,33152,9119,24033,77725,2862,74863,21455,3436,18019,13,057,2019
"Clarke County, Georgia",128331,127623,60957,14194,5944,8250,40938,3496,37442,5825,695,5130,66666,13027,4927,8100,45353,4431,40922,8286,987,7299,13,059,2019
"Clayton County, Georgia",292256,288139,132717,42545,24441,18104,78379,7139,71240,11793,1466,10327,155422,42996,24527,18469,96635,15596,81039,15791,3787,12004,13,063,2019
"Cobb County, Georgia",760141,755074,365633,95183,27619,67564,228974,7569,221405,41476,4666,36810,389441,92606,26295,66311,243409,10573,232836,53426,5111,48315,13,067,2019
"Columbia County, Georgia",156714,155016,76870,22498,2105,20393,44509,2521,41988,9863,493,9370,78146,19495,2651,16844,46669,2379,44290,11982,505,11477,13,073,2019
"Coweta County, Georgia",148509,147837,72727,20328,4855,15473,42633,1682,40951,9766,1310,8456,75110,18161,4330,13831,45245,3924,41321,11704,1921,9783,13,077,2019
"DeKalb County, Georgia",759297,752968,354844,91871,39811,52060,223441,12198,211243,39532,5051,34481,398124,90403,39322,51081,250915,19564,231351,56806,10793,46013,13,089,2019
"Dougherty County, Georgia",87956,85803,38457,10546,6540,4006,22007,2246,19761,5904,818,5086,47346,10804,6910,3894,28061,6201,21860,8481,3099,5382,13,095,2019
"Douglas County, Georgia",146343,145246,69424,22029,6285,15744,40126,2842,37284,7269,880,6389,75822,19022,4861,14161,46721,4202,42519,10079,920,9159,13,097,2019
"Fayette County, Georgia",114421,113692,54308,13935,2408,11527,30801,2165,28636,9572,891,8681,59384,13697,3265,10432,33646,2650,30996,12041,1232,10809,13,113,2019
"Floyd County, Georgia",98498,96115,46118,12920,5829,7091,25653,1950,23703,7545,718,6827,49997,11532,5092,6440,29588,3886,25702,8877,1348,7529,13,115,2019
"Forsyth County, Georgia",244252,243565,120770,35585,4203,31382,71929,1181,70748,13256,615,12641,122795,33826,3450,30376,71934,1815,70119,17035,1113,15922,13,117,2019
"Fulton County, Georgia",1063937,1053583,507188,123820,43148,80672,330658,19148,311510,52710,7577,45133,546395,120575,41182,79393,353530,30017,323513,72290,13626,58664,13,121,2019
"Glynn County, Georgia",85292,84337,39872,10047,3977,6070,22187,1159,21028,7638,1026,6612,44465,9000,3908,5092,25727,3100,22627,9738,1019,8719,13,127,2019
"Gwinnett County, Georgia",936250,930955,452734,131967,43062,88905,277473,10875,266598,43294,4282,39012,478221,128460,43155,85305,295501,17136,278365,54260,7941,46319,13,135,2019
"Hall County, Georgia",204441,203309,100524,26802,10812,15990,60039,4039,56000,13683,840,12843,102785,26368,10825,15543,59443,4004,55439,16974,2305,14669,13,139,2019
"Henry County, Georgia",234561,233110,111896,32786,7940,24846,66788,4113,62675,12322,1133,11189,121214,29114,7345,21769,76590,5588,71002,15510,1912,13598,13,151,2019
"Houston County, Georgia",157863,152785,73538,22768,6025,16743,42277,2564,39713,8493,1448,7045,79247,18422,5928,12494,49606,6720,42886,11219,2303,8916,13,153,2019
"Jackson County, Georgia",72977,72171,35118,10161,2446,7715,20060,2500,17560,4897,308,4589,37053,9687,2840,6847,21616,1246,20370,5750,1057,4693,13,157,2019
"Lowndes County, Georgia",117406,111889,52264,15360,8109,7251,30829,2264,28565,6075,590,5485,59625,15353,7727,7626,35973,5132,30841,8299,1967,6332,13,185,2019
"Muscogee County, Georgia",195769,186163,85669,26380,11089,15291,48923,4531,44392,10366,2480,7886,100494,25101,9762,15339,59328,8536,50792,16065,4218,11847,13,215,2019
"Newton County, Georgia",111744,110853,50419,14109,3792,10317,30048,1132,28916,6262,942,5320,60434,17311,7539,9772,34933,4258,30675,8190,1790,6400,13,217,2019
"Paulding County, Georgia",168667,167725,81434,24058,6895,17163,49909,3614,46295,7467,804,6663,86291,21697,6729,14968,54295,5927,48368,10299,1536,8763,13,223,2019
"Richmond County, Georgia",202518,190929,88426,25823,13256,12567,51230,6483,44747,11373,2180,9193,102503,24501,13214,11287,60760,13133,47627,17242,2813,14429,13,245,2019
"Rockdale County, Georgia",90896,90120,43036,12725,4810,7915,24200,1098,23102,6111,701,5410,47084,10980,5399,5581,28650,3423,25227,7454,1246,6208,13,247,2019
"Spalding County, Georgia",66703,65349,32237,9879,5824,4055,17072,1290,15782,5286,469,4817,33112,6991,2753,4238,19398,3023,16375,6723,1259,5464,13,255,2019
"Troup County, Georgia",69922,68204,31078,8385,4794,3591,18121,1348,16773,4572,1272,3300,37126,8985,4748,4237,22346,2623,19723,5795,997,4798,13,285,2019
"Walker County, Georgia",69761,68199,34034,8981,4339,4642,19397,1954,17443,5656,790,4866,34165,6812,3383,3429,20345,3611,16734,7008,1316,5692,13,295,2019
"Walton County, Georgia",94593,93641,45619,11851,3538,8313,26932,2238,24694,6836,621,6215,48022,12035,3486,8549,28107,3258,24849,7880,1050,6830,13,297,2019
"Whitfield County, Georgia",104628,103726,51329,14776,7327,7449,29993,1297,28696,6560,315,6245,52397,13833,6731,7102,30355,2881,27474,8209,1532,6677,13,313,2019
"Hawaii County, Hawaii",201513,199970,99335,23512,12252,11260,54449,11926,42523,21374,2527,18847,100635,21856,11675,10181,56508,11650,44858,22271,3136,19135,15,001,2019
"Honolulu County, Hawaii",974563,921235,446661,111221,30205,81016,257746,28176,229570,77694,9268,68426,474574,103963,29675,74288,273322,34758,238564,97289,12545,84744,15,003,2019
"Kauai County, Hawaii",72293,71446,34312,8017,3435,4582,19660,2659,17001,6635,727,5908,37134,8588,3897,4691,20185,3760,16425,8361,1108,7253,15,007,2019
"Maui County, Hawaii",167488,166051,81644,19512,6640,12872,47204,7522,39682,14928,894,14034,84407,18384,6323,12061,48983,8195,40788,17040,1569,15471,15,009,2019
"Ada County, Idaho",481587,472729,234620,60856,15285,45571,141413,6710,134703,32351,2191,30160,238109,57577,11942,45635,142613,8923,133690,37919,2474,35445,16,001,2019
"Bannock County, Idaho",87808,86733,44641,12945,4419,8526,26065,3270,22795,5631,446,5185,42092,11074,4088,6986,24559,2889,21670,6459,607,5852,16,005,2019
"Bonneville County, Idaho",119062,118230,59773,19518,6941,12577,33170,2155,31015,7085,904,6181,58457,17985,6240,11745,32157,4317,27840,8315,1106,7209,16,019,2019
"Canyon County, Idaho",229849,228296,113379,33779,14475,19304,64545,5404,59141,15055,2496,12559,114917,33196,16139,17057,64610,6690,57920,17111,2293,14818,16,027,2019
"Kootenai County, Idaho",165697,164380,81977,21705,10186,11519,45261,2751,42510,15011,1663,13348,82403,18475,7507,10968,47457,4570,42887,16471,1489,14982,16,055,2019
"Twin Falls County, Idaho",86878,86482,41946,11592,4451,7141,24077,2853,21224,6277,861,5416,44536,14035,5919,8116,22976,2024,20952,7525,1226,6299,16,083,2019
"Adams County, Illinois",65435,64189,31114,7489,3436,4053,17859,2350,15509,5766,504,5262,33075,7430,3227,4203,18935,2735,16200,6710,640,6070,17,001,2019
"Champaign County, Illinois",209689,208107,103237,24890,9299,15591,66318,7497,58821,12029,749,11280,104870,22348,8520,13828,67074,10747,56327,15448,1343,14105,17,019,2019
"Cook County, Illinois",5150233,5103391,2471776,594748,239395,355353,1557300,189135,1368165,319728,39258,280470,2631615,576360,231904,344456,1620082,261511,1358571,435173,66597,368576,17,031,2019
"DeKalb County, Illinois",104897,103907,51226,12801,2758,10043,32453,1528,30925,5972,311,5661,52681,12542,3230,9312,33042,3759,29283,7097,502,6595,17,037,2019
"DuPage County, Illinois",922921,916698,451875,113589,25044,88545,272800,17243,255557,65486,4169,61317,464823,106403,20742,85661,278775,22889,255886,79645,8042,71603,17,043,2019
"Kane County, Illinois",532403,528639,263003,72085,26508,45577,157147,13580,143567,33771,3014,30757,265636,68788,24455,44333,156010,19177,136833,40838,3256,37582,17,089,2019
"Kankakee County, Illinois",109862,107935,52766,13060,5140,7920,31718,4398,27320,7988,723,7265,55169,13469,5833,7636,31927,6949,24978,9773,925,8848,17,091,2019
"Kendall County, Illinois",128990,128701,60749,16822,1946,14876,37606,3087,34519,6321,117,6204,67952,21744,4639,17105,37944,4111,33833,8264,245,8019,17,093,2019
"Lake County, Illinois",696535,678831,335171,90173,22398,67775,198751,14147,184604,46247,2133,44114,343660,86591,24217,62374,203071,20568,182503,53998,3325,50673,17,097,2019
"LaSalle County, Illinois",108669,105467,52537,12965,5047,7918,30450,3912,26538,9122,644,8478,52930,11010,4178,6832,30881,7005,23876,11039,794,10245,17,099,2019
"McHenry County, Illinois",307774,306166,152623,38217,7890,30327,92829,4565,88264,21577,1016,20561,153543,37507,9010,28497,91954,7621,84333,24082,1663,22419,17,111,2019
"McLean County, Illinois",171517,170263,81645,19471,3996,15475,51820,4340,47480,10354,990,9364,88618,21422,4508,16914,54841,5667,49174,12355,1031,11324,17,113,2019
"Macon County, Illinois",104009,101501,48635,12934,4888,8046,26758,3784,22974,8943,935,8008,52866,11613,2963,8650,29853,6916,22937,11400,1161,10239,17,115,2019
"Madison County, Illinois",262966,260187,126727,30930,9014,21916,76379,9466,66913,19418,748,18670,133460,29306,8757,20549,78614,13082,65532,25540,2284,23256,17,119,2019
"Peoria County, Illinois",179179,177051,84380,21316,8995,12321,49825,9046,40779,13239,1082,12157,92671,22774,8841,13933,52920,12020,40900,16977,1701,15276,17,143,2019
"Rock Island County, Illinois",141879,138697,66881,16451,6455,9996,38609,4019,34590,11821,779,11042,71816,17095,7113,9982,39889,9097,30792,14832,1153,13679,17,161,2019
"St. Clair County, Illinois",259686,252010,119436,33112,12988,20124,68895,12644,56251,17429,765,16664,132574,30852,11798,19054,78301,17667,60634,23421,2613,20808,17,163,2019
"Sangamon County, Illinois",194672,192731,92109,23065,7390,15675,53905,7132,46773,15139,1811,13328,100622,22222,8524,13698,58300,10774,47526,20100,2172,17928,17,167,2019
"Tazewell County, Illinois",131803,129659,64101,16514,4268,12246,36239,4381,31858,11348,521,10827,65558,15427,4171,11256,36369,7104,29265,13762,772,12990,17,179,2019
"Vermilion County, Illinois",75758,73143,34785,9229,6067,3162,19427,4418,15009,6129,627,5502,38358,9533,5822,3711,20784,7121,13663,8041,976,7065,17,183,2019
"Will County, Illinois",690743,683519,337178,90402,23034,67368,205701,17209,188492,41075,2059,39016,346341,87652,21280,66372,208723,22937,185786,49966,3430,46536,17,197,2019
"Williamson County, Illinois",66597,64343,30910,7776,2446,5330,17699,2360,15339,5435,422,5013,33433,7323,2544,4779,18914,3374,15540,7196,707,6489,17,199,2019
"Winnebago County, Illinois",282572,279510,136434,35671,15546,20125,78854,11135,67719,21909,961,20948,143076,33590,15071,18519,82520,19249,63271,26966,1807,25159,17,201,2019
"Allen County, Indiana",379299,375582,183067,50633,17531,33102,107783,11839,95944,24651,1760,22891,192515,49581,16495,33086,112493,19176,93317,30441,2672,27769,18,003,2019
"Bartholomew County, Indiana",83779,82772,41325,11028,2984,8044,24400,2731,21669,5897,623,5274,41447,9750,1986,7764,23969,3774,20195,7728,527,7201,18,005,2019
"Boone County, Indiana",67843,67235,33166,9829,1845,7984,19323,705,18618,4014,202,3812,34069,8713,1107,7606,20305,2116,18189,5051,509,4542,18,011,2019
"Clark County, Indiana",118302,116893,55548,14094,5416,8678,33479,3031,30448,7975,496,7479,61345,14400,5606,8794,35661,8501,27160,11284,955,10329,18,019,2019
"Delaware County, Indiana",114135,112584,54690,11751,6236,5515,34442,5063,29379,8497,1037,7460,57894,11424,4489,6935,35909,8355,27554,10561,916,9645,18,035,2019
"Elkhart County, Indiana",206341,203603,100497,30750,8874,21876,56319,4179,52140,13428,1204,12224,103106,28367,8447,19920,57980,9292,48688,16759,2526,14233,18,039,2019
"Floyd County, Indiana",78522,77245,37957,9743,2776,6967,22818,3606,19212,5396,254,5142,39288,9360,3764,5596,23115,3572,19543,6813,709,6104,18,043,2019
"Grant County, Indiana",65769,64939,31250,7742,3811,3931,18445,1689,16756,5063,776,4287,33689,6627,3479,3148,20013,3493,16520,7049,840,6209,18,053,2019
"Hamilton County, Indiana",338011,336779,165695,50084,5163,44921,96352,2631,93721,19259,268,18991,171084,44839,3425,41414,101655,4609,97046,24590,1424,23166,18,057,2019
"Hancock County, Indiana",78168,76893,37335,9919,1023,8896,21622,2089,19533,5794,614,5180,39558,8943,1938,7005,23513,2912,20601,7102,811,6291,18,059,2019
"Hendricks County, Indiana",170311,168555,82665,22100,3733,18367,49651,2037,47614,10914,474,10440,85890,21944,3076,18868,50811,3405,47406,13135,1157,11978,18,063,2019
"Howard County, Indiana",82544,81507,39566,10030,2624,7406,22826,2663,20163,6710,372,6338,41941,10189,3575,6614,23031,3914,19117,8721,600,8121,18,067,2019
"Johnson County, Indiana",158167,156038,75978,20200,4210,15990,45693,2310,43383,10085,765,9320,80060,20377,3547,16830,46829,4000,42829,12854,1060,11794,18,081,2019
"Kosciusko County, Indiana",79456,78617,39576,10269,2778,7491,23237,1513,21724,6070,435,5635,39041,9636,2673,6963,22131,3357,18774,7274,648,6626,18,085,2019
"Lake County, Indiana",485493,481752,232381,60818,25190,35628,136434,18672,117762,35129,3201,31928,249371,58425,22986,35439,145653,27108,118545,45293,5594,39699,18,089,2019
"LaPorte County, Indiana",109888,102217,50239,13373,6545,6828,28575,3587,24988,8291,1222,7069,51978,10952,3868,7084,30306,5086,25220,10720,1104,9616,18,091,2019
"Madison County, Indiana",129569,124326,60829,15262,5873,9389,35130,4309,30821,10437,829,9608,63497,13973,6282,7691,36107,7511,28596,13417,1724,11693,18,095,2019
"Marion County, Indiana",964582,954809,460575,127133,60866,66267,282157,39429,242728,51285,5590,45695,494234,119536,51588,67948,305427,57999,247428,69271,11590,57681,18,097,2019
"Monroe County, Indiana",148431,147237,73271,16153,4424,11729,48522,5719,42803,8596,499,8097,73966,14835,4364,10471,48533,6662,41871,10598,653,9945,18,105,2019
"Morgan County, Indiana",70489,69524,34573,8727,3512,5215,20473,513,19960,5373,287,5086,34951,8142,2950,5192,20712,3973,16739,6097,506,5591,18,109,2019
"Porter County, Indiana",170389,168929,83535,20443,4757,15686,50691,3981,46710,12401,888,11513,85394,19023,4112,14911,51378,5882,45496,14993,386,14607,18,127,2019
"St. Joseph County, Indiana",271826,269290,131421,35078,13311,21767,77772,10436,67336,18571,943,17628,137869,31870,12824,19046,82299,14105,68194,23700,2070,21630,18,141,2019
"Tippecanoe County, Indiana",195732,193954,99694,24985,4926,20059,65045,4593,60452,9664,754,8910,94260,23629,6113,17516,58657,5525,53132,11974,1648,10326,18,157,2019
"Vanderburgh County, Indiana",181451,178733,85860,20440,8523,11917,52588,8299,44289,12832,974,11858,92873,20994,9812,11182,54717,10169,44548,17162,1491,15671,18,163,2019
"Vigo County, Indiana",107038,103036,50756,11706,4303,7403,31725,4485,27240,7325,530,6795,52280,11717,6062,5655,30651,6994,23657,9912,1499,8413,18,167,2019
"Wayne County, Indiana",65884,64326,30749,7723,3323,4400,17835,2126,15709,5191,211,4980,33577,8167,3354,4813,18399,4237,14162,7011,1307,5704,18,177,2019
"Black Hawk County, Iowa",131228,130081,63902,15754,7248,8506,38699,6010,32689,9449,924,8525,66179,14979,5542,9437,39038,8008,31030,12162,1227,10935,19,013,2019
"Dallas County, Iowa",93453,93050,45034,12280,1749,10531,28034,2334,25700,4720,193,4527,48016,14183,2224,11959,27605,1862,25743,6228,313,5915,19,049,2019
"Dubuque County, Iowa",97311,96089,48180,12391,3300,9091,28029,3614,24415,7760,689,7071,47909,10705,2759,7946,27554,4949,22605,9650,805,8845,19,061,2019
"Johnson County, Iowa",151140,149401,73402,16751,4681,12070,48300,4093,44207,8351,149,8202,75999,16042,4584,11458,50155,5021,45134,9802,533,9269,19,103,2019
"Linn County, Iowa",226706,224909,110118,28218,9468,18750,66183,6731,59452,15717,1886,13831,114791,26493,7672,18821,68594,11391,57203,19704,2037,17667,19,113,2019
"Polk County, Iowa",490161,485523,239437,64297,28480,35817,146827,20026,126801,28313,2459,25854,246086,62244,22289,39955,147166,29765,117401,36676,5140,31536,19,153,2019
"Pottawattamie County, Iowa",93206,92340,45754,12271,5074,7197,25941,3062,22879,7542,712,6830,46586,10220,3693,6527,27527,5464,22063,8839,1397,7442,19,155,2019
"Scott County, Iowa",172943,171246,84294,21551,6673,14878,50357,6399,43958,12386,1447,10939,86952,21322,6734,14588,50559,9855,40704,15071,1670,13401,19,163,2019
"Story County, Iowa",97117,96586,50677,8982,1634,7348,35896,2018,33878,5799,224,5575,45909,10178,1902,8276,29389,2410,26979,6342,386,5956,19,169,2019
"Woodbury County, Iowa",103107,102176,51466,14407,7354,7053,30227,3915,26312,6832,975,5857,50710,13243,6784,6459,29131,5264,23867,8336,710,7626,19,193,2019
"Butler County, Kansas",66911,64069,31408,9480,2753,6727,17473,1429,16044,4455,347,4108,32661,8745,1780,6965,17955,1961,15994,5961,407,5554,20,015,2019
"Douglas County, Kansas",122259,121302,59213,12266,2888,9378,39936,1215,38721,7011,572,6439,62089,13182,3977,9205,39906,2218,37688,9001,1190,7811,20,045,2019
"Johnson County, Kansas",602401,597755,292550,77495,12330,65165,176060,5045,171015,38995,1846,37149,305205,74942,9953,64989,181413,8559,172854,48850,2737,46113,20,091,2019
"Leavenworth County, Kansas",81758,74928,37127,10286,2109,8177,21597,1245,20352,5244,357,4887,37801,9974,1990,7984,21414,1254,20160,6413,423,5990,20,103,2019
"Riley County, Kansas",74232,67476,32944,7729,1988,5741,22010,986,21024,3205,33,3172,34532,7183,1459,5724,23776,2299,21477,3573,118,3455,20,161,2019
"Sedgwick County, Kansas",516042,508765,249137,69751,27159,42592,144928,11877,133051,34458,2920,31538,259628,67595,24467,43128,151007,18408,132599,41026,3879,37147,20,173,2019
"Shawnee County, Kansas",176875,173236,83597,21534,6326,15208,48529,3044,45485,13534,949,12585,89639,20775,5782,14993,50661,5669,44992,18203,2218,15985,20,177,2019
"Wyandotte County, Kansas",165429,164231,81531,24623,12279,12344,47960,4233,43727,8948,1017,7931,82700,22812,13845,8967,48607,7192,41415,11281,1810,9471,20,209,2019
"Boone County, Kentucky",133581,132935,66531,19265,5338,13927,39200,2888,36312,8066,267,7799,66404,16840,3886,12954,39437,3994,35443,10127,612,9515,21,015,2019
"Bullitt County, Kentucky",81676,81237,40498,9610,3791,5819,24511,2477,22034,6377,598,5779,40739,8847,4168,4679,24817,5290,19527,7075,1058,6017,21,029,2019
"Campbell County, Kentucky",93584,92334,44897,10155,2228,7927,27935,2528,25407,6807,853,5954,47437,10476,1954,8522,28794,3033,25761,8167,1356,6811,21,037,2019
"Christian County, Kentucky",70461,60504,27278,9227,4016,5211,13970,2022,11948,4081,501,3580,33226,10520,4285,6235,18089,4107,13982,4617,625,3992,21,047,2019
"Daviess County, Kentucky",101511,99652,48515,12829,5601,7228,28238,5567,22671,7448,1044,6404,51137,12475,4756,7719,29121,5693,23428,9541,1102,8439,21,059,2019
"Fayette County, Kentucky",323152,318746,155508,37382,13461,23921,99472,11472,88000,18654,1270,17384,163238,35897,12198,23699,103183,16158,87025,24158,2559,21599,21,067,2019
"Hardin County, Kentucky",110958,106286,52642,14913,6369,8544,30568,5235,25333,7161,1445,5716,53644,13049,4889,8160,31823,7126,24697,8772,1515,7257,21,093,2019
"Jefferson County, Kentucky",766757,758744,365753,89861,36837,53024,222582,38766,183816,53310,5663,47647,392991,86425,37833,48592,235209,51154,184055,71357,8758,62599,21,111,2019
"Kenton County, Kentucky",166998,165846,81297,20335,5653,14682,50057,5931,44126,10905,819,10086,84549,20883,7294,13589,50522,7605,42917,13144,1959,11185,21,117,2019
"McCracken County, Kentucky",65418,64130,30781,7575,3694,3881,17874,4112,13762,5332,616,4716,33349,7487,3783,3704,18916,4949,13967,6946,712,6234,21,145,2019
"Madison County, Kentucky",92987,92066,44884,10889,4324,6565,28120,4669,23451,5875,684,5191,47182,11239,5223,6016,29069,7356,21713,6874,649,6225,21,151,2019
"Oldham County, Kentucky",66799,63224,30939,8555,1215,7340,17902,1830,16072,4482,195,4287,32285,8883,947,7936,18354,2155,16199,5048,227,4821,21,185,2019
"Warren County, Kentucky",132896,131663,64713,17157,8018,9139,40009,4724,35285,7547,527,7020,66950,16736,6304,10432,41443,7323,34120,8771,518,8253,21,227,2019
"Ascension Parish, Louisiana",126604,125700,61803,18589,7557,11032,35399,3330,32069,7815,354,7461,63897,16406,3818,12588,39171,5256,33915,8320,965,7355,22,005,2019
"Bossier Parish, Louisiana",127039,120369,58353,18316,6119,12197,32049,4373,27676,7988,1041,6947,62016,15342,5129,10213,36915,7548,29367,9759,1751,8008,22,015,2019
"Caddo Parish, Louisiana",240204,234809,110149,28946,16048,12898,63409,16515,46894,17794,3322,14472,124660,29527,17319,12208,71632,21642,49990,23501,4662,18839,22,017,2019
"Calcasieu Parish, Louisiana",203436,201255,96457,27766,16506,11260,55200,9193,46007,13491,859,12632,104798,26997,14440,12557,60602,17858,42744,17199,2475,14724,22,019,2019
"East Baton Rouge Parish, Louisiana",440059,437363,209338,55882,25909,29973,126715,17504,109211,26741,3386,23355,228025,53385,25072,28313,138748,29386,109362,35892,5983,29909,22,033,2019
"Iberia Parish, Louisiana",69830,69044,33351,9292,5712,3580,19164,3739,15425,4895,310,4585,35693,9422,5606,3816,20386,5958,14428,5885,440,5445,22,045,2019
"Jefferson Parish, Louisiana",432493,429014,205708,49320,27413,21907,123082,20231,102851,33306,5366,27940,223306,49330,26964,22366,131592,31504,100088,42384,6263,36121,22,051,2019
"Lafayette Parish, Louisiana",244390,242029,115944,31012,12720,18292,70947,12280,58667,13985,2200,11785,126085,29198,9763,19435,78467,17096,61371,18420,2770,15650,22,055,2019
"Lafourche Parish, Louisiana",97614,96620,47094,12030,6486,5544,28069,5866,22203,6995,986,6009,49526,11769,6242,5527,29053,9485,19568,8704,1516,7188,22,057,2019
"Livingston Parish, Louisiana",140789,139918,68060,19083,7196,11887,40752,6095,34657,8225,802,7423,71858,19136,5818,13318,42192,10244,31948,10530,1137,9393,22,063,2019
"Orleans Parish, Louisiana",390144,386840,182572,41315,23397,17918,115606,28211,87395,25651,6109,19542,204268,40238,24004,16234,130478,37399,93079,33552,8156,25396,22,071,2019
"Ouachita Parish, Louisiana",153279,147735,68366,20147,11988,8159,38685,11002,27683,9534,1322,8212,79369,19799,10017,9782,45988,15447,30541,13582,3647,9935,22,073,2019
"Rapides Parish, Louisiana",129648,126665,61043,18050,10057,7993,34259,8070,26189,8734,1145,7589,65622,16258,9622,6636,37360,10878,26482,12004,2031,9973,22,079,2019
"St. Landry Parish, Louisiana",82124,80764,39371,12001,5334,6667,21491,4176,17315,5879,806,5073,41393,10410,4724,5686,23589,5699,17890,7394,1342,6052,22,097,2019
"St. Tammany Parish, Louisiana",260419,257277,123598,33204,8697,24507,70169,8979,61190,20225,1406,18819,133679,32427,10600,21827,76708,15525,61183,24544,2736,21808,22,103,2019
"Tangipahoa Parish, Louisiana",134758,133399,64579,19476,11001,8475,36354,5975,30379,8749,978,7771,68820,16355,9080,7275,41740,11708,30032,10725,1856,8869,22,105,2019
"Terrebonne Parish, Louisiana",110461,109080,52439,14335,9412,4923,30686,4491,26195,7418,1445,5973,56641,14218,9219,4999,33540,9331,24209,8883,1406,7477,22,109,2019
"Androscoggin County, Maine",108277,107068,52700,12105,4699,7406,32255,3829,28426,8340,692,7648,54368,11940,4707,7233,32160,3984,28176,10268,1598,8670,23,001,2019
"Aroostook County, Maine",67055,65886,33000,6921,3425,3496,18522,4243,14279,7557,1996,5561,32886,6058,3104,2954,18625,4837,13788,8203,2746,5457,23,003,2019
"Cumberland County, Maine",295003,291147,139397,28413,5602,22811,87101,7367,79734,23883,2287,21596,151750,28602,6254,22348,92064,9968,82096,31084,4387,26697,23,005,2019
"Kennebec County, Maine",122302,120653,57807,12062,5094,6968,34939,4566,30373,10806,1477,9329,62846,12226,4100,8126,37312,5926,31386,13308,3271,10037,23,011,2019
"Penobscot County, Maine",152148,149935,74090,15262,5299,9963,45811,8061,37750,13017,2825,10192,75845,14268,5226,9042,46184,8623,37561,15393,3766,11627,23,019,2019
"York County, Maine",207641,205683,99178,20176,6810,13366,60075,6886,53189,18927,2094,16833,106505,20032,6924,13108,62479,12071,50408,23994,4431,19563,23,031,2019
"Allegany County, Maryland",70416,64436,32064,6852,3205,3647,19083,6393,12690,6129,981,5148,32372,6101,3102,2999,18895,5703,13192,7376,1645,5731,24,001,2019
"Anne Arundel County, Maryland",579234,553576,265707,68855,13657,55198,158848,12177,146671,38004,3082,34922,287869,66930,12389,54541,173733,17299,156434,47206,4325,42881,24,003,2019
"Baltimore County, Maryland",827370,819674,388132,96922,30999,65923,231873,29828,202045,59337,5312,54025,431542,92128,28929,63199,258031,39966,218065,81383,9235,72148,24,005,2019
"Calvert County, Maryland",92525,91247,45195,11684,1764,9920,26965,1632,25333,6546,350,6196,46052,10505,2117,8388,28174,3919,24255,7373,593,6780,24,009,2019
"Carroll County, Maryland",168447,166117,81627,19829,3903,15926,49037,4692,44345,12761,571,12190,84490,18706,4118,14588,50001,4692,45309,15783,1070,14713,24,013,2019
"Cecil County, Maryland",102855,101691,50405,12630,3654,8976,30086,4290,25796,7689,1477,6212,51286,10911,2091,8820,31691,4920,26771,8684,1054,7630,24,015,2019
"Charles County, Maryland",163257,160614,76678,20652,6362,14290,47342,3896,43446,8684,705,7979,83936,19697,3645,16052,52628,4774,47854,11611,1351,10260,24,017,2019
"Frederick County, Maryland",259547,257125,126502,32286,7068,25218,77415,6181,71234,16801,1213,15588,130623,31714,6770,24944,77663,7419,70244,21246,1485,19761,24,021,2019
"Harford County, Maryland",255441,253488,123463,30143,6527,23616,74596,7805,66791,18724,1747,16977,130025,29618,7746,21872,77396,9864,67532,23011,1829,21182,24,025,2019
"Howard County, Maryland",325690,322252,156074,42265,8780,33485,92818,8697,84121,20991,1885,19106,166178,41238,6601,34637,99888,11361,88527,25052,2864,22188,24,027,2019
"Montgomery County, Maryland",1050688,1040748,502241,129840,40443,89397,300670,25966,274704,71731,6672,65059,538507,124885,36911,87974,320078,35243,284835,93544,13014,80530,24,031,2019
"Prince George's County, Maryland",909327,902118,431677,108397,50085,58312,271781,29512,242269,51499,5875,45624,470441,106941,46726,60215,290691,42890,247801,72809,10185,62624,24,033,2019
"St. Mary's County, Maryland",113510,110980,54765,13878,5135,8743,34243,4942,29301,6644,794,5850,56215,14823,4097,10726,33279,7200,26079,8113,1301,6812,24,037,2019
"Washington County, Maryland",151049,143166,69470,16873,8029,8844,41229,7224,34005,11368,2424,8944,73696,17543,9242,8301,42434,10162,32272,13719,1956,11763,24,043,2019
"Wicomico County, Maryland",103609,102198,47255,11781,5130,6651,28301,6615,21686,7173,1153,6020,54943,12314,8212,4102,33478,7959,25519,9151,1115,8036,24,045,2019
"Baltimore city, Maryland",593490,584579,271798,64797,39494,25303,172556,42291,130265,34445,7727,26718,312781,63259,34550,28709,199802,58675,141127,49720,11759,37961,24,510,2019
"Barnstable County, Massachusetts",212990,210490,101438,18887,8074,10813,52949,9356,43593,29602,2280,27322,109052,15449,5188,10261,57226,10851,46375,36377,3304,33073,25,001,2019
"Berkshire County, Massachusetts",124944,122886,59542,11831,5004,6827,34773,7982,26791,12938,1312,11626,63344,10420,4839,5581,36469,9429,27040,16455,2062,14393,25,003,2019
"Bristol County, Massachusetts",565217,559506,271366,62582,27602,34980,168347,37982,130365,40437,5883,34554,288140,60199,24934,35265,174101,49571,124530,53840,10079,43761,25,005,2019
"Essex County, Massachusetts",789034,782004,377305,90639,37164,53475,227935,43878,184057,58731,9042,49689,404699,85665,34276,51389,243322,61561,181761,75712,14621,61091,25,009,2019
"Franklin County, Massachusetts",70180,69503,33524,6433,2517,3916,19800,5359,14441,7291,1551,5740,35979,5988,2235,3753,21303,5549,15754,8688,1387,7301,25,011,2019
"Hampden County, Massachusetts",466372,460654,221356,54858,28326,26532,133065,34069,98996,33433,6255,27178,239298,52163,26234,25929,142721,49216,93505,44414,8445,35969,25,013,2019
"Hampshire County, Massachusetts",160830,159535,73967,14576,3825,10751,47024,7164,39860,12367,807,11560,85568,14887,2293,12594,54532,7540,46992,16149,2288,13861,25,015,2019
"Middlesex County, Massachusetts",1611699,1597489,782184,170298,38649,131649,504043,61740,442303,107843,13653,94190,815305,165498,39779,125719,511635,71471,440164,138172,22731,115441,25,017,2019
"Norfolk County, Massachusetts",706775,699017,334107,78500,14309,64191,204521,23592,180929,51086,5732,45354,364910,77025,12894,64131,220762,31625,189137,67123,11343,55780,25,021,2019
"Plymouth County, Massachusetts",521202,513995,249159,60883,18658,42225,146374,23083,123291,41902,4580,37322,264836,57503,15649,41854,155395,30283,125112,51938,7258,44680,25,023,2019
"Suffolk County, Massachusetts",803907,797738,383758,73114,38305,34809,270519,50919,219600,40125,9752,30373,413980,70251,36374,33877,287703,65875,221828,56026,20373,35653,25,025,2019
"Worcester County, Massachusetts",830622,819568,401370,92761,35513,57248,250749,47221,203528,57860,10211,47649,418198,89902,31613,58289,256941,62370,194571,71355,14056,57299,25,027,2019
"Allegan County, Michigan",118081,117153,58375,15016,4360,10656,34014,3524,30490,9345,616,8729,58778,14739,5592,9147,33436,4806,28630,10603,850,9753,26,005,2019
"Bay County, Michigan",103126,102295,50555,10978,3845,7133,30035,5037,24998,9542,847,8695,51740,10819,4121,6698,29668,6368,23300,11253,1653,9600,26,017,2019
"Berrien County, Michigan",153401,152351,73540,17976,8889,9087,41925,7373,34552,13639,1130,12509,78811,17874,7763,10111,44011,10516,33495,16926,2330,14596,26,021,2019
"Calhoun County, Michigan",134159,132529,64777,16756,5380,11376,37521,5831,31690,10500,935,9565,67752,15223,5772,9451,39114,7364,31750,13415,2498,10917,26,025,2019
"Clinton County, Michigan",79595,79050,39275,9524,2167,7357,23116,2155,20961,6635,388,6247,39775,8728,2075,6653,23971,2565,21406,7076,507,6569,26,037,2019
"Eaton County, Michigan",110268,109558,53868,12718,3921,8797,31549,4737,26812,9601,691,8910,55690,11492,3471,8021,32563,3773,28790,11635,1450,10185,26,045,2019
"Genesee County, Michigan",405813,403598,193684,48001,24571,23430,113897,28076,85821,31786,4540,27246,209914,47042,23088,23954,122327,39477,82850,40545,6050,34495,26,049,2019
"Grand Traverse County, Michigan",93088,92283,44724,9544,2668,6876,26756,3667,23089,8424,585,7839,47559,9213,2805,6408,27741,5170,22571,10605,914,9691,26,055,2019
"Ingham County, Michigan",292406,290784,141643,33563,12284,21279,90613,14319,76294,17467,1776,15691,149141,34138,11986,22152,92909,17135,75774,22094,2826,19268,26,065,2019
"Isabella County, Michigan",69872,69375,33567,7122,2283,4839,22315,3664,18651,4130,352,3778,35808,7536,2926,4610,23340,5019,18321,4932,784,4148,26,073,2019
"Jackson County, Michigan",158510,150450,73212,18962,8542,10420,41510,7531,33979,12740,1504,11236,77238,17412,7268,10144,44087,10896,33191,15739,1814,13925,26,075,2019
"Kalamazoo County, Michigan",265066,262963,127666,30228,8133,22095,80317,10913,69404,17121,2120,15001,135297,30282,8935,21347,82475,14080,68395,22540,2489,20051,26,077,2019
"Kent County, Michigan",656955,652023,320762,84933,28939,55994,195866,22258,173608,39963,2726,37237,331261,79489,26075,53414,201542,35170,166372,50230,5081,45149,26,081,2019
"Lapeer County, Michigan",87607,85918,42878,9438,3968,5470,25593,3439,22154,7847,551,7296,43040,9006,3948,5058,25734,5113,20621,8300,1026,7274,26,087,2019
"Lenawee County, Michigan",98451,95243,47044,10757,4468,6289,27543,3990,23553,8744,787,7957,48199,10655,3465,7190,27392,6224,21168,10152,1576,8576,26,091,2019
"Livingston County, Michigan",191995,191162,95026,21943,3386,18557,57126,4416,52710,15957,754,15203,96136,20545,2856,17689,57509,5627,51882,18082,1355,16727,26,093,2019
"Macomb County, Michigan",873972,867342,421878,98638,32714,65924,258062,38433,219629,65178,6703,58475,445464,93402,31833,61569,267908,44741,223167,84154,10276,73878,26,099,2019
"Marquette County, Michigan",66699,65027,32060,6939,2183,4756,19116,2783,16333,6005,308,5697,32967,6436,1787,4649,19870,3940,15930,6661,575,6086,26,103,2019
"Midland County, Michigan",83156,82532,40539,9901,2418,7483,23804,2704,21100,6834,567,6267,41993,9265,1988,7277,24426,3555,20871,8302,876,7426,26,111,2019
"Monroe County, Michigan",150500,149614,73704,16960,4720,12240,44168,5741,38427,12576,965,11611,75910,16278,5519,10759,44309,8775,35534,15323,1610,13713,26,115,2019
"Muskegon County, Michigan",173566,169341,81764,20500,8116,12384,48103,11085,37018,13161,1703,11458,87577,20960,7543,13417,50121,13720,36401,16496,2638,13858,26,121,2019
"Oakland County, Michigan",1257584,1250296,612544,140438,25379,115059,378120,35132,342988,93986,11323,82663,637752,134004,24291,109713,384088,43996,340092,119660,15372,104288,26,125,2019
"Ottawa County, Michigan",291830,290331,143599,37386,8001,29385,85748,6959,78789,20465,2087,18378,146732,38105,9794,28311,84419,11207,73212,24208,2104,22104,26,139,2019
"Saginaw County, Michigan",190539,187248,90301,22189,9757,12432,52258,11701,40557,15854,2773,13081,96947,20965,11379,9586,55717,15644,40073,20265,2772,17493,26,145,2019
"St. Clair County, Michigan",159128,157762,78590,17808,7079,10729,46841,8068,38773,13941,1183,12758,79172,16813,6708,10105,45943,10036,35907,16416,1944,14472,26,147,2019
"Shiawassee County, Michigan",68122,67680,33399,7508,2463,5045,19878,3111,16767,6013,470,5543,34281,7570,3254,4316,19929,4589,15340,6782,782,6000,26,155,2019
"Van Buren County, Michigan",75677,74924,37428,9589,3700,5889,21165,3698,17467,6674,811,5863,37496,8836,3719,5117,21254,5020,16234,7406,859,6547,26,159,2019
"Washtenaw County, Michigan",367601,362451,179875,38721,9790,28931,117629,9927,107702,23525,2587,20938,182576,39299,9632,29667,114744,13826,100918,28533,2870,25663,26,161,2019
"Wayne County, Michigan",1749343,1737393,836360,219573,118468,101105,500858,123163,377695,115929,21254,94675,901033,212918,110448,102470,533448,163440,370008,154667,28914,125753,26,163,2019
"Anoka County, Minnesota",356921,354328,175436,45000,13221,31779,107029,11545,95484,23407,1689,21718,178892,45292,12572,32720,105929,15370,90559,27671,2354,25317,27,003,2019
"Blue Earth County, Minnesota",67653,66795,33325,8150,2381,5769,20932,2767,18165,4243,314,3929,33470,7435,2713,4722,21228,3188,18040,4807,505,4302,27,013,2019
"Carver County, Minnesota",105089,104708,51893,15175,3996,11179,30961,1753,29208,5757,195,5562,52815,14145,1676,12469,31731,2639,29092,6939,663,6276,27,019,2019
"Crow Wing County, Minnesota",65055,64288,31305,6974,2414,4560,17490,2557,14933,6841,225,6616,32983,7626,3196,4430,17664,3922,13742,7693,467,7226,27,035,2019
"Dakota County, Minnesota",429021,427137,210806,56696,16583,40113,126690,11083,115607,27420,1303,26117,216331,53709,14174,39535,128018,16831,111187,34604,2351,32253,27,037,2019
"Hennepin County, Minnesota",1265843,1257416,622305,148495,49952,98543,394451,43154,351297,79359,7292,72067,635111,142677,44947,97730,392766,57997,334769,99668,10457,89211,27,053,2019
"Olmsted County, Minnesota",158293,156448,77137,21645,5104,16541,44502,3596,40906,10990,562,10428,79311,18700,4612,14088,46984,4204,42780,13627,1279,12348,27,109,2019
"Ramsey County, Minnesota",550321,546336,266854,69319,28865,40454,163028,26026,137002,34507,3642,30865,279482,67034,27812,39222,167799,35974,131825,44649,6113,38536,27,123,2019
"Rice County, Minnesota",66972,64288,32066,8194,2317,5877,19114,2052,17062,4758,125,4633,32222,7889,1922,5967,18922,2254,16668,5411,320,5091,27,131,2019
"St. Louis County, Minnesota",199070,195849,97720,21027,7260,13767,58826,10277,48549,17867,1294,16573,98129,19847,6269,13578,57871,10330,47541,20411,1871,18540,27,137,2019
"Scott County, Minnesota",149013,147156,73610,21408,3227,18181,44754,3146,41608,7448,445,7003,73546,20758,3850,16908,44251,3476,40775,8537,474,8063,27,139,2019
"Sherburne County, Minnesota",97238,95142,47789,13704,4046,9658,29208,2797,26411,4877,184,4693,47353,13017,2803,10214,28339,4156,24183,5997,359,5638,27,141,2019
"Stearns County, Minnesota",161075,159659,79832,20780,5822,14958,47422,5785,41637,11630,839,10791,79827,20567,6079,14488,45947,7638,38309,13313,1320,11993,27,145,2019
"Washington County, Minnesota",262440,259863,127638,34087,7526,26561,75594,6526,69068,17957,1149,16808,132225,32412,5049,27363,78052,7415,70637,21761,1791,19970,27,163,2019
"Wright County, Minnesota",138377,137631,69782,20272,3252,17020,40848,2833,38015,8662,275,8387,67849,19897,3311,16586,38489,3756,34733,9463,552,8911,27,171,2019
"DeSoto County, Mississippi",184945,183617,88470,25298,6980,18318,52690,2084,50606,10482,1073,9409,95147,23909,7081,16828,57532,5713,51819,13706,2512,11194,28,033,2019
"Forrest County, Mississippi",74897,74267,34226,8408,4150,4258,21435,2572,18863,4383,617,3766,40041,9473,5069,4404,24669,4133,20536,5899,1518,4381,28,035,2019
"Harrison County, Mississippi",208080,199029,94170,27798,14168,13630,52298,4932,47366,14074,1422,12652,104859,24984,11482,13502,62660,9476,53184,17215,1968,15247,28,047,2019
"Hinds County, Mississippi",231840,229815,107038,29794,18595,11199,63163,6445,56718,14081,2427,11654,122777,28988,18680,10308,74337,12266,62071,19452,4102,15350,28,049,2019
"Jackson County, Mississippi",143617,141798,68410,17985,7811,10174,39502,4011,35491,10923,1085,9838,73388,17485,7519,9966,42982,5518,37464,12921,1385,11536,28,059,2019
"Jones County, Mississippi",68098,67260,33022,9966,5428,4538,17369,1722,15647,5687,982,4705,34238,8464,4232,4232,19603,5162,14441,6171,837,5334,28,067,2019
"Lauderdale County, Mississippi",74125,69513,31898,8716,4518,4198,17727,1640,16087,5455,570,4885,37615,9055,5436,3619,21478,2934,18544,7082,992,6090,28,075,2019
"Lee County, Mississippi",85436,84389,39900,11533,5491,6042,23026,1405,21621,5341,624,4717,44489,10555,4120,6435,26845,3601,23244,7089,828,6261,28,081,2019
"Madison County, Mississippi",106272,105347,48893,12761,3158,9603,29914,1596,28318,6218,969,5249,56454,14044,4452,9592,34400,3324,31076,8010,1078,6932,28,089,2019
"Rankin County, Mississippi",155271,150383,70312,17776,3722,14054,42184,3393,38791,10352,1002,9350,80071,18921,6402,12519,47664,5128,42536,13486,1749,11737,28,121,2019
"Boone County, Missouri",180463,179178,87037,20975,6537,14438,56289,2180,54109,9773,253,9520,92141,18149,5766,12383,62124,4600,57524,11868,884,10984,29,019,2019
"Buchanan County, Missouri",87364,84235,41877,10739,4164,6575,25244,2542,22702,5894,866,5028,42358,9065,3787,5278,25681,3789,21892,7612,1708,5904,29,021,2019
"Cape Girardeau County, Missouri",78871,77686,37809,8961,2998,5963,23395,1490,21905,5453,402,5051,39877,8893,3679,5214,24221,1299,22922,6763,519,6244,29,031,2019
"Cass County, Missouri",105780,104901,50145,13154,4308,8846,29165,1301,27864,7826,513,7313,54756,13530,3244,10286,31553,2039,29514,9673,1303,8370,29,037,2019
"Christian County, Missouri",88595,88164,43574,11918,4540,7378,25438,1528,23910,6218,705,5513,44590,11370,3240,8130,25763,2563,23200,7457,896,6561,29,043,2019
"Clay County, Missouri",249948,248594,120417,31829,7855,23974,72994,3973,69021,15594,693,14901,128177,31855,9227,22628,76427,4769,71658,19895,1545,18350,29,047,2019
"Cole County, Missouri",76745,71491,34892,9063,3234,5829,20025,1384,18641,5804,253,5551,36599,8000,2688,5312,21251,2102,19149,7348,610,6738,29,051,2019
"Franklin County, Missouri",103967,103040,51773,13090,3940,9150,30401,2238,28163,8282,756,7526,51267,11465,2902,8563,29898,3695,26203,9904,851,9053,29,071,2019
"Greene County, Missouri",293086,288798,140455,33131,8151,24980,86940,6322,80618,20384,1842,18542,148343,31347,7975,23372,90291,8671,81620,26705,2529,24176,29,077,2019
"Jackson County, Missouri",703011,695889,335836,85872,28293,57579,204908,12614,192294,45056,2778,42278,360053,85531,26340,59191,214925,20848,194077,59597,6306,53291,29,095,2019
"Jasper County, Missouri",121328,120533,59143,16803,8929,7874,34377,4174,30203,7963,778,7185,61390,14907,6607,8300,35543,6296,29247,10940,1302,9638,29,097,2019
"Jefferson County, Missouri",225081,223250,110830,27596,6978,20618,68021,3877,64144,15213,736,14477,112420,25998,7341,18657,67775,5182,62593,18647,1361,17286,29,099,2019
"Platte County, Missouri",104418,103205,50134,13097,2075,11022,30313,1386,28927,6724,368,6356,53071,12881,1868,11013,31597,1187,30410,8593,346,8247,29,165,2019
"St. Charles County, Missouri",402022,399962,195825,48965,6936,42029,119472,2519,116953,27388,599,26789,204137,48215,6197,42018,121222,4805,116417,34700,1610,33090,29,183,2019
"St. Francois County, Missouri",67215,60679,30218,7317,2324,4993,18159,1547,16612,4742,261,4481,30461,6694,2624,4070,18262,3684,14578,5505,644,4861,29,187,2019
"St. Louis County, Missouri",994205,982606,466067,117789,29116,88673,273204,14349,258855,75074,4485,70589,516539,110953,29943,81010,303196,30032,273164,102390,7353,95037,29,189,2019
"St. Louis city, Missouri",300576,296219,142328,29803,14330,15473,94527,10455,84072,17998,3398,14600,153891,28741,12171,16570,101006,15612,85394,24144,5036,19108,29,510,2019
"Cascade County, Montana",81366,77891,38506,10040,5077,4963,21326,4287,17039,7140,783,6357,39385,9273,4553,4720,22223,4667,17556,7889,1147,6742,30,013,2019
"Flathead County, Montana",103806,103186,52012,12100,4959,7141,29709,3135,26574,10203,1188,9015,51174,11149,4562,6587,29687,3787,25900,10338,1410,8928,30,029,2019
"Gallatin County, Montana",114434,114068,59896,12739,3799,8940,39664,3435,36229,7493,378,7115,54172,11607,2822,8785,34754,3379,31375,7811,506,7305,30,031,2019
"Lewis and Clark County, Montana",69432,68807,33962,8496,3404,5092,18965,1878,17087,6501,672,5829,34845,6894,1939,4955,20978,3680,17298,6973,676,6297,30,049,2019
"Missoula County, Montana",119600,118689,58345,11401,3982,7419,38024,5290,32734,8920,513,8407,60344,12441,3615,8826,37607,7776,29831,10296,549,9747,30,063,2019
"Yellowstone County, Montana",161300,159281,79043,19852,8639,11213,46536,7375,39161,12655,1278,11377,80238,18973,8529,10444,46301,8400,37901,14964,2427,12537,30,111,2019
"Douglas County, Nebraska",571327,564394,276954,77372,22434,54938,166481,7176,159305,33101,3534,29567,287440,75071,19509,55562,170720,14585,156135,41649,4465,37184,31,055,2019
"Lancaster County, Nebraska",319090,314326,156712,39915,10131,29784,96794,4587,92207,20003,1070,18933,157614,37848,8766,29082,95046,6830,88216,24720,2335,22385,31,109,2019
"Sarpy County, Nebraska",187196,181729,88909,27279,5141,22138,52097,2996,49101,9533,399,9134,92820,25589,4451,21138,54657,3697,50960,12574,1051,11523,31,153,2019
"Clark County, Nevada",2266715,2242008,1112161,278738,96846,181892,675721,79100,596621,157702,18641,139061,1129847,268324,88090,180234,679342,110616,568726,182181,27221,154960,32,003,2019
"Washoe County, Nevada",471519,468686,235834,54349,14461,39888,144000,12437,131563,37485,2810,34675,232852,50692,14063,36629,140718,16351,124367,41442,4310,37132,32,031,2019
"Cheshire County, New Hampshire",76085,75382,36682,7500,2101,5399,21991,1846,20145,7191,438,6753,38700,7584,2487,5097,22895,3158,19737,8221,335,7886,33,005,2019
"Grafton County, New Hampshire",89886,88999,44146,8804,1832,6972,26515,1940,24575,8827,374,8453,44853,8799,2776,6023,26523,3402,23121,9531,528,9003,33,009,2019
"Hillsborough County, New Hampshire",417025,412968,205639,45856,12164,33692,130835,12262,118573,28948,1690,27258,207329,43650,13461,30189,128314,16919,111395,35365,3248,32117,33,011,2019
"Merrimack County, New Hampshire",151391,147858,71638,15648,5334,10314,44185,4078,40107,11805,589,11216,76220,15527,3943,11584,45694,3655,42039,14999,1103,13896,33,013,2019
"Rockingham County, New Hampshire",309769,307545,151447,32459,7368,25091,93014,4998,88016,25974,2138,23836,156098,30983,5388,25595,94395,7323,87072,30720,1450,29270,33,015,2019
"Strafford County, New Hampshire",130633,129246,63262,13308,3474,9834,40908,2246,38662,9046,618,8428,65984,13306,2752,10554,41413,5021,36392,11265,936,10329,33,017,2019
"Atlantic County, New Jersey",263670,261340,127236,30401,15678,14723,75331,10301,65030,21504,2132,19372,134104,27976,12643,15333,79726,14000,65726,26402,3163,23239,34,001,2019
"Bergen County, New Jersey",932202,926661,449738,105678,20320,85358,273842,21918,251924,70218,6571,63647,476923,101101,18952,82149,285308,26254,259054,90514,10886,79628,34,003,2019
"Burlington County, New Jersey",445349,427352,204501,48658,9337,39321,123196,11114,112082,32647,2815,29832,222851,47724,10938,36786,132768,13209,119559,42359,3924,38435,34,005,2019
"Camden County, New Jersey",506471,500794,240993,61758,25293,36465,145133,23223,121910,34102,3892,30210,259801,58521,22718,35803,155903,30567,125336,45377,6164,39213,34,007,2019
"Cape May County, New Jersey",92039,89890,43285,8860,4215,4645,23680,3991,19689,10745,1051,9694,46605,7971,3145,4826,25378,4372,21006,13256,1190,12066,34,009,2019
"Cumberland County, New Jersey",149527,138420,67352,20672,12725,7947,37324,8196,29128,9356,875,8481,71068,16988,9079,7909,41341,10251,31090,12739,1743,10996,34,011,2019
"Essex County, New Jersey",798975,786886,375439,101129,42494,58635,230717,33732,196985,43593,7439,36154,411447,97658,35156,62502,250343,52841,197502,63446,11542,51904,34,013,2019
"Gloucester County, New Jersey",291636,290289,140852,33607,7024,26583,87102,8842,78260,20143,2083,18060,149437,33027,6899,26128,89836,10905,78931,26574,2898,23676,34,015,2019
"Hudson County, New Jersey",672391,667039,331246,72236,33754,38482,225210,25226,199984,33800,6593,27207,335793,71001,32452,38549,218817,38755,180062,45975,13334,32641,34,017,2019
"Hunterdon County, New Jersey",124371,120758,59279,12075,2434,9641,35913,2660,33253,11291,495,10796,61479,12299,1833,10466,36501,2259,34242,12679,934,11745,34,019,2019
"Mercer County, New Jersey",367430,361583,174444,42563,10066,32497,108467,11138,97329,23414,3162,20252,187139,42761,12312,30449,112471,14871,97600,31907,4050,27857,34,021,2019
"Middlesex County, New Jersey",825062,818481,402641,97281,28153,69128,250775,20179,230596,54585,5864,48721,415840,91984,21814,70170,253241,28299,224942,70615,10050,60565,34,023,2019
"Monmouth County, New Jersey",618795,614936,299384,69271,13256,56015,181815,14490,167325,48298,3296,45002,315552,65627,12960,52667,188362,18493,169869,61563,5194,56369,34,025,2019
"Morris County, New Jersey",491845,488104,240276,56230,7028,49202,146851,10239,136612,37195,2354,34841,247828,52261,6051,46210,148951,11839,137112,46616,3495,43121,34,027,2019
"Ocean County, New Jersey",607186,601743,290449,78691,32269,46422,153557,22560,130997,58201,3562,54639,311294,74826,31295,43531,158756,26451,132305,77712,6701,71011,34,029,2019
"Passaic County, New Jersey",501826,498963,243619,64568,28862,35706,147015,18726,128289,32036,4406,27630,255344,62186,27657,34529,151999,31344,120655,41159,6462,34697,34,031,2019
"Salem County, New Jersey",62385,61204,29216,6407,1900,4507,17457,2837,14620,5352,631,4721,31988,7018,2263,4755,18545,3358,15187,6425,1072,5353,34,033,2019
"Somerset County, New Jersey",328934,325834,159514,38544,6434,32110,98604,4734,93870,22366,913,21453,166320,35067,5816,29251,101781,7104,94677,29472,2370,27102,34,035,2019
"Sussex County, New Jersey",140488,139342,69429,15234,2906,12328,42920,2906,40014,11275,1262,10013,69913,13852,1553,12299,43287,3491,39796,12774,806,11968,34,037,2019
"Union County, New Jersey",556341,551872,269590,68523,23166,45357,166721,14063,152658,34346,5660,28686,282282,67689,24693,42996,169597,20369,149228,44996,8839,36157,34,039,2019
"Warren County, New Jersey",105267,104485,51416,10779,2682,8097,31580,3347,28233,9057,332,8725,53069,10875,2863,8012,31997,3737,28260,10197,1205,8992,34,041,2019
"Bernalillo County, New Mexico",679121,671287,326436,77723,38945,38778,198665,41176,157489,50048,7606,42442,344851,75754,40481,35273,205747,56296,149451,63350,11198,52152,35,001,2019
"Chaves County, New Mexico",64615,63475,30956,9435,5379,4056,17018,3895,13123,4503,953,3550,32519,8773,5562,3211,18157,7083,11074,5589,1621,3968,35,005,2019
"Doña Ana County, New Mexico",218195,215255,104470,29032,20268,8764,59069,17515,41554,16369,4229,12140,110785,28002,16722,11280,64361,24485,39876,18422,4667,13755,35,013,2019
"Lea County, New Mexico",71070,68768,34890,12072,5308,6764,19508,2809,16699,3310,976,2334,33878,10454,5775,4679,19116,4212,14904,4308,834,3474,35,025,2019
"McKinley County, New Mexico",71367,70959,32782,9313,6856,2457,19402,6776,12626,4067,651,3416,38177,11837,8629,3208,20476,9806,10670,5864,999,4865,35,031,2019
"Otero County, New Mexico",67490,60018,29307,8388,4652,3736,15446,6136,9310,5473,585,4888,30711,7772,3766,4006,16848,6740,10108,6091,821,5270,35,035,2019
"Sandoval County, New Mexico",146748,146056,71720,18417,8955,9462,41026,9829,31197,12277,1054,11223,74336,16662,8303,8359,43089,10574,32515,14585,2305,12280,35,043,2019
"San Juan County, New Mexico",123958,122677,60481,17296,11094,6202,34669,9236,25433,8516,1061,7455,62196,16120,9562,6558,35607,11876,23731,10469,2123,8346,35,045,2019
"Santa Fe County, New Mexico",150358,149100,71287,14347,8008,6339,39544,8835,30709,17396,2175,15221,77813,13237,7903,5334,44151,10421,33730,20425,2892,17533,35,049,2019
"Valencia County, New Mexico",76688,75314,38067,10638,6999,3639,20817,6511,14306,6612,706,5906,37247,7470,3990,3480,22380,8379,14001,7397,1798,5599,35,061,2019
"Albany County, New York",305506,301645,145473,31435,10789,20646,91954,12394,79560,22084,2415,19669,156172,32427,11042,21385,94746,15888,78858,28999,3512,25487,36,001,2019
"Bronx County, New York",1418207,1396715,656097,186302,129640,56662,399214,138644,260570,70581,24014,46567,740618,179965,121488,58477,452131,207387,244744,108522,48505,60017,36,005,2019
"Broome County, New York",190488,187880,92642,21587,9598,11989,55372,10090,45282,15683,1287,14396,95238,18673,10341,8332,56458,15382,41076,20107,2575,17532,36,007,2019
"Cattaraugus County, New York",76117,75396,37749,9085,3776,5309,21671,4555,17116,6993,791,6202,37647,8477,3413,5064,21157,5802,15355,8013,1188,6825,36,009,2019
"Cayuga County, New York",76576,73021,35804,7691,3193,4498,21294,4862,16432,6819,630,6189,37217,7902,4041,3861,21585,5411,16174,7730,803,6927,36,011,2019
"Chautauqua County, New York",126903,125030,60475,13367,6735,6632,35672,7837,27835,11436,1407,10029,64555,14159,6124,8035,36617,11785,24832,13779,2152,11627,36,013,2019
"Chemung County, New York",83456,80540,38624,9164,3873,5291,22760,4698,18062,6700,730,5970,41916,9074,4994,4080,24121,7858,16263,8721,1412,7309,36,015,2019
"Clinton County, New York",80485,75751,36886,7225,3644,3581,23287,5580,17707,6374,759,5615,38865,7315,3172,4143,24273,5857,18416,7277,1371,5906,36,019,2019
"Dutchess County, New York",294218,284970,138701,30642,7432,23210,84831,13282,71549,23228,2127,21101,146269,28926,6203,22723,89430,16986,72444,27913,2697,25216,36,027,2019
"Erie County, New York",918702,907662,437474,100686,40101,60585,265491,47211,218280,71297,7718,63579,470188,97570,37989,59581,279835,66535,213300,92783,11620,81163,36,029,2019
"Jefferson County, New York",109834,94699,45150,13931,5251,8680,24513,5935,18578,6706,1161,5545,49549,12811,4966,7845,28207,8211,19996,8531,1558,6973,36,045,2019
"Kings County, New York",2559903,2543955,1202667,308496,179833,128663,747735,196197,551538,146436,48855,97581,1341288,294640,167109,127531,834845,256528,578317,211803,83415,128388,36,047,2019
"Livingston County, New York",62914,60959,30553,6665,3179,3486,18615,3857,14758,5273,557,4716,30406,6277,2763,3514,18158,4455,13703,5971,699,5272,36,051,2019
"Madison County, New York",70941,70399,35018,8206,3211,4995,20775,3399,17376,6037,402,5635,35381,7752,2474,5278,20437,4202,16235,7192,808,6384,36,053,2019
"Monroe County, New York",741770,734592,354938,83711,34577,49134,215072,41281,173791,56155,7737,48418,379654,79537,30305,49232,228592,54151,174441,71525,11310,60215,36,055,2019
"Nassau County, New York",1356924,1347732,657255,156965,30789,126176,394051,46230,347821,106239,10702,95537,690477,149693,24974,124719,405570,49723,355847,135214,15850,119364,36,059,2019
"New York County, New York",1628706,1617544,764766,123760,40700,83060,529666,82586,447080,111340,30524,80816,852778,124346,37495,86851,569220,97527,471693,159212,52415,106797,36,061,2019
"Niagara County, New York",209281,207046,101626,22346,9922,12424,60871,12950,47921,18409,2840,15569,105420,22081,9571,12510,61950,15706,46244,21389,3162,18227,36,063,2019
"Oneida County, New York",228671,221459,108686,26048,11487,14561,64228,15050,49178,18410,2386,16024,112773,25089,9798,15291,64536,17272,47264,23148,3160,19988,36,065,2019
"Onondaga County, New York",460528,455549,218701,53831,19964,33867,130993,23748,107245,33877,3429,30448,236848,52002,16680,35322,141156,30353,110803,43690,6783,36907,36,067,2019
"Ontario County, New York",109777,108828,53330,12348,3599,8749,31324,4900,26424,9658,584,9074,55498,10954,3729,7225,32089,6083,26006,12455,1319,11136,36,069,2019
"Orange County, New York",384940,375571,186192,53568,19492,34076,109105,18912,90193,23519,2856,20663,189379,48853,17162,31691,110503,19664,90839,30023,4157,25866,36,071,2019
"Oswego County, New York",117124,116426,58442,13846,7652,6194,35446,6877,28569,9150,1108,8042,57984,13116,7215,5901,34665,8492,26173,10203,1062,9141,36,075,2019
"Putnam County, New York",98320,97921,48838,9760,1347,8413,31324,3262,28062,7754,463,7291,49083,9538,1947,7591,30241,3349,26892,9304,843,8461,36,079,2019
"Queens County, New York",2253858,2238572,1085406,241609,117669,123940,692548,153694,538854,151249,35321,115928,1153166,230389,102322,128067,716436,181137,535299,206341,61003,145338,36,081,2019
"Rensselaer County, New York",158714,156727,77575,17545,5655,11890,47669,7569,40100,12361,1081,11280,79152,16635,6446,10189,47785,8845,38940,14732,1636,13096,36,083,2019
"Richmond County, New York",476143,472408,229530,55730,17956,37774,140232,21543,118689,33568,5498,28070,242878,52550,16545,36005,146814,26426,120388,43514,7240,36274,36,085,2019
"Rockland County, New York",325789,323954,158570,49550,23634,25916,87228,19893,67335,21792,2519,19273,165384,47962,26453,21509,88369,19213,69156,29053,4107,24946,36,087,2019
"St. Lawrence County, New York",107740,103953,51345,11715,4603,7112,30487,6957,23530,9143,1409,7734,52608,11562,3614,7948,31398,8500,22898,9648,2100,7548,36,089,2019
"Saratoga County, New York",229863,227445,112208,25926,4540,21386,66861,8936,57925,19421,1163,18258,115237,23133,4699,18434,69293,6799,62494,22811,1808,21003,36,091,2019
"Schenectady County, New York",155299,153460,75305,18191,7870,10321,45329,7808,37521,11785,2356,9429,78155,16280,6557,9723,47464,11286,36178,14411,1839,12572,36,093,2019
"Steuben County, New York",95379,94302,46584,10985,4103,6882,27092,7182,19910,8507,1135,7372,47718,10367,4328,6039,27623,7385,20238,9728,1128,8600,36,101,2019
"Suffolk County, New York",1476601,1465468,722269,168626,37076,131550,442663,53087,389576,110980,9755,101225,743199,160629,37458,123171,443409,57852,385557,139161,15395,123766,36,103,2019
"Sullivan County, New York",75432,73045,36946,9044,4365,4679,21160,3852,17308,6742,1000,5742,36099,7362,3572,3790,21103,5371,15732,7634,1325,6309,36,105,2019
"Tompkins County, New York",102180,101418,50541,9217,2472,6745,34427,2802,31625,6897,376,6521,50877,8778,2666,6112,33931,5185,28746,8168,879,7289,36,109,2019
"Ulster County, New York",177573,173042,84128,16729,6681,10048,51806,12594,39212,15593,1854,13739,88914,16209,7188,9021,53108,11994,41114,19597,2016,17581,36,111,2019
"Warren County, New York",63944,63184,30961,6430,2623,3807,17482,2422,15060,7049,664,6385,32223,5265,1658,3607,18953,3582,15371,8005,942,7063,36,113,2019
"Wayne County, New York",89918,89247,44761,10522,4241,6281,26201,5038,21163,8038,1146,6892,44486,9481,3908,5573,25989,6986,19003,9016,1326,7690,36,117,2019
"Westchester County, New York",967506,955586,462548,113225,32821,80404,279248,40915,238333,70075,6657,63418,493038,110065,28522,81543,289876,48260,241616,93097,13494,79603,36,119,2019
"Alamance County, North Carolina",169509,168552,79422,20616,9447,11169,46765,3753,43012,12041,848,11193,89130,20401,8531,11870,52309,6447,45862,16420,1322,15098,37,001,2019
"Brunswick County, North Carolina",142820,141801,68808,12331,6113,6218,34224,2601,31623,22253,1811,20442,72993,10667,5043,5624,38221,4557,33664,24105,1978,22127,37,019,2019
"Buncombe County, North Carolina",261191,257339,123461,26522,7878,18644,73976,5643,68333,22963,2434,20529,133878,24449,7216,17233,80414,10055,70359,29015,2938,26077,37,021,2019
"Burke County, North Carolina",90485,88251,43194,8758,5343,3415,26437,2845,23592,7999,536,7463,45057,8943,5612,3331,25728,4600,21128,10386,963,9423,37,023,2019
"Cabarrus County, North Carolina",216453,214932,105544,30218,8365,21853,62238,3699,58539,13088,1339,11749,109388,28487,6794,21693,64224,8096,56128,16677,2757,13920,37,025,2019
"Caldwell County, North Carolina",82178,81236,38526,8751,4636,4115,22632,2213,20419,7143,384,6759,42710,9162,4425,4737,24705,3479,21226,8843,660,8183,37,027,2019
"Carteret County, North Carolina",69473,68160,32016,6509,1664,4845,17449,988,16461,8058,567,7491,36144,6597,2804,3793,20047,2150,17897,9500,531,8969,37,031,2019
"Catawba County, North Carolina",159551,157574,77558,19649,8272,11377,45182,2502,42680,12727,2086,10641,80016,16387,7128,9259,47883,5321,42562,15746,2394,13352,37,035,2019
"Chatham County, North Carolina",74470,73947,34869,8256,3722,4534,17956,809,17147,8657,675,7982,39078,7319,2961,4358,21933,2404,19529,9826,378,9448,37,037,2019
"Cleveland County, North Carolina",97947,97697,46633,10871,6599,4272,27687,4029,23658,8075,542,7533,51064,11499,6714,4785,29260,6162,23098,10305,2190,8115,37,045,2019
"Craven County, North Carolina",102139,94643,43358,10356,3118,7238,23829,1305,22524,9173,1043,8130,51285,11751,3913,7838,28977,3196,25781,10557,1265,9292,37,049,2019
"Cumberland County, North Carolina",335509,302742,137336,42933,19430,23503,77593,9855,67738,16810,2296,14514,165406,44268,22345,21923,98065,15140,82925,23073,3792,19281,37,051,2019
"Davidson County, North Carolina",167609,166167,80031,18095,8966,9129,48305,3242,45063,13631,1440,12191,86136,19097,9626,9471,49932,7564,42368,17107,2093,15014,37,057,2019
"Durham County, North Carolina",321488,316143,149713,35115,14373,20742,96418,4005,92413,18180,2072,16108,166430,32882,15486,17396,108216,10022,98194,25332,2194,23138,37,063,2019
"Forsyth County, North Carolina",382295,379183,179124,47427,21601,25826,106032,8871,97161,25665,2866,22799,200059,46044,21191,24853,118952,13219,105733,35063,4060,31003,37,067,2019
"Franklin County, North Carolina",69685,68848,34010,8978,2633,6345,19923,1853,18070,5109,557,4552,34838,8332,2548,5784,20141,2157,17984,6365,366,5999,37,069,2019
"Gaston County, North Carolina",224529,221771,106836,27807,12506,15301,63407,5341,58066,15622,2131,13491,114935,24786,11250,13536,69065,11938,57127,21084,2832,18252,37,071,2019
"Guilford County, North Carolina",537174,532763,251296,64882,28164,36718,151987,15630,136357,34427,3001,31426,281467,64343,28175,36168,170561,22893,147668,46563,6926,39637,37,081,2019
"Harnett County, North Carolina",135976,130189,61941,19064,7517,11547,35616,3543,32073,7261,643,6618,68248,19654,7997,11657,39134,6272,32862,9460,1595,7865,37,085,2019
"Henderson County, North Carolina",117417,116121,56171,11814,4777,7037,30918,3137,27781,13439,710,12729,59950,11365,5966,5399,32021,2583,29438,16564,1806,14758,37,089,2019
"Iredell County, North Carolina",181806,180601,89992,23305,9358,13947,54361,4539,49822,12326,786,11540,90609,20342,7808,12534,54628,6573,48055,15639,1790,13849,37,097,2019
"Johnston County, North Carolina",209339,207786,101386,29119,10080,19039,60734,4292,56442,11533,828,10705,106400,28682,12983,15699,62087,5841,56246,15631,2719,12912,37,101,2019
"Lincoln County, North Carolina",86111,85403,42131,10234,2691,7543,25082,1796,23286,6815,343,6472,43272,8843,2543,6300,26404,2558,23846,8025,1059,6966,37,109,2019
"Mecklenburg County, North Carolina",1110356,1105042,530016,138166,50593,87573,339415,19461,319954,52435,6580,45855,575026,135558,45101,90457,366837,29624,337213,72631,8819,63812,37,119,2019
"Moore County, North Carolina",100880,95850,44776,11871,4332,7539,22476,2103,20373,10429,767,9662,51074,10639,3938,6701,27138,4303,22835,13297,1078,12219,37,125,2019
"Nash County, North Carolina",94298,93139,45326,11419,7137,4282,26438,4300,22138,7469,711,6758,47813,10459,6176,4283,27565,5329,22236,9789,1789,8000,37,127,2019
"New Hanover County, North Carolina",234473,230747,106652,22187,7310,14877,66360,3839,62521,18105,1478,16627,124095,24561,7923,16638,76065,8271,67794,23469,2640,20829,37,129,2019
"Onslow County, North Carolina",197938,164323,78290,27113,11537,15576,43069,4918,38151,8108,668,7440,86033,23386,7113,16273,52269,6623,45646,10378,1388,8990,37,133,2019
"Orange County, North Carolina",148476,147792,69798,16234,3122,13112,43525,2250,41275,10039,453,9586,77994,16435,4287,12148,49892,3099,46793,11667,783,10884,37,135,2019
"Pitt County, North Carolina",180742,179102,82026,20498,6879,13619,51053,4044,47009,10475,1117,9358,97076,22671,9005,13666,60617,7387,53230,13788,1708,12080,37,147,2019
"Randolph County, North Carolina",143667,142111,70410,17500,10878,6622,40861,3956,36905,12049,1008,11041,71701,15687,9923,5764,42124,5784,36340,13890,1264,12626,37,151,2019
"Robeson County, North Carolina",130625,129036,61994,17451,13480,3971,35826,6730,29096,8717,1088,7629,67042,16607,11140,5467,39023,11146,27877,11412,2052,9360,37,155,2019
"Rockingham County, North Carolina",91010,89857,43489,10625,4927,5698,24754,2198,22556,8110,825,7285,46368,8820,3432,5388,27324,4583,22741,10224,1518,8706,37,157,2019
"Rowan County, North Carolina",142088,139713,67551,16700,9422,7278,40492,3445,37047,10359,1219,9140,72162,16069,8028,8041,42142,7043,35099,13951,2983,10968,37,159,2019
"Rutherford County, North Carolina",67029,66060,31247,7141,4516,2625,17429,1827,15602,6677,845,5832,34813,7243,4506,2737,19114,3490,15624,8456,1202,7254,37,161,2019
"Surry County, North Carolina",71783,70962,35059,8579,4830,3749,19611,1504,18107,6869,640,6229,35903,7444,4364,3080,20575,2301,18274,7884,1146,6738,37,171,2019
"Union County, North Carolina",239859,238448,116632,34551,8701,25850,69315,5352,63963,12766,957,11809,121816,34001,9389,24612,70603,6197,64406,17212,2339,14873,37,179,2019
"Wake County, North Carolina",1111761,1103652,535316,140505,38562,101943,337698,15161,322537,57113,4195,52918,568336,139560,36874,102686,354331,28222,326109,74445,8342,66103,37,183,2019
"Wayne County, North Carolina",123131,116796,54016,15445,8159,7286,29842,5024,24818,8729,955,7774,62780,16064,9488,6576,35102,5976,29126,11614,2449,9165,37,191,2019
"Wilkes County, North Carolina",68412,67394,33320,7157,2304,4853,19502,1799,17703,6661,927,5734,34074,6518,3335,3183,19129,2079,17050,8427,1296,7131,37,193,2019
"Wilson County, North Carolina",81801,80948,37517,9757,5186,4571,21365,2306,19059,6395,757,5638,43431,10206,6091,4115,24968,3958,21010,8257,2112,6145,37,195,2019
"Burleigh County, North Dakota",95626,93872,46299,11935,869,11066,27253,2048,25205,7111,467,6644,47573,11238,1831,9407,27911,2477,25434,8424,1147,7277,38,015,2019
"Cass County, North Dakota",181923,179853,91061,22023,4660,17363,59449,3932,55517,9589,995,8594,88792,20941,3710,17231,55547,6559,48988,12304,1572,10732,38,017,2019
"Grand Forks County, North Dakota",69451,67111,34371,7880,2317,5563,22568,2332,20236,3923,463,3460,32740,7660,2014,5646,20096,1667,18429,4984,363,4621,38,035,2019
"Ward County, North Dakota",67641,62430,30932,8362,1461,6901,18847,1160,17687,3723,93,3630,31498,8132,1095,7037,18831,1303,17528,4535,177,4358,38,101,2019
"Allen County, Ohio",102351,99762,50026,13651,5107,8544,28569,4315,24254,7806,596,7210,49736,11906,5010,6896,28069,5990,22079,9761,946,8815,39,003,2019
"Ashtabula County, Ohio",97241,94475,47605,11981,6515,5466,26790,6590,20200,8834,682,8152,46870,10410,5894,4516,27052,7302,19750,9408,1306,8102,39,007,2019
"Athens County, Ohio",65327,64644,31640,6477,2676,3801,21370,2922,18448,3793,187,3606,33004,7880,2958,4922,20303,4439,15864,4821,273,4548,39,009,2019
"Belmont County, Ohio",67006,63221,31250,6886,2688,4198,18167,2284,15883,6197,736,5461,31971,6771,2842,3929,18139,3216,14923,7061,1100,5961,39,013,2019
"Butler County, Ohio",383134,379319,185456,49348,15082,34266,110995,14283,96712,25113,1607,23506,193863,47907,17981,29926,115702,18033,97669,30254,3778,26476,39,017,2019
"Clark County, Ohio",134083,132508,64122,16370,8395,7975,36527,8369,28158,11225,926,10299,68386,15678,8565,7113,38779,10632,28147,13929,1384,12545,39,023,2019
"Clermont County, Ohio",206428,205035,100273,25229,7453,17776,59742,4397,55345,15302,624,14678,104762,24318,6497,17821,61883,8831,53052,18561,1185,17376,39,025,2019
"Columbiana County, Ohio",101883,98266,48676,11351,4768,6583,27668,4095,23573,9657,1359,8298,49590,10594,3718,6876,27938,6502,21436,11058,2239,8819,39,029,2019
"Cuyahoga County, Ohio",1235072,1220091,580196,135613,64239,71374,351592,67344,284248,92991,11442,81549,639895,131288,60171,71117,380658,95214,285444,127949,21298,106651,39,035,2019
"Delaware County, Ohio",209177,208307,103554,29798,3914,25884,60458,3085,57373,13298,612,12686,104753,26978,2980,23998,61876,5456,56420,15899,875,15024,39,041,2019
"Erie County, Ohio",74266,73424,35814,8100,3199,4901,20382,2625,17757,7332,645,6687,37610,7806,2588,5218,21545,4079,17466,8259,628,7631,39,043,2019
"Fairfield County, Ohio",157574,154676,76120,20274,5638,14636,44926,4447,40479,10920,547,10373,78556,18759,5261,13498,46095,7591,38504,13702,1338,12364,39,045,2019
"Franklin County, Ohio",1316756,1309506,638926,164397,61811,102586,407257,44170,363087,67272,7432,59840,670580,160959,58413,102546,418113,75295,342818,91508,9837,81671,39,049,2019
"Geauga County, Ohio",93649,92759,46724,11732,2136,9596,26122,2062,24060,8870,347,8523,46035,10951,1933,9018,25043,1864,23179,10041,480,9561,39,055,2019
"Greene County, Ohio",168937,165329,81076,19306,5424,13882,48498,4788,43710,13272,455,12817,84253,18751,6809,11942,49878,6204,43674,15624,1037,14587,39,057,2019
"Hamilton County, Ohio",817473,809457,391247,100500,32850,67650,237069,30686,206383,53678,4045,49633,418210,97828,34321,63507,250350,43661,206689,70032,8056,61976,39,061,2019
"Hancock County, Ohio",75783,74595,37311,9378,3184,6194,22228,2262,19966,5705,163,5542,37284,8500,2020,6480,21634,3326,18308,7150,487,6663,39,063,2019
"Jefferson County, Ohio",65325,64514,31216,6556,2509,4047,18557,2673,15884,6103,462,5641,33298,6403,3967,2436,18918,4519,14399,7977,1008,6969,39,081,2019
"Lake County, Ohio",230149,228168,110539,24225,6608,17617,65785,5792,59993,20529,1132,19397,117629,23730,6836,16894,68372,10456,57916,25527,1164,24363,39,085,2019
"Licking County, Ohio",176862,175583,85457,21929,6503,15426,50676,7496,43180,12852,985,11867,90126,20876,6397,14479,53468,8144,45324,15782,1195,14587,39,089,2019
"Lorain County, Ohio",309833,304425,148076,37563,10976,26587,85262,11270,73992,25251,1300,23951,156349,34557,12009,22548,89013,16385,72628,32779,3862,28917,39,093,2019
"Lucas County, Ohio",428348,423626,204853,52021,21155,30866,122100,20426,101674,30732,2967,27765,218773,50380,22038,28342,130421,34768,95653,37972,4777,33195,39,095,2019
"Mahoning County, Ohio",228683,223819,109451,26462,14160,12302,62804,11934,50870,20185,1226,18959,114368,22572,9673,12899,65430,16474,48956,26366,3229,23137,39,099,2019
"Marion County, Ohio",65093,59622,29029,7081,3768,3313,17165,3459,13706,4783,855,3928,30593,6849,2659,4190,17426,4804,12622,6318,728,5590,39,101,2019
"Medina County, Ohio",179746,178465,88475,21856,4080,17776,51738,3835,47903,14881,491,14390,89990,20429,2749,17680,52143,4104,48039,17418,679,16739,39,103,2019
"Miami County, Ohio",106987,105603,52125,13822,3834,9988,29304,3174,26130,8999,797,8202,53478,12356,3607,8749,29787,5502,24285,11335,723,10612,39,109,2019
"Montgomery County, Ohio",531687,522718,251986,63409,28260,35149,148480,27910,120570,40097,4017,36080,270732,60633,26306,34327,156553,34706,121847,53546,6839,46707,39,113,2019
"Muskingum County, Ohio",86215,85236,42018,9928,4261,5667,25054,6457,18597,7036,568,6468,43218,10230,3129,7101,24487,6648,17839,8501,994,7507,39,119,2019
"Portage County, Ohio",162466,161488,79597,17313,7986,9327,49634,6309,43325,12650,869,11781,81891,16077,6081,9996,51075,8559,42516,14739,1685,13054,39,133,2019
"Richland County, Ohio",121154,114274,55716,14093,6362,7731,32158,5271,26887,9465,1072,8393,58558,13432,6385,7047,32254,6586,25668,12872,1081,11791,39,139,2019
"Ross County, Ohio",76666,71157,35597,9177,3426,5751,20746,3517,17229,5674,485,5189,35560,7816,2534,5282,20919,5709,15210,6825,759,6066,39,141,2019
"Scioto County, Ohio",75314,72609,34948,8772,3888,4884,20401,5002,15399,5775,1085,4690,37661,8174,4266,3908,22198,6455,15743,7289,1244,6045,39,145,2019
"Stark County, Ohio",370606,365790,178675,42618,14857,27761,104444,15469,88975,31613,1841,29772,187115,40570,16665,23905,107940,23369,84571,38605,3233,35372,39,151,2019
"Summit County, Ohio",541013,534581,260264,61046,23218,37828,156118,21109,135009,43100,3845,39255,274317,57841,23121,34720,162111,30926,131185,54365,6176,48189,39,153,2019
"Trumbull County, Ohio",197974,194572,93748,21827,10498,11329,53620,9517,44103,18301,1599,16702,100824,20452,9972,10480,56578,15272,41306,23794,2159,21635,39,155,2019
"Tuscarawas County, Ohio",91987,91005,45717,11677,3691,7986,25793,2644,23149,8247,877,7370,45288,9956,3250,6706,25620,5069,20551,9712,1354,8358,39,157,2019
"Warren County, Ohio",234602,226590,111407,31078,2062,29016,65062,2409,62653,15267,641,14626,115183,29269,3103,26166,67528,4225,63303,18386,963,17423,39,165,2019
"Wayne County, Ohio",115710,114564,57428,15749,3972,11777,32378,3490,28888,9301,339,8962,57136,13510,3267,10243,32376,4622,27754,11250,669,10581,39,169,2019
"Wood County, Ohio",130817,129738,63648,14829,2918,11911,39963,3484,36479,8856,185,8671,66090,14661,3234,11427,40673,4816,35857,10756,942,9814,39,173,2019
"Canadian County, Oklahoma",148306,146012,71328,21476,4790,16686,41007,1649,39358,8845,559,8286,74684,19071,3454,15617,45031,2487,42544,10582,1255,9327,40,017,2019
"Cleveland County, Oklahoma",284014,278119,136832,33984,9804,24180,85623,2596,83027,17225,1430,15795,141287,31504,8537,22967,88143,6464,81679,21640,2872,18768,40,027,2019
"Comanche County, Oklahoma",120749,106861,51956,15261,3894,11367,30337,2915,27422,6358,681,5677,54905,13779,4198,9581,33717,3878,29839,7409,304,7105,40,031,2019
"Creek County, Oklahoma",71522,70760,34876,9119,3832,5287,20080,1532,18548,5677,335,5342,35884,8370,3713,4657,20478,2597,17881,7036,651,6385,40,037,2019
"Muskogee County, Oklahoma",67997,65051,31670,9390,6679,2711,17690,3232,14458,4590,230,4360,33381,8479,5914,2565,18582,3291,15291,6320,847,5473,40,101,2019
"Oklahoma County, Oklahoma",797434,785041,380878,107351,48947,58404,225271,15527,209744,48256,3470,44786,404163,104516,46908,57608,238321,23266,215055,61326,5650,55676,40,109,2019
"Payne County, Oklahoma",81784,80165,39483,8861,2897,5964,25882,1233,24649,4740,410,4330,40682,9301,2505,6796,25001,1635,23366,6380,551,5829,40,119,2019
"Pottawatomie County, Oklahoma",72592,70658,34494,9668,3488,6180,19487,1621,17866,5339,683,4656,36164,8734,3194,5540,21189,2719,18470,6241,726,5515,40,125,2019
"Rogers County, Oklahoma",92459,91324,44960,11248,3854,7394,27202,1308,25894,6510,698,5812,46364,10730,2789,7941,27497,1930,25567,8137,630,7507,40,131,2019
"Tulsa County, Oklahoma",651552,646052,315321,87588,36103,51485,186457,9988,176469,41276,3498,37778,330731,83714,35162,48552,194312,17291,177021,52705,5064,47641,40,143,2019
"Wagoner County, Oklahoma",81289,80967,40352,10974,4076,6898,22997,887,22110,6381,265,6116,40615,9759,2949,6810,23755,1279,22476,7101,404,6697,40,145,2019
"Benton County, Oregon",93053,92842,45876,8336,1890,6446,30373,3559,26814,7167,753,6414,46966,8989,2101,6888,30179,3979,26200,7798,598,7200,41,003,2019
"Clackamas County, Oregon",418187,416386,205499,47824,11020,36804,122182,14308,107874,35493,4282,31211,210887,44409,8059,36350,124395,16013,108382,42083,5297,36786,41,005,2019
"Deschutes County, Oregon",197692,196991,97864,21414,6429,14985,57555,8860,48695,18895,1478,17417,99127,20044,6037,14007,57590,9536,48054,21493,2343,19150,41,017,2019
"Douglas County, Oregon",110980,110216,53768,11260,6879,4381,28972,7231,21741,13536,1300,12236,56448,10855,5597,5258,29997,9257,20740,15596,1958,13638,41,019,2019
"Jackson County, Oregon",220944,219652,106722,25122,12769,12353,58608,14637,43971,22992,2113,20879,112930,22894,12734,10160,62176,17189,44987,27860,2788,25072,41,029,2019
"Josephine County, Oregon",87487,86935,41924,9064,5713,3351,22582,7866,14716,10278,849,9429,45011,9083,4979,4104,23392,9943,13449,12536,1445,11091,41,033,2019
"Klamath County, Oregon",68238,67132,32648,7645,4438,3207,18176,3854,14322,6827,685,6142,34484,7604,5234,2370,18984,5225,13759,7896,1156,6740,41,035,2019
"Lane County, Oregon",382067,380371,185739,38134,16114,22020,113305,20593,92712,34300,4148,30152,194632,37704,14293,23411,115469,28267,87202,41459,5014,36445,41,039,2019
"Linn County, Oregon",129749,128804,63765,15219,5453,9766,37245,6632,30613,11301,1202,10099,65039,14465,5370,9095,37381,8629,28752,13193,1733,11460,41,043,2019
"Marion County, Oregon",347818,341712,167684,45776,21216,24560,97735,19752,77983,24173,2259,21914,174028,43779,21962,21817,99191,24032,75159,31058,3893,27165,41,047,2019
"Multnomah County, Oregon",812855,807768,399813,81144,27404,53740,269729,36885,232844,48940,6578,42362,407955,76448,26024,50424,269914,44512,225402,61593,9651,51942,41,051,2019
"Polk County, Oregon",86085,85541,41738,10155,3450,6705,24623,3743,20880,6960,731,6229,43803,10867,3463,7404,24226,4581,19645,8710,1229,7481,41,053,2019
"Umatilla County, Oregon",77950,73537,36498,10212,3374,6838,20457,3400,17057,5829,750,5079,37039,10089,2909,7180,20725,4765,15960,6225,341,5884,41,059,2019
"Washington County, Oregon",601592,596874,294817,73499,16729,56770,185469,15562,169907,35849,2448,33401,302057,68768,19166,49602,186528,23619,162909,46761,5772,40989,41,067,2019
"Yamhill County, Oregon",107100,104424,50680,12111,5644,6467,29996,3180,26816,8573,1148,7425,53744,13096,6345,6751,30927,7153,23774,9721,1173,8548,41,071,2019
"Adams County, Pennsylvania",103009,101762,50507,11419,3319,8100,29205,3703,25502,9883,559,9324,51255,10416,2213,8203,29792,3206,26586,11047,576,10471,42,001,2019
"Allegheny County, Pennsylvania",1216045,1203380,581660,122779,39637,83142,361241,40399,320842,97640,10562,87078,621720,118319,35504,82815,372964,52819,320145,130437,18212,112225,42,003,2019
"Armstrong County, Pennsylvania",64735,64070,32014,6676,2642,4034,18936,2085,16851,6402,824,5578,32056,6479,2661,3818,17740,3043,14697,7837,1265,6572,42,005,2019
"Beaver County, Pennsylvania",163929,162483,78408,16445,6624,9821,46441,7137,39304,15522,984,14538,84075,16331,6413,9918,47707,9791,37916,20037,2630,17407,42,007,2019
"Berks County, Pennsylvania",421164,415920,204171,50886,22023,28863,121230,15818,105412,32055,2484,29571,211749,48444,18398,30046,123460,24691,98769,39845,4774,35071,42,011,2019
"Blair County, Pennsylvania",121829,120337,59514,14261,6434,7827,34372,6255,28117,10881,1033,9848,60823,12464,6006,6458,34688,9103,25585,13671,2144,11527,42,013,2019
"Bucks County, Pennsylvania",628270,621864,304751,67854,17374,50480,183550,14696,168854,53347,3750,49597,317113,65377,16051,49326,187562,20196,167366,64174,4719,59455,42,017,2019
"Butler County, Pennsylvania",187853,185897,91131,19706,3676,16030,55464,4784,50680,15961,1416,14545,94766,19307,3679,15628,55971,7608,48363,19488,2077,17411,42,019,2019
"Cambria County, Pennsylvania",130192,126562,61240,13148,5933,7215,35331,6750,28581,12761,1113,11648,65322,12678,5426,7252,36057,7465,28592,16587,2798,13789,42,021,2019
"Carbon County, Pennsylvania",64182,63239,31503,6464,3069,3395,18684,2176,16508,6355,822,5533,31736,5914,2732,3182,18842,3005,15837,6980,845,6135,42,025,2019
"Centre County, Pennsylvania",162385,156898,80036,14681,2678,12003,54822,5261,49561,10533,777,9756,76862,14489,2303,12186,49750,5029,44721,12623,1345,11278,42,027,2019
"Chester County, Pennsylvania",524989,520393,256322,63684,13211,50473,153978,9110,144868,38660,2608,36052,264071,61929,13372,48557,155442,13709,141733,46700,4334,42366,42,029,2019
"Clearfield County, Pennsylvania",79255,73572,37010,7868,4034,3834,22013,3759,18254,7129,996,6133,36562,7254,3383,3871,20563,5224,15339,8745,1140,7605,42,033,2019
"Columbia County, Pennsylvania",64964,64070,30871,6655,2476,4179,18853,1944,16909,5363,444,4919,33199,6806,1890,4916,19208,2771,16437,7185,1083,6102,42,037,2019
"Crawford County, Pennsylvania",84629,82700,40499,9156,4356,4800,22970,3678,19292,8373,482,7891,42201,8916,3550,5366,23815,4587,19228,9470,1116,8354,42,039,2019
"Cumberland County, Pennsylvania",253370,245100,118987,28244,7291,20953,70884,5414,65470,19859,1372,18487,126113,27206,7786,19420,73238,8280,64958,25669,2132,23537,42,041,2019
"Dauphin County, Pennsylvania",278299,274980,133540,34209,14061,20148,78899,9094,69805,20432,1501,18931,141440,32115,12079,20036,82576,13509,69067,26749,3134,23615,42,043,2019
"Delaware County, Pennsylvania",566747,559016,267413,67812,23633,44179,160526,20573,139953,39075,2973,36102,291603,65511,22433,43078,173543,28489,145054,52549,5940,46609,42,045,2019
"Erie County, Pennsylvania",269728,262654,126902,30269,14808,15461,74827,13138,61689,21806,3399,18407,135752,31077,15462,15615,78515,21861,56654,26160,4334,21826,42,049,2019
"Fayette County, Pennsylvania",129274,125553,60769,12453,5792,6661,36153,7501,28652,12163,1798,10365,64784,13114,7106,6008,37205,10150,27055,14465,2591,11874,42,051,2019
"Franklin County, Pennsylvania",155027,153669,75614,19018,8103,10915,43037,6558,36479,13559,1135,12424,78055,17451,8389,9062,43706,7153,36553,16898,1770,15128,42,055,2019
"Indiana County, Pennsylvania",84073,82689,41044,8846,2242,6604,24677,2603,22074,7521,1137,6384,41645,8351,2461,5890,24583,4973,19610,8711,1847,6864,42,063,2019
"Lackawanna County, Pennsylvania",209674,205870,99793,22552,9835,12717,59472,10983,48489,17769,2224,15545,106077,22619,9820,12799,60873,14320,46553,22585,3126,19459,42,069,2019
"Lancaster County, Pennsylvania",545724,539504,263872,68610,19432,49178,151849,14853,136996,43413,3357,40056,275632,67278,19394,47884,155612,23411,132201,52742,4379,48363,42,071,2019
"Lawrence County, Pennsylvania",85512,84545,40949,8756,4478,4278,24277,4148,20129,7916,680,7236,43596,8829,4472,4357,24214,6000,18214,10553,1595,8958,42,073,2019
"Lebanon County, Pennsylvania",141793,139885,68712,16565,6931,9634,40451,4974,35477,11696,624,11072,71173,16163,7096,9067,40627,8214,32413,14383,1317,13066,42,075,2019
"Lehigh County, Pennsylvania",369318,364081,178434,45191,20913,24278,106581,15261,91320,26662,3799,22863,185647,42834,18661,24173,109679,22363,87316,33134,3633,29501,42,077,2019
"Luzerne County, Pennsylvania",317417,309750,150824,34678,18531,16147,89839,13364,76475,26307,2128,24179,158926,32693,17046,15647,92374,22735,69639,33859,4302,29557,42,079,2019
"Lycoming County, Pennsylvania",113299,109925,55208,12782,4736,8046,32337,5440,26897,10089,1128,8961,54717,11947,4810,7137,31157,6528,24629,11613,1442,10171,42,081,2019
"Mercer County, Pennsylvania",109424,105143,50314,10925,5049,5876,29255,4686,24569,10134,1147,8987,54829,10625,3166,7459,30553,8019,22534,13651,1738,11913,42,085,2019
"Monroe County, Pennsylvania",170271,168886,83629,18217,7294,10923,51661,5562,46099,13751,834,12917,85257,16956,5733,11223,52643,11702,40941,15658,1835,13823,42,089,2019
"Montgomery County, Pennsylvania",830915,816282,394170,95212,19541,75671,236238,16429,219809,62720,3702,59018,422112,94060,16954,77106,245867,21648,224219,82185,7193,74992,42,091,2019
"Northampton County, Pennsylvania",305285,302524,149082,35127,9294,25833,88563,8546,80017,25392,1806,23586,153442,31226,9146,22080,89643,12852,76791,32573,4201,28372,42,095,2019
"Northumberland County, Pennsylvania",90843,86952,42993,9259,3378,5881,25123,4298,20825,8611,878,7733,43959,9210,4242,4968,24667,5131,19536,10082,1320,8762,42,097,2019
"Philadelphia County, Pennsylvania",1584064,1570389,741569,183199,118901,64298,472139,115443,356696,86231,22253,63978,828820,179456,110572,68884,520989,159408,361581,128375,38590,89785,42,101,2019
"Schuylkill County, Pennsylvania",141359,134036,66433,15212,4790,10422,38658,5616,33042,12563,1387,11176,67603,14006,6208,7798,38214,7375,30839,15383,1692,13691,42,107,2019
"Somerset County, Pennsylvania",73447,68398,33747,7349,2620,4729,18925,2604,16321,7473,655,6818,34651,6795,2959,3836,19122,4023,15099,8734,1241,7493,42,111,2019
"Washington County, Pennsylvania",206865,205003,100458,21933,8626,13307,59644,7515,52129,18881,1670,17211,104545,20772,7387,13385,60040,9839,50201,23733,2343,21390,42,125,2019
"Westmoreland County, Pennsylvania",348899,345836,170088,34865,11741,23124,99726,12341,87385,35497,2085,33412,175748,31863,11402,20461,100384,17356,83028,43501,4004,39497,42,129,2019
"York County, Pennsylvania",449058,444033,220056,54390,19513,34877,129501,14007,115494,36165,2620,33545,223977,50148,17583,32565,131157,22449,108708,42672,3012,39660,42,133,2019
"Kent County, Rhode Island",164292,163478,79126,16131,3848,12283,49703,7133,42570,13292,2042,11250,84352,15562,3052,12510,50960,8719,42241,17830,2416,15414,44,003,2019
"Newport County, Rhode Island",82082,78944,37518,7401,1847,5554,21879,1895,19984,8238,422,7816,41426,7011,2323,4688,24076,4539,19537,10339,401,9938,44,005,2019
"Providence County, Rhode Island",638931,628539,306743,72240,29714,42526,193221,39376,153845,41282,6905,34377,321796,68690,25097,43593,199574,40945,158629,53532,10555,42977,44,007,2019
"Washington County, Rhode Island",125577,124777,60945,11582,2578,9004,37245,4137,33108,12118,962,11156,63832,11341,2706,8635,38106,5047,33059,14385,1220,13165,44,009,2019
"Aiken County, South Carolina",170872,168485,79306,19052,9471,9581,45753,4062,41691,14501,1323,13178,89179,20347,10015,10332,50680,8021,42659,18152,2386,15766,45,003,2019
"Anderson County, South Carolina",202558,201202,96017,24850,10073,14777,55150,5565,49585,16017,1129,14888,105185,24293,8748,15545,60494,7842,52652,20398,3061,17337,45,007,2019
"Beaufort County, South Carolina",192122,186973,89053,17774,7130,10644,46348,3108,43240,24931,1583,23348,97920,20940,7885,13055,48506,4505,44001,28474,2944,25530,45,013,2019
"Berkeley County, South Carolina",227907,221340,108252,29863,11073,18790,63989,6307,57682,14400,1780,12620,113088,26833,8433,18400,69245,7062,62183,17010,2733,14277,45,015,2019
"Charleston County, South Carolina",411406,402304,191886,43197,11580,31617,118574,6198,112376,30115,2831,27284,210418,42803,10052,32751,129355,9388,119967,38260,4303,33957,45,019,2019
"Darlington County, South Carolina",66618,65906,31514,8818,5801,3017,17210,2200,15010,5486,154,5332,34392,7006,4359,2647,20270,2997,17273,7116,1502,5614,45,031,2019
"Dorchester County, South Carolina",162809,160330,76481,20300,4933,15367,45398,2983,42415,10783,906,9877,83849,20854,5157,15697,50157,4645,45512,12838,1958,10880,45,035,2019
"Florence County, South Carolina",138293,136552,63834,17646,9910,7736,36402,3628,32774,9786,1313,8473,72718,15989,7667,8322,43184,7024,36160,13545,2331,11214,45,041,2019
"Greenville County, South Carolina",523542,519099,251038,64932,26153,38779,149151,10795,138356,36955,4166,32789,268061,61921,23540,38381,160231,13538,146693,45909,6144,39765,45,045,2019
"Greenwood County, South Carolina",70811,69415,32821,8423,5009,3414,18149,2067,16082,6249,1016,5233,36594,7895,3979,3916,21192,3850,17342,7507,1005,6502,45,047,2019
"Horry County, South Carolina",354081,352674,168903,33590,16715,16875,93690,8011,85679,41623,2287,39336,183771,33111,16544,16567,104303,13736,90567,46357,4295,42062,45,051,2019
"Kershaw County, South Carolina",66551,65902,31092,8107,2135,5972,17637,669,16968,5348,198,5150,34810,8485,2175,6310,19463,2476,16987,6862,1118,5744,45,055,2019
"Lancaster County, South Carolina",98012,96034,44089,9888,3222,6666,25025,2773,22252,9176,177,8999,51945,12241,3677,8564,28384,2985,25399,11320,1737,9583,45,057,2019
"Laurens County, South Carolina",67493,66373,32838,9098,4435,4663,18496,2534,15962,5244,869,4375,33535,7047,2664,4383,20034,4830,15204,6454,717,5737,45,059,2019
"Lexington County, South Carolina",298750,296193,142500,35664,13379,22285,86095,6395,79700,20741,2224,18517,153693,36037,14106,21931,90861,11615,79246,26795,3109,23686,45,063,2019
"Oconee County, South Carolina",79546,78693,38199,8034,4723,3311,21821,3226,18595,8344,706,7638,40494,8750,4209,4541,21366,4915,16451,10378,1155,9223,45,073,2019
"Orangeburg County, South Carolina",86175,85308,39666,9717,6620,3097,22680,2533,20147,7269,1944,5325,45642,10634,6969,3665,25296,6796,18500,9712,3905,5807,45,075,2019
"Pickens County, South Carolina",126884,126046,62166,12728,6260,6468,40102,2891,37211,9336,1108,8228,63880,13110,5389,7721,38862,6117,32745,11908,1607,10301,45,077,2019
"Richland County, South Carolina",415759,390435,182157,48461,18489,29972,111076,8785,102291,22620,2824,19796,208278,47513,17968,29545,129119,16420,112699,31646,5232,26414,45,079,2019
"Spartanburg County, South Carolina",319785,315591,152123,39567,16764,22803,90244,8749,81495,22312,2344,19968,163468,38244,17229,21015,96872,14734,82138,28352,4193,24159,45,083,2019
"Sumter County, South Carolina",106721,101370,47796,14080,7541,6539,25960,2520,23440,7756,590,7166,53574,12522,8630,3892,31266,7086,24180,9786,2140,7646,45,085,2019
"York County, South Carolina",280979,279159,133917,36057,11638,24419,79284,4790,74494,18576,1662,16914,145242,35096,10727,24369,87203,8437,78766,22943,1655,21288,45,091,2019
"Minnehaha County, South Dakota",193134,190138,97019,27124,7810,19314,58310,3094,55216,11585,707,10878,93119,23457,5842,17615,55659,4935,50724,14003,1043,12960,46,099,2019
"Pennington County, South Dakota",113775,111108,55690,14308,4705,9603,31578,1680,29898,9804,577,9227,55418,12505,4037,8468,31590,3477,28113,11323,1170,10153,46,103,2019
"Anderson County, Tennessee",76978,75963,36786,8137,3538,4599,21787,3751,18036,6862,321,6541,39177,8020,2864,5156,22245,3967,18278,8912,786,8126,47,001,2019
"Blount County, Tennessee",133088,131562,63392,14526,4918,9608,36511,3740,32771,12355,1614,10741,68170,14128,4531,9597,38768,5101,33667,15274,1748,13526,47,009,2019
"Bradley County, Tennessee",108110,106888,51445,12813,5498,7315,30631,3485,27146,8001,1340,6661,55443,12412,6119,6293,32879,5512,27367,10152,1662,8490,47,011,2019
"Davidson County, Tennessee",694144,687264,329820,76855,31032,45823,217063,13863,203200,35902,4819,31083,357444,75131,31738,43393,232691,26929,205762,49622,6732,42890,47,037,2019
"Greene County, Tennessee",69069,67691,33617,7407,2570,4837,19569,1751,17818,6641,504,6137,34074,6153,3480,2673,19995,3897,16098,7926,1050,6876,47,059,2019
"Hamilton County, Tennessee",367804,363655,176131,41915,13207,28708,106135,7950,98185,28081,2680,25401,187524,39290,14100,25190,112825,13804,99021,35409,5181,30228,47,065,2019
"Knox County, Tennessee",470313,465544,223403,51537,15911,35626,139822,10366,129456,32044,3415,28629,242141,52280,17597,34683,147568,20090,127478,42293,4227,38066,47,093,2019
"Madison County, Tennessee",97984,96604,44834,11321,5343,5978,26135,4022,22113,7378,599,6779,51770,11918,6810,5108,30576,5411,25165,9276,931,8345,47,113,2019
"Maury County, Tennessee",96387,95364,47029,12589,3290,9299,27389,2179,25210,7051,838,6213,48335,10588,3527,7061,29422,4033,25389,8325,651,7674,47,119,2019
"Montgomery County, Tennessee",208993,194529,90537,31157,11545,19612,50633,4752,45881,8747,1165,7582,103992,28841,9314,19527,64171,10037,54134,10980,1647,9333,47,125,2019
"Putnam County, Tennessee",80245,79323,38809,8567,3922,4645,24359,2288,22071,5883,650,5233,40514,8827,3580,5247,24490,3323,21167,7197,1486,5711,47,141,2019
"Robertson County, Tennessee",71813,70798,35234,9887,4161,5726,20344,1339,19005,5003,525,4478,35564,8377,3142,5235,21177,3177,18000,6010,618,5392,47,147,2019
"Rutherford County, Tennessee",332285,329985,161663,44206,13961,30245,101804,7109,94695,15653,1661,13992,168322,42245,12770,29475,106320,12327,93993,19757,3401,16356,47,149,2019
"Sevier County, Tennessee",98250,97194,46501,10216,5105,5111,27289,3850,23439,8996,1132,7864,50693,10320,6006,4314,29646,4945,24701,10727,1167,9560,47,155,2019
"Shelby County, Tennessee",937166,925475,436971,125001,55197,69804,258931,28946,229985,53039,7603,45436,488504,118825,48758,70067,294001,50218,243783,75678,14166,61512,47,157,2019
"Sullivan County, Tennessee",158348,156524,76343,16620,7507,9113,44351,6109,38242,15372,1636,13736,80181,14525,6430,8095,46476,8821,37655,19180,2783,16397,47,163,2019
"Sumner County, Tennessee",191283,189540,92600,24709,7598,17111,54568,3819,50749,13323,723,12600,96940,22796,7249,15547,57301,7189,50112,16843,1553,15290,47,165,2019
"Washington County, Tennessee",129375,127330,62045,13543,5806,7737,37751,3504,34247,10751,490,10261,65285,13244,5387,7857,40102,5300,34802,11939,1638,10301,47,179,2019
"Williamson County, Tennessee",238412,237993,116538,34745,4636,30109,67345,1876,65469,14448,1129,13319,121455,33811,3849,29962,70190,2907,67283,17454,1054,16400,47,187,2019
"Wilson County, Tennessee",144657,143440,70297,18654,7499,11155,41699,2845,38854,9944,955,8989,73143,16698,5539,11159,43734,5843,37891,12711,697,12014,47,189,2019
"Angelina County, Texas",86715,84961,40527,11938,4649,7289,22544,1324,21220,6045,939,5106,44434,11595,5315,6280,24817,2261,22556,8022,655,7367,48,005,2019
"Bastrop County, Texas",88723,86495,42037,11532,4876,6656,24809,2128,22681,5696,605,5091,44458,11217,3730,7487,25629,2255,23374,7612,985,6627,48,021,2019
"Bell County, Texas",362924,338572,159176,52767,16333,36434,89003,6090,82913,17406,2166,15240,179396,50649,17851,32798,106951,12153,94798,21796,3048,18748,48,027,2019
"Bexar County, Texas",2003554,1970811,963929,272007,113111,158896,586961,37215,549746,104961,14819,90142,1006882,263207,108010,155197,605232,60568,544664,138443,25904,112539,48,029,2019
"Bowie County, Texas",93245,87203,40611,11131,5858,5273,22985,1423,21562,6495,428,6067,46592,11854,5425,6429,26181,2864,23317,8557,1036,7521,48,037,2019
"Brazoria County, Texas",374264,361770,176744,51805,8528,43277,105100,3071,102029,19839,1436,18403,185026,50941,10832,40109,110676,4940,105736,23409,3068,20341,48,039,2019
"Brazos County, Texas",229211,224256,110787,26072,8338,17734,75426,3333,72093,9289,989,8300,113469,27436,9573,17863,74311,4219,70092,11722,1000,10722,48,041,2019
"Cameron County, Texas",423163,421397,205523,69008,40241,28767,110808,8510,102298,25707,6028,19679,215874,65814,39159,26655,118197,15074,103123,31863,12109,19754,48,061,2019
"Collin County, Texas",1034730,1031410,507976,142706,20804,121902,314478,8762,305716,50792,3044,47748,523434,136702,18934,117768,322320,8218,314102,64412,7048,57364,48,085,2019
"Comal County, Texas",156209,155240,75964,17912,3316,14596,44981,2818,42163,13071,773,12298,79276,18381,3930,14451,46174,3540,42634,14721,890,13831,48,091,2019
"Coryell County, Texas",75951,58629,27731,9385,2469,6916,14772,1108,13664,3574,316,3258,30898,8662,2215,6447,17872,1301,16571,4364,541,3823,48,099,2019
"Dallas County, Texas",2635516,2616876,1285922,365090,160585,204505,797535,36860,760675,123297,15239,108058,1330954,351929,151978,199951,816074,63796,752278,162951,25126,137825,48,113,2019
"Denton County, Texas",887207,883597,432350,115889,18503,97386,275451,8939,266512,41010,2125,38885,451247,112272,18106,94166,287066,10997,276069,51909,4977,46932,48,121,2019
"Ector County, Texas",166223,164993,83667,26695,6351,20344,50126,1707,48419,6846,1454,5392,81326,25752,5224,20528,46881,3996,42885,8693,1175,7518,48,135,2019
"Ellis County, Texas",184826,183681,91298,26615,6667,19948,54486,1837,52649,10197,1029,9168,92383,25292,4924,20368,54508,2034,52474,12583,1486,11097,48,139,2019
"El Paso County, Texas",839238,813325,391788,121191,60665,60526,227090,15276,211814,43507,11495,32012,421537,116435,51537,64898,245151,26859,218292,59951,20689,39262,48,141,2019
"Fort Bend County, Texas",811688,806384,393935,117866,27384,90482,233269,8386,224883,42800,4961,37839,412449,114024,23193,90831,247744,12476,235268,50681,4903,45778,48,157,2019
"Galveston County, Texas",342139,337831,164715,43038,10464,32574,98668,4389,94279,23009,2346,20663,173116,43348,12570,30778,102757,7175,95582,27011,2381,24630,48,167,2019
"Grayson County, Texas",136212,135108,66033,17675,7037,10638,37624,3913,33711,10734,933,9801,69075,15632,5990,9642,39434,3536,35898,14009,2010,11999,48,181,2019
"Gregg County, Texas",123945,121043,58627,17674,8625,9049,33011,2011,31000,7942,581,7361,62416,15708,5518,10190,36106,4105,32001,10602,1456,9146,48,183,2019
"Guadalupe County, Texas",166847,163717,80069,21756,5776,15980,48111,2636,45475,10202,1047,9155,83648,21370,6551,14819,49678,2889,46789,12600,842,11758,48,187,2019
"Harris County, Texas",4713325,4689767,2322927,662746,270818,391928,1434621,90404,1344217,225560,29564,195996,2366840,640115,270184,369931,1445235,134289,1310946,281490,47711,233779,48,201,2019
"Harrison County, Texas",66553,65811,31916,9131,4176,4955,17561,1208,16353,5224,94,5130,33895,8103,5029,3074,19372,3165,16207,6420,902,5518,48,203,2019
"Hays County, Texas",230191,228729,112740,28453,6592,21861,72331,2421,69910,11956,1141,10815,115989,28977,8571,20406,73627,4186,69441,13385,1702,11683,48,209,2019
"Henderson County, Texas",82737,81766,39797,9473,4833,4640,21889,2027,19862,8435,705,7730,41969,8501,3885,4616,22958,2361,20597,10510,1430,9080,48,213,2019
"Hidalgo County, Texas",868707,859053,418144,149348,86295,63053,225494,14079,211415,43302,14866,28436,440909,144259,81593,62666,242725,23606,219119,53925,21573,32352,48,215,2019
"Hunt County, Texas",98594,97736,48058,12831,6568,6263,28979,3010,25969,6248,403,5845,49678,12506,5577,6929,28570,3314,25256,8602,1486,7116,48,231,2019
"Jefferson County, Texas",251565,238577,116551,32123,13540,18583,70313,4620,65693,14115,1247,12868,122026,30803,14142,16661,71027,7242,63785,20196,3137,17059,48,245,2019
"Johnson County, Texas",175817,173150,85637,24838,9157,15681,49774,1807,47967,11025,766,10259,87513,22776,7887,14889,51352,3587,47765,13385,989,12396,48,251,2019
"Kaufman County, Texas",136154,135139,67234,21449,6420,15029,38231,3039,35192,7554,599,6955,67905,19144,5882,13262,39819,3248,36571,8942,905,8037,48,257,2019
"Liberty County, Texas",88219,81218,40506,12033,4308,7725,22905,1746,21159,5568,966,4602,40712,12885,4733,8152,21115,2278,18837,6712,570,6142,48,291,2019
"Lubbock County, Texas",310569,305990,149094,40383,16414,23969,92709,4899,87810,16002,2722,13280,156896,40088,16257,23831,95084,8490,86594,21724,3999,17725,48,303,2019
"McLennan County, Texas",256623,252425,122463,35951,15774,20177,70366,5209,65157,16146,2278,13868,129962,33093,11541,21552,76341,6815,69526,20528,2399,18129,48,309,2019
"Midland County, Texas",176832,175530,87944,27364,5113,22251,53017,3067,49950,7563,846,6717,87586,27055,4349,22706,50127,3699,46428,10404,1363,9041,48,329,2019
"Montgomery County, Texas",607391,605134,298528,85033,25855,59178,176648,6639,170009,36847,3153,33694,306606,82233,22589,59644,180850,8654,172196,43523,5053,38470,48,339,2019
"Nacogdoches County, Texas",65204,64416,31609,9053,3979,5074,18208,1352,16856,4348,446,3902,32807,8127,2439,5688,19691,1625,18066,4989,387,4602,48,347,2019
"Nueces County, Texas",362294,356724,175332,48929,19400,29529,102277,6596,95681,24126,3275,20851,181392,44614,16063,28551,107363,14451,92912,29415,5130,24285,48,355,2019
"Orange County, Texas",83396,82623,40237,10357,4120,6237,23922,920,23002,5958,612,5346,42386,10930,3233,7697,24201,2636,21565,7255,629,6626,48,361,2019
"Parker County, Texas",142878,141194,70037,19832,5088,14744,39778,1858,37920,10427,1149,9278,71157,18241,4783,13458,41258,2642,38616,11658,862,10796,48,367,2019
"Potter County, Texas",117415,110763,54217,16832,6200,10632,31421,1851,29570,5964,931,5033,56546,16178,5111,11067,31513,3500,28013,8855,1357,7498,48,375,2019
"Randall County, Texas",137713,136822,66741,17665,3485,14180,39543,1582,37961,9533,726,8807,70081,17206,4593,12613,40840,2428,38412,12035,561,11474,48,381,2019
"Rockwall County, Texas",104915,104300,51480,15259,2825,12434,30551,1026,29525,5670,51,5619,52820,14589,2940,11649,31421,1347,30074,6810,447,6363,48,397,2019
"San Patricio County, Texas",66730,65903,33355,9873,3654,6219,18761,1949,16812,4721,861,3860,32548,8980,3266,5714,18284,1778,16506,5284,868,4416,48,409,2019
"Smith County, Texas",232751,230289,110525,30745,9382,21363,62523,3904,58619,17257,1720,15537,119764,30011,9106,20905,68377,6004,62373,21376,2745,18631,48,423,2019
"Tarrant County, Texas",2102515,2084791,1017428,292685,99333,193352,619930,30768,589162,104813,8105,96708,1067363,285449,95625,189824,647201,48689,598512,134713,13395,121318,48,439,2019
"Taylor County, Texas",138034,131322,61558,18034,5492,12542,35179,2711,32468,8345,604,7741,69764,18938,7278,11660,39565,4256,35309,11261,1544,9717,48,441,2019
"Tom Green County, Texas",119200,113970,55165,14762,5502,9260,32101,1568,30533,8302,1107,7195,58805,14775,3970,10805,34662,3226,31436,9368,1689,7679,48,451,2019
"Travis County, Texas",1273954,1265027,636479,144576,40066,104510,434483,19668,414815,57420,5467,51953,628548,140693,40045,100648,418621,28507,390114,69234,10131,59103,48,453,2019
"Victoria County, Texas",92084,91067,43785,12026,4312,7714,25314,741,24573,6445,360,6085,47282,13159,4398,8761,26076,1727,24349,8047,576,7471,48,469,2019
"Walker County, Texas",72971,61093,31388,6219,1388,4831,21148,484,20664,4021,644,3377,29705,6169,2570,3599,18608,2045,16563,4928,662,4266,48,471,2019
"Webb County, Texas",276652,274413,133654,47018,23764,23254,75173,3956,71217,11463,3398,8065,140759,46718,22308,24410,78689,5032,73657,15352,6033,9319,48,479,2019
"Wichita County, Texas",132230,118898,56623,15228,5156,10072,32787,3864,28923,8608,1139,7469,62275,15966,5613,10353,36361,3947,32414,9948,1719,8229,48,485,2019
"Williamson County, Texas",590551,588258,289303,79823,15682,64141,177373,9136,168237,32107,2943,29164,298955,76253,13281,62972,182639,10573,172066,40063,4102,35961,48,491,2019
"Wise County, Texas",69984,69222,34926,9730,2509,7221,20536,269,20267,4660,190,4470,34296,8792,3019,5773,20496,1279,19217,5008,226,4782,48,497,2019
"Cache County, Utah",128289,127515,63080,20454,4434,16020,36731,2109,34622,5895,180,5715,64435,20876,5650,15226,37066,2853,34213,6493,458,6035,49,005,2019
"Davis County, Utah",355481,350363,175390,62826,5370,57456,95595,4486,91109,16969,1003,15966,174973,56499,4902,51597,99134,4087,95047,19340,1902,17438,49,011,2019
"Salt Lake County, Utah",1160437,1152439,574932,164852,25859,138993,351102,17965,333137,58978,5468,53510,577507,160468,24981,135487,346826,17517,329309,70213,6461,63752,49,035,2019
"Tooele County, Utah",72259,71806,36223,12507,1197,11310,20606,1062,19544,3110,692,2418,35583,11533,1665,9868,20485,1605,18880,3565,508,3057,49,045,2019
"Utah County, Utah",636235,632742,319214,113172,18689,94483,183075,8769,174306,22967,1460,21507,313528,109558,19587,89971,176939,13599,163340,27031,2225,24806,49,049,2019
"Washington County, Utah",177556,176112,87268,24980,4556,20424,43400,2421,40979,18888,972,17916,88844,22251,3824,18427,46650,4242,42408,19943,1641,18302,49,053,2019
"Weber County, Utah",260213,257546,128993,38128,5755,32373,76803,6254,70549,14062,1939,12123,128553,37435,6163,31272,75146,5725,69421,15972,2450,13522,49,057,2019
"Chittenden County, Vermont",163774,162540,80172,16857,4775,12082,52295,5651,46644,11020,634,10386,82368,15416,4812,10604,52547,9418,43129,14405,1945,12460,50,007,2019
"Albemarle County, Virginia",109330,107798,52442,13306,2362,10944,29672,1492,28180,9464,383,9081,55356,11958,1737,10221,31997,1925,30072,11401,226,11175,51,003,2019
"Arlington County, Virginia",236842,231652,113246,21326,2589,18737,80515,2433,78082,11405,623,10782,118406,23237,4733,18504,81070,2643,78427,14099,756,13343,51,013,2019
"Augusta County, Virginia",75558,70347,34195,6782,1977,4805,19508,879,18629,7905,252,7653,36152,6604,1880,4724,20826,2228,18598,8722,653,8069,51,015,2019
"Bedford County, Virginia",78997,78658,38725,8781,3983,4798,21732,2216,19516,8212,903,7309,39933,8498,3224,5274,22595,2672,19923,8840,642,8198,51,019,2019
"Chesterfield County, Virginia",352802,349587,168023,44671,11926,32745,99271,5450,93821,24081,941,23140,181564,42398,9761,32637,109388,10407,98981,29778,1606,28172,51,041,2019
"Fairfax County, Virginia",1147532,1131979,557575,144550,23816,120734,340214,13171,327043,72811,4727,68084,574404,137265,25865,111400,350807,15219,335588,86332,8707,77625,51,059,2019
"Fauquier County, Virginia",71222,70793,34113,8827,1394,7433,19645,652,18993,5641,328,5313,36680,8615,1279,7336,21801,1267,20534,6264,557,5707,51,061,2019
"Frederick County, Virginia",89313,88159,43384,11479,1623,9856,24564,1695,22869,7341,428,6913,44775,9657,1884,7773,26610,2039,24571,8508,756,7752,51,069,2019
"Hanover County, Virginia",107766,107504,52415,12873,2075,10798,31272,1950,29322,8270,286,7984,55089,12794,2217,10577,31108,2337,28771,11187,896,10291,51,085,2019
"Henrico County, Virginia",330818,328119,156119,40586,12632,27954,94426,6374,88052,21107,1879,19228,172000,37026,10726,26300,103393,10900,92493,31581,3237,28344,51,087,2019
"James City County, Virginia",76523,74716,34591,7387,956,6431,18091,1920,16171,9113,159,8954,40125,8397,2138,6259,21012,1225,19787,10716,352,10364,51,095,2019
"Loudoun County, Virginia",413538,411654,203901,62147,7035,55112,123985,3577,120408,17769,1211,16558,207753,59505,7865,51640,126265,3676,122589,21983,2153,19830,51,107,2019
"Montgomery County, Virginia",98535,97820,50109,9850,1637,8213,34574,2098,32476,5685,491,5194,47711,8858,870,7988,31979,2999,28980,6874,299,6575,51,121,2019
"Prince William County, Virginia",470335,462205,228029,68118,15030,53088,138214,4735,133479,21697,1396,20301,234176,64023,13561,50462,143550,8498,135052,26603,2618,23985,51,153,2019
"Roanoke County, Virginia",94186,92347,44598,11523,2520,9003,24020,1218,22802,9055,477,8578,47749,9562,700,8862,27021,2433,24588,11166,407,10759,51,161,2019
"Rockingham County, Virginia",81948,81512,40258,9971,2890,7081,22928,1976,20952,7359,713,6646,41254,8938,3394,5544,23864,2561,21303,8452,754,7698,51,165,2019
"Spotsylvania County, Virginia",136215,134977,66939,19122,4133,14989,39029,2174,36855,8788,515,8273,68038,17053,4194,12859,40066,3747,36319,10919,615,10304,51,177,2019
"Stafford County, Virginia",152882,147226,71883,20905,3938,16967,43535,2215,41320,7443,283,7160,75343,20031,4064,15967,46551,2907,43644,8761,713,8048,51,179,2019
"York County, Virginia",68280,64226,29412,7976,941,7035,16645,571,16074,4791,65,4726,34814,8929,899,8030,19732,986,18746,6153,361,5792,51,199,2019
"Alexandria city, Virginia",159428,155298,73916,15853,5555,10298,50593,3361,47232,7470,525,6945,81382,14286,3979,10307,56460,2357,54103,10636,1312,9324,51,510,2019
"Chesapeake city, Virginia",244835,232910,110160,31937,8453,23484,64393,4677,59716,13830,540,13290,122750,31002,7825,23177,73129,7217,65912,18619,1645,16974,51,550,2019
"Hampton city, Virginia",134510,127175,60070,16289,6159,10130,35039,3593,31446,8742,705,8037,67105,14971,7369,7602,39709,7008,32701,12425,1590,10835,51,650,2019
"Lynchburg city, Virginia",82168,80666,38547,8918,2512,6406,24849,3546,21303,4780,457,4323,42119,9816,2863,6953,26120,5128,20992,6183,344,5839,51,680,2019
"Newport News city, Virginia",179225,168900,77848,22771,9243,13528,45475,4890,40585,9602,888,8714,91052,21698,10280,11418,55157,10697,44460,14197,2219,11978,51,700,2019
"Norfolk city, Virginia",242742,212766,101788,25808,10112,15696,64386,7865,56521,11594,1682,9912,110978,25803,12234,13569,69201,12796,56405,15974,2832,13142,51,710,2019
"Portsmouth city, Virginia",94398,88329,39131,10074,4157,5917,23456,2725,20731,5601,600,5001,49198,11948,6576,5372,28905,6831,22074,8345,1374,6971,51,740,2019
"Richmond city, Virginia",230436,228222,108429,22595,11488,11107,73218,9643,63575,12616,1159,11457,119793,20462,9758,10704,80919,14578,66341,18412,2875,15537,51,760,2019
"Roanoke city, Virginia",99143,98137,46844,11605,6001,5604,28914,4549,24365,6325,434,5891,51293,11166,6427,4739,30694,5883,24811,9433,1066,8367,51,770,2019
"Suffolk city, Virginia",92108,89660,43185,12954,5314,7640,24262,1968,22294,5969,365,5604,46475,10839,3268,7571,28019,4931,23088,7617,1141,6476,51,800,2019
"Virginia Beach city, Virginia",449974,423796,200386,53229,9430,43799,119152,6908,112244,28005,1243,26762,223410,50705,9739,40966,135305,10641,124664,37400,2692,34708,51,810,2019
"Benton County, Washington",204390,203115,101200,29289,12379,16910,57731,5533,52198,14180,1134,13046,101915,27166,12161,15005,58194,11713,46481,16555,1572,14983,53,005,2019
"Chelan County, Washington",77200,76541,38563,10148,5872,4276,21430,2980,18450,6985,280,6705,37978,10045,6156,3889,20566,3712,16854,7367,694,6673,53,007,2019
"Clallam County, Washington",77331,76158,37489,6796,4296,2500,19797,5358,14439,10896,1069,9827,38669,6551,3791,2760,19755,5726,14029,12363,985,11378,53,009,2019
"Clark County, Washington",488241,485140,239278,61000,25601,35399,142522,17528,124994,35756,3617,32139,245862,59160,21790,37370,144857,23798,121059,41845,5192,36653,53,011,2019
"Cowlitz County, Washington",110593,109717,54183,13484,7132,6352,31019,7144,23875,9680,970,8710,55534,12906,6301,6605,31733,8010,23723,10895,1657,9238,53,015,2019
"Franklin County, Washington",95222,92817,46405,15500,10745,4755,26826,5354,21472,4079,268,3811,46412,17014,11292,5722,24885,5251,19634,4513,581,3932,53,021,2019
"Grant County, Washington",97733,97270,48528,14463,11113,3350,27542,5185,22357,6523,780,5743,48742,15782,11893,3889,26301,7675,18626,6659,1181,5478,53,025,2019
"Grays Harbor County, Washington",75061,71950,35008,7341,2927,4414,19863,3073,16790,7804,671,7133,36942,8882,3875,5007,19392,3612,15780,8668,1131,7537,53,027,2019
"Island County, Washington",85141,78385,38254,9006,2836,6170,19833,2375,17458,9415,376,9039,40131,7040,1693,5347,22089,2361,19728,11002,715,10287,53,029,2019
"King County, Washington",2252782,2239641,1123819,239571,65703,173868,751304,66890,684414,132944,17115,115829,1115822,236065,67780,168285,714704,80796,633908,165053,24923,140130,53,033,2019
"Kitsap County, Washington",271473,253152,122843,30128,7565,22563,70222,7468,62754,22493,1832,20661,130309,28140,7442,20698,75477,11438,64039,26692,1611,25081,53,035,2019
"Lewis County, Washington",80707,79808,40571,9670,3979,5691,22772,4496,18276,8129,713,7416,39237,8359,3030,5329,21871,4989,16882,9007,1065,7942,53,041,2019
"Mason County, Washington",66768,65248,33589,7331,3253,4078,18732,2821,15911,7526,797,6729,31659,6444,2636,3808,17080,4073,13007,8135,655,7480,53,045,2019
"Pierce County, Washington",904980,881334,434263,112705,38073,74632,264967,35424,229543,56591,6193,50398,447071,107823,39122,68701,269479,45143,224336,69769,9800,59969,53,053,2019
"Skagit County, Washington",129205,126866,61230,14377,6338,8039,34033,5162,28871,12820,872,11948,65636,14948,6722,8226,35918,6872,29046,14770,1387,13383,53,057,2019
"Snohomish County, Washington",822083,811625,404148,99626,32448,67178,253942,24546,229396,50580,5023,45557,407477,93577,29909,63668,252407,38979,213428,61493,8363,53130,53,061,2019
"Spokane County, Washington",522798,512600,250609,62466,31566,30900,150391,29709,120682,37752,3383,34369,261991,58745,27207,31538,156373,37709,118664,46873,4272,42601,53,063,2019
"Thurston County, Washington",290536,283808,136372,34273,11695,22578,79174,12226,66948,22925,2871,20054,147436,32246,10542,21704,87565,15523,72042,27625,2390,25235,53,067,2019
"Whatcom County, Washington",229247,227894,112293,24173,9540,14633,68875,11681,57194,19245,1860,17385,115601,23112,11150,11962,70414,12969,57445,22075,2029,20046,53,073,2019
"Yakima County, Washington",250873,248438,124255,39589,23527,16062,68433,10798,57635,16233,1695,14538,124183,38425,25498,12927,67234,17797,49437,18524,4187,14337,53,077,2019
"Berkeley County, West Virginia",119171,118862,58710,14563,6092,8471,35659,3733,31926,8488,1205,7283,60152,14026,6252,7774,36884,6258,30626,9242,929,8313,54,003,2019
"Cabell County, West Virginia",91945,90328,44097,10232,4942,5290,26530,6549,19981,7335,563,6772,46231,8852,4675,4177,27619,7570,20049,9760,1038,8722,54,011,2019
"Harrison County, West Virginia",67256,66459,32321,7650,2640,5010,19084,3321,15763,5587,509,5078,34138,7450,2904,4546,19735,4482,15253,6953,307,6646,54,033,2019
"Kanawha County, West Virginia",178124,175503,84140,18600,8470,10130,49196,11013,38183,16344,1617,14727,91363,18403,9020,9383,52389,13861,38528,20571,3489,17082,54,039,2019
"Monongalia County, West Virginia",105612,104404,53064,10334,2713,7621,36415,5283,31132,6315,542,5773,51340,10505,3460,7045,33264,5172,28092,7571,842,6729,54,061,2019
"Raleigh County, West Virginia",73361,70907,34502,8534,4134,4400,19249,4760,14489,6719,931,5788,36405,7833,3670,4163,20121,5874,14247,8451,1567,6884,54,081,2019
"Wood County, West Virginia",83518,82702,39844,9239,4968,4271,23117,6928,16189,7488,756,6732,42858,9064,5741,3323,24379,8678,15701,9415,1390,8025,54,107,2019
"Brown County, Wisconsin",264542,261233,128372,33420,9663,23757,76858,5662,71196,18094,1173,16921,132861,32800,9904,22896,77636,11105,66531,22425,2044,20381,55,009,2019
"Dane County, Wisconsin",546695,542339,269053,60976,12854,48122,173601,12687,160914,34476,3599,30877,273286,57977,9648,48329,173785,15898,157887,41524,3780,37744,55,025,2019
"Dodge County, Wisconsin",87839,84638,41981,8781,2446,6335,26180,2622,23558,7020,563,6457,42657,10348,4140,6208,24073,3394,20679,8236,817,7419,55,027,2019
"Eau Claire County, Wisconsin",104646,104008,51585,12282,3785,8497,31873,2940,28933,7430,1216,6214,52423,11738,4156,7582,31694,4329,27365,8991,1160,7831,55,035,2019
"Fond du Lac County, Wisconsin",103403,101728,48708,10072,2127,7945,30035,2398,27637,8601,930,7671,53020,12548,3799,8749,29909,3418,26491,10563,1635,8928,55,039,2019
"Jefferson County, Wisconsin",84769,84318,41743,9558,1881,7677,25334,2630,22704,6851,804,6047,42575,9473,1969,7504,25197,3510,21687,7905,826,7079,55,055,2019
"Kenosha County, Wisconsin",169561,167388,81705,20868,6204,14664,49999,5100,44899,10838,597,10241,85683,20913,6884,14029,51800,7085,44715,12970,1580,11390,55,059,2019
"La Crosse County, Wisconsin",118016,116775,56576,13116,2633,10483,34755,2883,31872,8705,702,8003,60199,12763,4074,8689,36524,4389,32135,10912,1391,9521,55,063,2019
"Manitowoc County, Wisconsin",78981,78428,39476,9188,2932,6256,22826,2136,20690,7462,1172,6290,38952,7762,2300,5462,21974,3245,18729,9216,1423,7793,55,071,2019
"Marathon County, Wisconsin",135692,134730,68132,17234,3251,13983,39634,3290,36344,11264,1699,9565,66598,15637,4069,11568,38039,3601,34438,12922,2012,10910,55,073,2019
"Milwaukee County, Wisconsin",945726,937080,452163,121470,55687,65783,274889,42168,232721,55804,7702,48102,484917,116587,54823,61764,295109,68388,226721,73221,12646,60575,55,079,2019
"Outagamie County, Wisconsin",187885,186267,92532,23669,6455,17214,56132,5082,51050,12731,738,11993,93735,22632,4884,17748,55958,5389,50569,15145,1538,13607,55,087,2019
"Ozaukee County, Wisconsin",89221,88737,43669,10313,1550,8763,25519,1605,23914,7837,583,7254,45068,10140,1909,8231,25185,2133,23052,9743,955,8788,55,089,2019
"Portage County, Wisconsin",70772,70486,35193,7935,2422,5513,21635,2560,19075,5623,474,5149,35293,7127,1930,5197,21730,2987,18743,6436,382,6054,55,097,2019
"Racine County, Wisconsin",196311,191234,93446,23920,8693,15227,55391,7141,48250,14135,1656,12479,97788,22613,10012,12601,56941,11235,45706,18234,1705,16529,55,101,2019
"Rock County, Wisconsin",163354,162076,79164,19933,7353,12580,47115,5145,41970,12116,1480,10636,82912,19098,6222,12876,49228,9323,39905,14586,2224,12362,55,105,2019
"St. Croix County, Wisconsin",90687,89990,44776,12177,2586,9591,26435,1396,25039,6164,319,5845,45214,11456,2270,9186,27072,2185,24887,6686,614,6072,55,109,2019
"Sheboygan County, Wisconsin",115340,113141,56395,13171,2615,10556,33721,3721,30000,9503,560,8943,56746,13016,3458,9558,32852,4330,28522,10878,1423,9455,55,117,2019
"Walworth County, Wisconsin",103868,103222,52226,12017,3346,8671,31430,2756,28674,8779,311,8468,50996,10347,2275,8072,30468,3073,27395,10181,947,9234,55,127,2019
"Washington County, Wisconsin",136034,135206,67497,15487,3888,11599,40520,2679,37841,11490,1009,10481,67709,15058,2167,12891,38965,3310,35655,13686,1328,12358,55,131,2019
"Waukesha County, Wisconsin",404198,401713,197877,46973,7885,39088,116458,7678,108780,34446,1927,32519,203836,44344,6068,38276,117422,8018,109404,42070,4792,37278,55,133,2019
"Winnebago County, Wisconsin",171907,167455,83134,19925,6179,13746,50294,6101,44193,12915,962,11953,84321,18160,4101,14059,50788,7538,43250,15373,1753,13620,55,139,2019
"Wood County, Wisconsin",72999,72492,35640,8355,3429,4926,20260,3308,16952,7025,988,6037,36852,8033,3120,4913,20679,4866,15813,8140,1158,6982,55,141,2019
"Laramie County, Wyoming",99500,96057,47998,12643,2835,9808,27954,1937,26017,7401,593,6808,48059,11693,2313,9380,27377,2226,25151,8989,635,8354,56,021,2019
"Natrona County, Wyoming",79858,78914,39707,10911,4187,6724,23196,1340,21856,5600,542,5058,39207,9099,1676,7423,23496,3133,20363,6612,984,5628,56,025,2019
"Arecibo Municipio, Puerto Rico",81966,81415,38607,8115,4952,3163,22709,10867,11842,7783,2841,4942,42808,7326,4692,2634,25090,11883,13207,10392,3998,6394,72,013,2019
"Bayamón Municipio, Puerto Rico",169269,164521,75397,15475,8260,7215,44572,13544,31028,15350,4753,10597,89124,15117,8013,7104,51523,19385,32138,22484,7684,14800,72,021,2019
"Caguas Municipio, Puerto Rico",124606,124149,57614,12093,7799,4294,35003,13248,21755,10518,2950,7568,66535,11850,6968,4882,39249,17940,21309,15436,6064,9372,72,025,2019
"Carolina Municipio, Puerto Rico",146984,146505,66689,13931,6508,7423,39438,9983,29455,13320,3630,9690,79816,13111,6929,6182,46298,14040,32258,20407,6396,14011,72,031,2019
"Guaynabo Municipio, Puerto Rico",83728,83119,38988,7035,2313,4722,24007,5261,18746,7946,2635,5311,44131,6843,2473,4370,25894,5954,19940,11394,3464,7930,72,061,2019
"Mayagüez Municipio, Puerto Rico",71530,71018,33815,6865,4735,2130,19684,9686,9998,7266,2673,4593,37203,6649,4846,1803,20154,11078,9076,10400,4515,5885,72,097,2019
"Ponce Municipio, Puerto Rico",131881,129198,61021,13162,9855,3307,35181,18262,16919,12678,8008,4670,68177,12598,8618,3980,38557,20551,18006,17022,10363,6659,72,113,2019
"San Juan Municipio, Puerto Rico",318441,313915,143709,29292,13330,15962,84727,15493,69234,29690,7506,22184,170206,28571,12374,16197,98062,26850,71212,43573,10607,32966,72,127,2019
"Toa Alta Municipio, Puerto Rico",72025,71897,34509,7366,4061,3305,22292,4613,17679,4851,846,4005,37388,7291,2682,4609,24247,7123,17124,5850,1246,4604,72,135,2019
"Toa Baja Municipio, Puerto Rico",74271,73735,34267,7090,4978,2112,20834,7194,13640,6343,1900,4443,39468,7278,4787,2491,23497,10238,13259,8693,2638,6055,72,137,2019
"Trujillo Alto Municipio, Puerto Rico",63674,63312,28186,5175,2228,2947,17829,4138,13691,5182,947,4235,35126,7874,3449,4425,19835,5702,14133,7417,2158,5259,72,139,2019
"Baldwin County, Alabama",239294,235756,112282,25484,5837,19647,63037,4677,58360,23761,2163,21598,123474,27012,9359,17653,69929,7399,62530,26533,2897,23636,01,003,2021
"Calhoun County, Alabama",115972,114601,54570,13252,7284,5968,32399,3166,29233,8919,1136,7783,60031,13712,6722,6990,34565,6014,28551,11754,1598,10156,01,015,2021
"Cullman County, Alabama",89496,89194,44230,10458,4205,6253,26235,2110,24125,7537,971,6566,44964,10073,4548,5525,25828,3246,22582,9063,839,8224,01,043,2021
"DeKalb County, Alabama",71813,71080,35490,9298,5783,3515,20577,1511,19066,5615,788,4827,35590,8801,6845,1956,20304,2384,17920,6485,1338,5147,01,049,2021
"Elmore County, Alabama",89304,84444,40006,10668,4147,6521,23059,790,22269,6279,1001,5278,44438,9592,4995,4597,26660,2381,24279,8186,705,7481,01,051,2021
"Etowah County, Alabama",103162,102521,49454,11497,5874,5623,29453,3727,25726,8504,716,7788,53067,12031,6006,6025,30294,5466,24828,10742,1601,9141,01,055,2021
"Houston County, Alabama",107458,106536,51251,13510,7900,5610,29097,2784,26313,8644,890,7754,55285,12021,6985,5036,32375,5846,26529,10889,1744,9145,01,069,2021
"Jefferson County, Alabama",667820,661543,313875,82143,38303,43840,185460,21433,164027,46272,4080,42192,347668,78525,32761,45764,207488,27795,179693,61655,10188,51467,01,073,2021
"Lauderdale County, Alabama",94043,93063,44787,9984,5165,4819,26624,761,25863,8179,904,7275,48276,9718,3964,5754,28213,3083,25130,10345,1159,9186,01,077,2021
"Lee County, Alabama",177218,176109,86098,21137,6683,14454,54914,2854,52060,10047,525,9522,90011,19665,5931,13734,57699,3513,54186,12647,1900,10747,01,081,2021
"Limestone County, Alabama",107517,104349,50281,11798,1825,9973,31423,1460,29963,7060,704,6356,54068,13396,2034,11362,31134,2508,28626,9538,1046,8492,01,083,2021
"Madison County, Alabama",395211,388653,189713,46663,12009,34654,116892,5173,111719,26158,1887,24271,198940,44122,10730,33392,120251,10325,109926,34567,2900,31667,01,089,2021
"Marshall County, Alabama",98228,97151,46993,12515,5644,6871,27284,2287,24997,7194,1223,5971,50158,13446,7784,5662,27741,4175,23566,8971,778,8193,01,095,2021
"Mobile County, Alabama",413073,409181,194685,51693,28262,23431,112879,11175,101704,30113,4855,25258,214496,49702,27214,22488,125955,16152,109803,38839,6253,32586,01,097,2021
"Montgomery County, Alabama",227434,221755,101710,28414,15530,12884,58810,4890,53920,14486,1867,12619,120045,29258,15702,13556,69804,9848,59956,20983,3504,17479,01,101,2021
"Morgan County, Alabama",123668,121663,59204,14597,5881,8716,34747,3577,31170,9860,1262,8598,62459,15589,5666,9923,34642,3658,30984,12228,1814,10414,01,103,2021
"St. Clair County, Alabama",92748,90715,45106,11566,5179,6387,25976,1984,23992,7564,707,6857,45609,10262,4622,5640,26693,2681,24012,8654,1061,7593,01,115,2021
"Shelby County, Alabama",226902,224674,107776,27015,5635,21380,64415,1447,62968,16346,1290,15056,116898,28109,7354,20755,68472,2682,65790,20317,1057,19260,01,117,2021
"Talladega County, Alabama",81524,77721,35126,7917,3753,4164,20247,2053,18194,6962,594,6368,42595,10056,5759,4297,24221,5196,19025,8318,736,7582,01,121,2021
"Tuscaloosa County, Alabama",227007,224217,108013,26929,11455,15474,67329,4654,62675,13755,1600,12155,116204,27098,11622,15476,71297,8217,63080,17809,2238,15571,01,125,2021
"Anchorage Municipality, Alaska",288121,274696,136618,37707,16140,21567,81265,12354,68911,17646,2881,14765,138078,34093,11933,22160,85660,15932,69728,18325,2622,15703,02,020,2021
"Fairbanks North Star Borough, Alaska",95593,85678,43408,12013,3285,8728,25636,3004,22632,5759,826,4933,42270,11091,1958,9133,25125,2620,22505,6054,834,5220,02,090,2021
"Matanuska-Susitna Borough, Alaska",110686,107222,54658,15314,5483,9831,32049,4873,27176,7295,1022,6273,52564,14510,5507,9003,30822,5997,24825,7232,924,6308,02,170,2021
"Apache County, Arizona",65623,64936,31394,8758,5098,3660,17382,6077,11305,5254,1838,3416,33542,9710,5779,3931,18060,6667,11393,5772,2093,3679,04,001,2021
"Cochise County, Arizona",126050,118706,57519,13834,7858,5976,29502,8918,20584,14183,1783,12400,61187,14037,7866,6171,31727,8309,23418,15423,2634,12789,04,003,2021
"Coconino County, Arizona",145052,144555,70667,16427,5931,10496,44656,8194,36462,9584,767,8817,73888,17553,6395,11158,45654,10446,35208,10681,2187,8494,04,005,2021
"Maricopa County, Arizona",4496588,4458347,2208382,561062,194844,366218,1326825,169995,1156830,320495,32433,288062,2249965,537878,198375,339503,1329424,217980,1111444,382663,44773,337890,04,013,2021
"Mohave County, Arizona",217692,215783,109133,19624,10715,8909,55733,11363,44370,33776,3026,30750,106650,18530,9735,8795,54172,14576,39596,33948,4363,29585,04,015,2021
"Navajo County, Arizona",108147,105930,52368,14777,7926,6851,27348,7681,19667,10243,2112,8131,53562,14256,7348,6908,27865,9314,18551,11441,2761,8680,04,017,2021
"Pima County, Arizona",1052030,1031111,502974,117686,46086,71600,286742,52373,234369,98546,10718,87828,528137,113152,48272,64880,299139,65280,233859,115846,16264,99582,04,019,2021
"Pinal County, Arizona",449557,433608,217162,52448,21624,30824,119716,21172,98544,44998,3652,41346,216446,52632,17955,34677,114879,24461,90418,48935,5209,43726,04,021,2021
"Yavapai County, Arizona",242253,241147,118439,20992,7417,13575,59094,9907,49187,38353,2410,35943,122708,18441,6559,11882,61084,13304,47780,43183,3493,39690,04,025,2021
"Yuma County, Arizona",206990,197437,98552,28529,14437,14092,50809,11913,38896,19214,3572,15642,98885,25453,12148,13305,52712,16916,35796,20720,4968,15752,04,027,2021
"Benton County, Arkansas",293692,292160,146114,40144,14043,26101,88620,8390,80230,17350,1341,16009,146046,39014,15121,23893,85669,10067,75602,21363,2155,19208,05,007,2021
"Craighead County, Arkansas",112218,111486,54306,17180,9362,7818,30695,6142,24553,6431,1315,5116,57180,13579,6483,7096,34787,8763,26024,8814,1600,7214,05,031,2021
"Faulkner County, Arkansas",125106,122935,60059,15903,5449,10454,36984,4447,32537,7172,1028,6144,62876,15470,6345,9125,38488,7563,30925,8918,2391,6527,05,045,2021
"Garland County, Arkansas",100330,99277,47618,10492,5252,5240,26180,5539,20641,10946,642,10304,51659,10301,6271,4030,28654,8325,20329,12704,1889,10815,05,051,2021
"Jefferson County, Arkansas",65861,62097,30134,7956,4945,3011,17026,4350,12676,5152,1114,4038,31963,7156,3774,3382,18074,5419,12655,6733,613,6120,05,069,2021
"Lonoke County, Arkansas",74722,72134,35133,10027,5039,4988,20515,3504,17011,4591,248,4343,37001,9230,4151,5079,22030,4713,17317,5741,533,5208,05,085,2021
"Pulaski County, Arkansas",397821,389999,184352,48939,23871,25068,108297,16033,92264,27116,2424,24692,205647,47004,22050,24954,122184,21852,100332,36459,4754,31705,05,119,2021
"Saline County, Arkansas",125233,124347,61822,16191,6582,9609,35495,3824,31671,10136,519,9617,62525,13843,4574,9269,36443,5741,30702,12239,1116,11123,05,125,2021
"Sebastian County, Arkansas",128400,126986,61768,14789,6869,7920,38366,7907,30459,8613,854,7759,65218,15981,9229,6752,38132,8286,29846,11105,1504,9601,05,131,2021
"Washington County, Arkansas",250057,248427,124142,32631,14596,18035,77785,8939,68846,13726,1133,12593,124285,31828,15321,16507,75680,13596,62084,16777,1517,15260,05,143,2021
"White County, Arkansas",77207,76816,37172,9488,4889,4599,22260,3761,18499,5424,319,5105,39644,9275,5714,3561,23489,5362,18127,6880,1306,5574,05,145,2021
"Alameda County, California",1648556,1640371,812644,180494,56481,124013,523618,75968,447650,108532,17596,90936,827727,170663,51154,119509,523137,97345,425792,133927,28206,105721,06,001,2021
"Butte County, California",208309,205848,101930,24464,11220,13244,60267,15094,45173,17199,2668,14531,103918,23490,12401,11089,60338,19262,41076,20090,3734,16356,06,007,2021
"Contra Costa County, California",1161413,1156218,567290,139452,46414,93038,342394,54964,287430,85444,9472,75972,588928,131854,41875,89979,350456,72352,278104,106618,17169,89449,06,013,2021
"El Dorado County, California",193221,192335,95387,18927,5559,13368,55336,9373,45963,21124,2009,19115,96948,20575,7584,12991,54333,9561,44772,22040,2236,19804,06,017,2021
"Fresno County, California",1013581,1001415,497948,153142,88568,64574,288209,86011,202198,56597,15293,41304,503467,147335,87010,60325,287582,111050,176532,68550,21228,47322,06,019,2021
"Humboldt County, California",136310,135189,66541,13349,9062,4287,40832,14972,25860,12360,2546,9814,68648,14375,7283,7092,40259,15217,25042,14014,2347,11667,06,023,2021
"Imperial County, California",179851,170254,84062,27507,17337,10170,45446,16226,29220,11109,4289,6820,86192,26740,15835,10905,46128,20926,25202,13324,7068,6256,06,025,2021
"Kern County, California",917673,889026,444880,141859,80640,61219,254960,73736,181224,48061,13063,34998,444146,134609,76218,58391,254309,97735,156574,55228,14391,40837,06,029,2021
"Kings County, California",153443,132592,65332,21526,10996,10530,36363,9891,26472,7443,1913,5530,67260,21305,9671,11634,37587,12724,24863,8368,2413,5955,06,031,2021
"Lake County, California",68766,68017,33918,7224,4701,2523,18921,5770,13151,7773,1655,6118,34099,7001,3384,3617,18446,6532,11914,8652,1579,7073,06,033,2021
"Los Angeles County, California",9829544,9754769,4819430,1120987,542000,578987,3075486,658538,2416948,622957,143926,479031,4935339,1065716,504597,561119,3081639,803334,2278305,787984,219679,568305,06,037,2021
"Madera County, California",159410,151932,74772,24243,13804,10439,39407,12912,26495,11122,2245,8877,77160,21660,11772,9888,43290,17022,26268,12210,2527,9683,06,039,2021
"Marin County, California",260206,256949,125462,26925,6148,20777,71095,8416,62679,27442,1689,25753,131487,26470,5762,20708,71668,10451,61217,33349,3868,29481,06,041,2021
"Mendocino County, California",91305,90458,44161,9264,4183,5081,24876,9259,15617,10021,2339,7682,46297,10663,3493,7170,24123,10143,13980,11511,2069,9442,06,045,2021
"Merced County, California",286461,283776,142966,44980,28753,16227,82348,25084,57264,15638,5316,10322,140810,43457,27286,16171,79595,32910,46685,17758,7210,10548,06,047,2021
"Monterey County, California",437325,421848,209673,60549,33841,26708,120410,20555,99855,28714,4471,24243,212175,59349,36414,22935,119120,28708,90412,33706,5852,27854,06,053,2021
"Napa County, California",136207,134893,67605,14415,5299,9116,40608,5519,35089,12582,1629,10953,67288,13732,5248,8484,39362,6162,33200,14194,2384,11810,06,055,2021
"Nevada County, California",103487,102510,50380,9278,2755,6523,27820,5605,22215,13282,1580,11702,52130,8859,3365,5494,28220,4998,23222,15051,2378,12673,06,057,2021
"Orange County, California",3167809,3151798,1560622,366826,134928,231898,971315,147901,823414,222481,35195,187286,1591176,352293,130916,221377,968193,184468,783725,270690,50859,219831,06,059,2021
"Placer County, California",412300,409508,201406,49797,12898,36899,114587,16183,98404,37022,3025,33997,208102,46300,11280,35020,116925,18727,98198,44877,5025,39852,06,061,2021
"Riverside County, California",2458395,2435212,1213975,327542,154125,173417,719153,155780,563373,167280,23834,143446,1221237,311023,139203,171820,715400,187897,527503,194814,36061,158753,06,065,2021
"Sacramento County, California",1588921,1570850,768460,199075,86486,112589,467621,97740,369881,101764,20509,81255,802390,189343,79292,110051,483977,121242,362735,129070,27664,101406,06,067,2021
"San Benito County, California",66677,66478,33319,8735,3676,5059,20630,2816,17814,3954,720,3234,33159,8960,4205,4755,19425,4782,14643,4774,881,3893,06,069,2021
"San Bernardino County, California",2194710,2154255,1064825,306576,154743,151833,639922,143957,495965,118327,22641,95686,1089430,291818,148807,143011,654019,190130,463889,143593,28984,114609,06,071,2021
"San Diego County, California",3286069,3170679,1568917,375063,129540,245523,975466,150066,825400,218388,32060,186328,1601762,361137,117830,243307,977226,185939,791287,263399,44725,218674,06,073,2021
"San Francisco County, California",815201,811674,414848,62068,19303,42765,288145,45718,242427,64635,15772,48863,396826,59827,16647,43180,260848,43965,216883,76151,21098,55053,06,075,2021
"San Joaquin County, California",789410,778891,387801,113522,55995,57527,228935,54598,174337,45344,8765,36579,391090,107986,57186,50800,226887,73717,153170,56217,12626,43591,06,077,2021
"San Luis Obispo County, California",283159,277856,137890,27352,10674,16678,82687,11487,71200,27851,3156,24695,139966,28374,8861,19513,79328,13502,65826,32264,3006,29258,06,079,2021
"San Mateo County, California",737888,734931,365310,79816,18609,61207,228773,27599,201174,56721,6911,49810,369621,75187,16116,59071,223627,28118,195509,70807,12492,58315,06,081,2021
"Santa Barbara County, California",446475,438044,218388,56465,29086,27379,129730,25163,104567,32193,3909,28284,219656,55191,28182,27009,126838,29871,96967,37627,5314,32313,06,083,2021
"Santa Clara County, California",1885508,1876273,956839,219584,52829,166755,614642,73766,540876,122613,20264,102349,919434,204445,51760,152685,568100,81599,486501,146889,33901,112988,06,085,2021
"Santa Cruz County, California",267792,266604,132419,28343,11021,17322,81258,12156,69102,22818,2297,20521,134185,28059,9871,18188,80269,13557,66712,25857,2921,22936,06,087,2021
"Shasta County, California",182139,180611,88432,21805,10157,11648,49425,13272,36153,17202,2127,15075,92179,20220,9383,10837,51636,15482,36154,20323,3330,16993,06,089,2021
"Solano County, California",451716,438545,214065,52595,17725,34870,129403,20214,109189,32067,3592,28475,224480,50495,18116,32379,132005,26867,105138,41980,7706,34274,06,095,2021
"Sonoma County, California",485887,482150,236215,51830,19187,32643,138591,21836,116755,45794,3919,41875,245935,49133,18791,30342,140955,24675,116280,55847,5773,50074,06,097,2021
"Stanislaus County, California",552999,550570,275737,80606,39916,40690,162043,36921,125122,33088,7937,25151,274833,77016,37287,39729,157331,45213,112118,40486,10141,30345,06,099,2021
"Sutter County, California",99063,97715,49792,14172,7691,6481,28331,7419,20912,7289,1829,5460,47923,11896,6992,4904,27609,7595,20014,8418,2331,6087,06,101,2021
"Tehama County, California",65498,64961,32740,9466,3826,5640,16855,5120,11735,6419,1158,5261,32221,7486,3843,3643,17456,4937,12519,7279,1857,5422,06,103,2021
"Tulare County, California",477054,471685,236607,78372,51560,26812,133385,42949,90436,24850,6312,18538,235078,73000,46968,26032,132787,56971,75816,29291,8139,21152,06,107,2021
"Ventura County, California",839784,832216,412562,99916,40489,59427,248829,37430,211399,63817,6551,57266,419654,95205,39192,56013,249499,46010,203489,74950,11418,63532,06,111,2021
"Yolo County, California",216986,215973,104805,24474,9722,14752,67889,11144,56745,12442,2364,10078,111168,26099,9330,16769,69121,14244,54877,15948,2764,13184,06,113,2021
"Yuba County, California",83421,80932,39674,11917,7320,4597,22832,7869,14963,4925,811,4114,41258,12106,5618,6488,23078,9113,13965,6074,1660,4414,06,115,2021
"Adams County, Colorado",522140,519585,263764,71161,33301,37860,166856,24601,142255,25747,2852,22895,255821,68073,32527,35546,157027,27549,129478,30721,4772,25949,08,001,2021
"Arapahoe County, Colorado",654900,648188,322160,79775,27500,52275,201322,26354,174968,41063,4273,36790,326028,75990,25401,50589,200484,29666,170818,49554,7789,41765,08,005,2021
"Boulder County, Colorado",329543,327604,165050,33221,7369,25852,108068,9753,98315,23761,2483,21278,162554,33738,9135,24603,100981,10910,90071,27835,3800,24035,08,013,2021
"Broomfield County, Colorado",75325,74864,36992,7937,710,7227,24142,1800,22342,4913,628,4285,37872,8719,1138,7581,22972,1485,21487,6181,574,5607,08,014,2021
"Denver County, Colorado",711463,704748,354548,70438,31148,39290,246350,32708,213642,37760,5931,31829,350200,69745,28961,40784,233642,37168,196474,46813,7787,39026,08,031,2021
"Douglas County, Colorado",368990,367641,184972,48953,5006,43947,112914,4311,108603,23105,1226,21879,182669,45586,4270,41316,111860,7295,104565,25223,1578,23645,08,035,2021
"El Paso County, Colorado",737867,699782,342529,93068,29454,63614,204887,28602,176285,44574,3924,40650,357253,88765,29897,58868,215393,36799,178594,53095,4898,48197,08,041,2021
"Jefferson County, Colorado",579581,573891,287458,59217,17102,42115,182737,18084,164653,45504,2923,42581,286433,56030,15363,40667,176451,23710,152741,53952,4464,49488,08,059,2021
"Larimer County, Colorado",362533,359113,178920,37388,11242,26146,113504,12991,100513,28028,2160,25868,180193,36661,9279,27382,111631,14053,97578,31901,1917,29984,08,069,2021
"Mesa County, Colorado",157335,155789,78395,18595,7117,11478,44936,9088,35848,14864,2796,12068,77394,15992,6734,9258,44263,11596,32667,17139,1991,15148,08,077,2021
"Pueblo County, Colorado",169622,165578,80885,19472,11561,7911,47081,12458,34623,14332,2274,12058,84693,19655,9682,9973,47573,16315,31258,17465,3297,14168,08,101,2021
"Weld County, Colorado",340036,337739,171537,47334,19133,28201,104567,13267,91300,19636,1940,17696,166202,45647,18519,27128,98240,19788,78452,22315,2679,19636,08,123,2021
"Fairfield County, Connecticut",959768,952743,466194,113820,40243,73577,282712,44524,238188,69662,9808,59854,486549,110128,33520,76608,290974,47922,243052,85447,14670,70777,09,001,2021
"Hartford County, Connecticut",896854,883382,429461,99899,39951,59948,262652,48688,213964,66910,10691,56219,453921,96963,38429,58534,270374,61499,208875,86584,18137,68447,09,003,2021
"Litchfield County, Connecticut",185000,183144,91677,19054,6789,12265,53502,8851,44651,19121,2600,16521,91467,15973,5122,10851,53594,9007,44587,21900,3417,18483,09,005,2021
"Middlesex County, Connecticut",164759,163099,80245,15165,3058,12107,48821,7616,41205,16259,1654,14605,82854,14452,2372,12080,49998,6880,43118,18404,1649,16755,09,007,2021
"New Haven County, Connecticut",863700,854541,413250,93126,40368,52758,253472,51274,202198,66652,10171,56481,441291,88157,38876,49281,268118,60092,208026,85016,19083,65933,09,009,2021
"New London County, Connecticut",268805,257626,124867,26322,9694,16628,75869,12351,63518,22676,3186,19490,132759,28472,10517,17955,77107,17250,59857,27180,5847,21333,09,011,2021
"Tolland County, Connecticut",150293,148094,73107,14656,4336,10320,46507,4887,41620,11944,1018,10926,74987,15218,4765,10453,46690,6234,40456,13079,1882,11197,09,013,2021
"Windham County, Connecticut",116418,114897,57156,12509,6535,5974,35458,6583,28875,9189,1579,7610,57741,11482,5666,5816,35713,10906,24807,10546,1762,8784,09,015,2021
"Kent County, Delaware",184149,180572,86010,22905,8199,14706,48835,9000,39835,14270,1513,12757,94562,22838,6627,16211,53906,10954,42952,17818,2045,15773,10,001,2021
"New Castle County, Delaware",571708,562859,271440,64535,22299,42236,165551,25661,139890,41354,3488,37866,291419,65558,24360,41198,174287,28464,145823,51574,6191,45383,10,003,2021
"Sussex County, Delaware",247527,244533,117285,22923,12368,10555,60279,10658,49621,34083,3140,30943,127248,23051,11448,11603,65383,16173,49210,38814,3589,35225,10,005,2021
"District of Columbia, District of Columbia",670050,659979,310917,67173,26521,40652,209118,38457,170661,34626,8003,26623,349062,66614,26609,40005,233330,51532,181798,49118,13293,35825,11,001,2021
"Alachua County, Florida",279238,276719,133417,29931,9937,19994,84880,7877,77003,18606,2390,16216,143302,29150,9465,19685,91777,10871,80906,22375,2263,20112,12,001,2021
"Bay County, Florida",179168,175263,86934,20007,10571,9436,52336,4495,47841,14591,1457,13134,88329,17713,9252,8461,53666,6889,46777,16950,1357,15593,12,005,2021
"Brevard County, Florida",616628,611482,300131,60448,21047,39401,171151,13161,157990,68532,8002,60530,311351,58117,21065,37052,174220,19285,154935,79014,10183,68831,12,009,2021
"Broward County, Florida",1930983,1919674,938504,217592,88719,128873,570872,44079,526793,150040,23449,126591,981170,209617,89954,119663,586678,60690,525988,184875,30944,153931,12,011,2021
"Charlotte County, Florida",194843,190368,91697,12337,5067,7270,40978,4445,36533,38382,2312,36070,98671,12567,6128,6439,45992,7116,38876,40112,4330,35782,12,015,2021
"Citrus County, Florida",158083,155759,76277,12489,7448,5041,36682,5054,31628,27106,3237,23869,79482,11926,5136,6790,37490,6073,31417,30066,3241,26825,12,017,2021
"Clay County, Florida",222361,219298,107069,26973,7461,19512,62660,4817,57843,17436,1481,15955,112229,27767,9318,18449,64222,7753,56469,20240,1445,18795,12,019,2021
"Collier County, Florida",385980,384298,189847,34015,12797,21218,95306,6905,88401,60526,4219,56307,194451,32697,12004,20693,95320,9063,86257,66434,4999,61435,12,021,2021
"Columbia County, Florida",70385,64780,31978,8422,3720,4702,17627,2160,15467,5929,330,5599,32802,7343,3440,3903,18840,3807,15033,6619,1368,5251,12,023,2021
"Duval County, Florida",999935,975954,469111,119518,47917,71601,285369,31337,254032,64224,8391,55833,506843,116408,49786,66622,308524,42480,266044,81911,15153,66758,12,031,2021
"Escambia County, Florida",322390,306215,149535,37670,19619,18051,87951,10109,77842,23914,3059,20855,156680,33569,15117,18452,92084,15781,76303,31027,4155,26872,12,033,2021
"Flagler County, Florida",120932,120280,58379,11793,5270,6523,28975,2819,26156,17611,2899,14712,61901,9462,2142,7320,32574,3419,29155,19865,3221,16644,12,035,2021
"Hernando County, Florida",200638,198843,97331,20440,8421,12019,52253,5891,46362,24638,2032,22606,101512,18962,9416,9546,53921,8338,45583,28629,2708,25921,12,053,2021
"Highlands County, Florida",103296,102146,49522,8529,4017,4512,23317,3863,19454,17676,2318,15358,52624,9335,4280,5055,24245,4105,20140,19044,3670,15374,12,055,2021
"Hillsborough County, Florida",1478194,1463199,717293,176872,71412,105460,443747,36772,406975,96674,14070,82604,745906,167746,68431,99315,458620,54539,404081,119540,21435,98105,12,057,2021
"Indian River County, Florida",163662,162524,77505,15100,7023,8077,35890,3377,32513,26515,2375,24140,85019,11948,4311,7637,43437,6088,37349,29634,2205,27429,12,061,2021
"Lake County, Florida",395804,391718,189669,42152,14353,27799,99367,9706,89661,48150,4121,44029,202049,38015,18242,19773,107950,14228,93722,56084,5165,50919,12,069,2021
"Lee County, Florida",787976,783164,384723,74872,35354,39518,201193,21312,179881,108658,10305,98353,398441,69649,30708,38941,210264,28853,181411,118528,15315,103213,12,071,2021
"Leon County, Florida",292817,289536,137917,32674,9127,23547,86681,4556,82125,18562,2111,16451,151619,31717,8048,23669,96302,8884,87418,23600,4028,19572,12,073,2021
"Manatee County, Florida",412703,409420,197864,37819,11491,26328,106088,7159,98929,53957,3319,50638,211556,37929,12973,24956,112661,10864,101797,60966,4053,56913,12,081,2021
"Marion County, Florida",385915,379200,182952,38165,18453,19712,94100,14054,80046,50687,4651,46036,196248,37170,14929,22241,100187,16511,83676,58891,6487,52404,12,083,2021
"Martin County, Florida",159942,156879,75392,12763,2933,9830,39464,2063,37401,23165,1143,22022,81487,15463,4468,10995,39029,3488,35541,26995,2821,24174,12,085,2021
"Miami-Dade County, Florida",2662777,2640092,1286860,288007,135297,152710,811966,79104,732862,186887,59678,127209,1353232,277879,132625,145254,818101,105083,713018,257252,103409,153843,12,086,2021
"Monroe County, Florida",82170,80081,42588,7884,2812,5072,24811,1531,23280,9893,1325,8568,37493,5548,2558,2990,22834,2170,20664,9111,1553,7558,12,087,2021
"Nassau County, Florida",94189,93399,46423,9854,3051,6803,25496,1111,24385,11073,1112,9961,46976,9185,2580,6605,25935,3241,22694,11856,1238,10618,12,089,2021
"Okaloosa County, Florida",213255,198282,95577,24648,7517,17131,55224,3344,51880,15705,2737,12968,102705,24889,8705,16184,59421,5975,53446,18395,3272,15123,12,091,2021
"Orange County, Florida",1422746,1413231,693760,166306,65967,100339,448047,38706,409341,79407,10058,69349,719471,163193,61378,101815,456173,57620,398553,100105,18791,81314,12,095,2021
"Osceola County, Florida",403282,401495,200374,54125,25842,28283,122344,12345,109999,23905,2628,21277,201121,47444,24502,22942,124042,20986,103056,29635,5769,23866,12,097,2021
"Palm Beach County, Florida",1497987,1487107,723431,153187,58182,95005,407509,30862,376647,162735,13347,149388,763676,147201,54148,93053,416846,41977,374869,199629,23006,176623,12,099,2021
"Pasco County, Florida",584067,579042,283503,64997,25926,39071,160507,15954,144553,57999,7080,50919,295539,60808,26301,34507,165797,24121,141676,68934,8931,60003,12,101,2021
"Pinellas County, Florida",956615,944794,456162,81498,29811,51687,265840,18702,247138,108824,11520,97304,488632,76808,26924,49884,278599,28513,250086,133225,18615,114610,12,103,2021
"Polk County, Florida",753520,745267,365213,90516,43198,47318,206595,23017,183578,68102,8987,59115,380054,85959,37858,48101,214213,31822,182391,79882,11736,68146,12,105,2021
"Putnam County, Florida",74167,73357,35764,8558,5692,2866,18903,3730,15173,8303,1089,7214,37593,7885,5942,1943,20665,5880,14785,9043,1876,7167,12,107,2021
"St. Johns County, Florida",292466,290175,140975,35184,3640,31544,78166,3831,74335,27625,1747,25878,149200,32855,4207,28648,84656,5512,79144,31689,2835,28854,12,109,2021
"St. Lucie County, Florida",343579,340772,167228,37836,17887,19949,90013,10417,79596,39379,4446,34933,173544,33719,16546,17173,95738,14213,81525,44087,4870,39217,12,111,2021
"Santa Rosa County, Florida",193998,182503,90189,23567,6821,16746,51260,2927,48333,15362,738,14624,92314,21009,5799,15210,55208,5209,49999,16097,1474,14623,12,113,2021
"Sarasota County, Florida",447057,442850,213315,34448,9312,25136,103041,6748,96293,75826,6078,69748,229535,30832,9581,21251,110777,11111,99666,87926,6134,81792,12,115,2021
"Seminole County, Florida",470093,467310,227898,52250,13360,38890,142358,8927,133431,33290,2822,30468,239412,49677,11370,38307,147340,11390,135950,42395,3149,39246,12,117,2021
"Sumter County, Florida",135638,127373,59429,4868,2481,2387,17643,1276,16367,36918,2086,34832,67944,4917,2104,2813,21407,1808,19599,41620,2199,39421,12,119,2021
"Volusia County, Florida",564412,558176,271175,53283,24285,28998,153284,15713,137571,64608,7160,57448,287001,52896,23829,29067,159170,26114,133056,74935,9985,64950,12,127,2021
"Walton County, Florida",80069,78758,37152,7395,1411,5984,22361,1290,21071,7396,751,6645,41606,9064,2355,6709,24191,3106,21085,8351,750,7601,12,131,2021
"Barrow County, Georgia",86658,86532,44167,13178,5330,7848,25729,2316,23413,5260,254,5006,42365,9880,4275,5605,26596,1971,24625,5889,884,5005,13,013,2021
"Bartow County, Georgia",110843,109521,51898,12779,4921,7858,32271,3413,28858,6848,912,5936,57623,15219,6183,9036,33536,3727,29809,8868,1603,7265,13,015,2021
"Bibb County, Georgia",156762,153355,71506,21075,11793,9282,40155,3995,36160,10276,3046,7230,81849,19486,11304,8182,48238,9448,38790,14125,2570,11555,13,021,2021
"Bulloch County, Georgia",82442,79053,36900,8618,3375,5243,24437,962,23475,3845,819,3026,42153,9639,4663,4976,27258,4500,22758,5256,570,4686,13,031,2021
"Carroll County, Georgia",121968,120974,57850,15092,5337,9755,35166,2497,32669,7592,826,6766,63124,15853,6427,9426,38117,5860,32257,9154,1713,7441,13,045,2021
"Catoosa County, Georgia",68397,68010,32448,7820,3125,4695,19162,799,18363,5466,508,4958,35562,8613,3888,4725,19928,1955,17973,7021,1043,5978,13,047,2021
"Chatham County, Georgia",296329,289281,136440,33076,14504,18572,82113,6612,75501,21251,2613,18638,152841,32389,14431,17958,92624,11505,81119,27828,4655,23173,13,051,2021
"Cherokee County, Georgia",274615,272767,132415,33022,6235,26787,81378,2236,79142,18015,1455,16560,140352,33658,6265,27393,82581,3867,78714,24113,1586,22527,13,057,2021
"Clarke County, Georgia",128711,127249,60953,13755,4631,9124,41067,2314,38753,6131,424,5707,66296,14395,3269,11126,43026,3647,39379,8875,1572,7303,13,059,2021
"Clayton County, Georgia",297100,294419,138506,44381,25967,18414,81487,8221,73266,12638,2226,10412,155913,40508,24693,15815,98043,16079,81964,17362,3420,13942,13,063,2021
"Cobb County, Georgia",766802,760778,369712,92747,26284,66463,232246,9767,222479,44719,3516,41203,391066,89365,27190,62175,245436,15601,229835,56265,5362,50903,13,067,2021
"Columbia County, Georgia",159639,155853,75134,22255,3906,18349,42462,3318,39144,10417,972,9445,80719,21381,3623,17758,46599,3753,42846,12739,941,11798,13,073,2021
"Coweta County, Georgia",149956,149355,72076,17940,3545,14395,44356,1607,42749,9780,964,8816,77279,18298,3977,14321,47143,3128,44015,11838,1382,10456,13,077,2021
"DeKalb County, Georgia",757718,752976,356142,90082,38508,51574,224183,12300,211883,41877,7249,34628,396834,88571,37705,50866,248654,25869,222785,59609,8298,51311,13,089,2021
"Dougherty County, Georgia",84844,83164,37751,10496,7325,3171,21264,3747,17517,5991,1300,4691,45413,10502,7523,2979,26808,5938,20870,8103,1832,6271,13,095,2021
"Douglas County, Georgia",145814,143731,67176,19447,7061,12386,40222,2402,37820,7507,503,7004,76555,18479,9497,8982,47853,6313,41540,10223,1002,9221,13,097,2021
"Effingham County, Georgia",66741,65489,32567,10211,2554,7657,19060,1128,17932,3296,597,2699,32922,8004,1257,6747,20640,2951,17689,4278,361,3917,13,103,2021
"Fayette County, Georgia",120574,119745,58560,15477,3018,12459,32864,3063,29801,10219,1036,9183,61185,13293,1747,11546,35611,3182,32429,12281,1129,11152,13,113,2021
"Floyd County, Georgia",98771,96431,47037,12604,4604,8000,27418,2642,24776,7015,654,6361,49394,11645,6048,5597,28765,3909,24856,8984,1210,7774,13,115,2021
"Forsyth County, Georgia",260206,259450,128903,36327,4370,31957,78104,2296,75808,14472,1192,13280,130547,34840,3716,31124,78343,3623,74720,17364,1363,16001,13,117,2021
"Fulton County, Georgia",1065334,1052507,505575,123706,40094,83612,327650,18770,308880,54219,9304,44915,546932,119620,35674,83946,352873,36060,316813,74439,15581,58858,13,121,2021
"Glynn County, Georgia",84739,83578,39253,10627,4353,6274,20387,943,19444,8239,252,7987,44325,9009,4287,4722,25059,2695,22364,10257,848,9409,13,127,2021
"Gwinnett County, Georgia",964546,959683,468399,134152,56931,77221,286916,20562,266354,47331,5293,42038,491284,131023,52385,78638,302251,27440,274811,58010,7214,50796,13,135,2021
"Hall County, Georgia",207369,206044,101654,26779,10506,16273,60412,4104,56308,14463,2053,12410,104390,26066,11729,14337,61141,5621,55520,17183,1979,15204,13,139,2021
"Henry County, Georgia",245235,243311,114598,30804,8709,22095,70627,7047,63580,13167,1193,11974,128713,33634,10389,23245,77874,10422,67452,17205,2207,14998,13,151,2021
"Houston County, Georgia",166829,161330,75485,23163,8594,14569,43050,2507,40543,9272,1064,8208,85845,21250,8091,13159,52466,5912,46554,12129,2323,9806,13,153,2021
"Jackson County, Georgia",80286,79723,40107,11858,4042,7816,23023,2039,20984,5226,810,4416,39616,9908,3139,6769,23609,3856,19753,6099,1483,4616,13,157,2021
"Liberty County, Georgia",65711,56565,24764,8626,3142,5484,13167,2127,11040,2971,839,2132,31801,10868,3161,7707,17040,2233,14807,3893,1062,2831,13,179,2021
"Lowndes County, Georgia",119276,112426,52627,16655,8440,8215,29592,3457,26135,6380,493,5887,59799,15006,6672,8334,36034,4921,31113,8759,1766,6993,13,185,2021
"Muscogee County, Georgia",205617,197054,92047,27091,12820,14271,53283,5916,47367,11673,2233,9440,105007,25805,12789,13016,62596,9874,52722,16606,2804,13802,13,215,2021
"Newton County, Georgia",115355,114677,53153,15091,7385,7706,31621,1496,30125,6441,2157,4284,61524,16953,8480,8473,35970,3782,32188,8601,2271,6330,13,217,2021
"Paulding County, Georgia",173780,171517,83343,24355,6425,17930,48987,3442,45545,10001,1582,8419,88174,24716,6341,18375,52444,5162,47282,11014,1416,9598,13,223,2021
"Richmond County, Georgia",205673,191607,90179,26195,15191,11004,50697,4303,46394,13287,2349,10938,101428,23277,14294,8983,61157,10300,50857,16994,2005,14989,13,245,2021
"Rockdale County, Georgia",94082,93265,43773,12219,4618,7601,25305,2599,22706,6249,623,5626,49492,11412,4119,7293,30038,3752,26286,8042,525,7517,13,247,2021
"Spalding County, Georgia",67909,67190,32273,8631,4889,3742,17888,1489,16399,5754,810,4944,34917,7405,4280,3125,20572,4010,16562,6940,1002,5938,13,255,2021
"Troup County, Georgia",69720,68366,33781,9882,3046,6836,18717,662,18055,5182,1354,3828,34585,7105,2372,4733,21553,2164,19389,5927,1357,4570,13,285,2021
"Walker County, Georgia",68510,67375,32865,8256,3272,4984,18967,2637,16330,5642,894,4748,34510,7457,2132,5325,19348,1773,17575,7705,935,6770,13,295,2021
"Walton County, Georgia",99853,98591,49004,14174,4563,9611,27127,2143,24984,7703,899,6804,49587,10944,3124,7820,29507,3002,26505,9136,1471,7665,13,297,2021
"Whitfield County, Georgia",102848,102066,52043,14224,5589,8635,31112,3526,27586,6707,961,5746,50023,13118,7013,6105,28720,3073,25647,8185,1212,6973,13,313,2021
"Hawaii County, Hawaii",202906,201263,99942,23341,10248,13093,54274,12046,42228,22327,2350,19977,101321,20632,10058,10574,56973,14440,42533,23716,3088,20628,15,001,2021
"Honolulu County, Hawaii",1000890,944988,460822,112702,37704,74998,264888,40067,224821,83232,8948,74284,484166,107287,36805,70482,275063,44011,231052,101816,12376,89440,15,003,2021
"Kauai County, Hawaii",73454,72638,36625,9446,4193,5253,19831,4284,15547,7348,363,6985,36013,7856,4724,3132,20092,5294,14798,8065,619,7446,15,007,2021
"Maui County, Hawaii",164268,162789,80410,19230,8716,10514,46007,8248,37759,15173,1482,13691,82379,17640,7005,10635,47709,8354,39355,17030,1754,15276,15,009,2021
"Ada County, Idaho",511931,503358,250071,62192,15983,46209,151698,17236,134462,36181,2315,33866,253287,60111,16796,43315,151098,19591,131507,42078,4268,37810,16,001,2021
"Bannock County, Idaho",88263,87368,44181,12359,4749,7610,25634,3970,21664,6188,725,5463,43187,11207,4537,6670,25196,6923,18273,6784,1183,5601,16,005,2021
"Bonneville County, Idaho",127930,127089,61509,19225,7352,11873,34790,5914,28876,7494,706,6788,65580,20788,7634,13154,35371,7137,28234,9421,798,8623,16,019,2021
"Canyon County, Idaho",243115,241827,120274,35731,14743,20988,68148,9576,58572,16395,1800,14595,121553,33302,12179,21123,69733,15477,54256,18518,2868,15650,16,027,2021
"Kootenai County, Idaho",179789,178732,89382,22440,6306,16134,50885,5180,45705,16057,823,15234,89350,19630,5400,14230,51257,7739,43518,18463,1611,16852,16,055,2021
"Twin Falls County, Idaho",92243,91111,45682,14063,6435,7628,24660,3167,21493,6959,1158,5801,45429,12370,6229,6141,25010,4002,21008,8049,1442,6607,16,083,2021
"Champaign County, Illinois",205943,204475,101332,23947,8298,15649,65311,5905,59406,12074,713,11361,103143,23163,6246,16917,65347,10207,55140,14633,916,13717,17,019,2021
"Cook County, Illinois",5173146,5127986,2497813,597605,263533,334072,1559383,211316,1348067,340825,47211,293614,2630173,576211,244186,332025,1608157,292111,1316046,445805,72243,373562,17,031,2021
"DeKalb County, Illinois",100414,99875,49806,11712,4140,7572,31717,4311,27406,6377,395,5982,50069,12280,4496,7784,31154,6817,24337,6635,548,6087,17,037,2021
"DuPage County, Illinois",924885,917694,455519,113032,22737,90295,273431,21937,251494,69056,4352,64704,462175,105602,22255,83347,274977,27847,247130,81596,7376,74220,17,043,2021
"Kane County, Illinois",515588,510927,254740,67091,21096,45995,153766,14102,139664,33883,2829,31054,256187,64986,21557,43429,150146,20192,129954,41055,3091,37964,17,089,2021
"Kankakee County, Illinois",106601,105367,51784,12887,5659,7228,30959,5111,25848,7938,817,7121,53583,12850,5076,7774,29930,5753,24177,10803,1469,9334,17,091,2021
"Kendall County, Illinois",134867,133727,67293,20490,5503,14987,40491,4579,35912,6312,865,5447,66434,19260,5437,13823,39138,6311,32827,8036,703,7333,17,093,2021
"Lake County, Illinois",711239,693821,343489,90017,23095,66922,205006,17226,187780,48466,3484,44982,350332,87939,25251,62688,204427,20176,184251,57966,5827,52139,17,097,2021
"LaSalle County, Illinois",108965,106061,53591,12692,5147,7545,31606,3539,28067,9293,838,8455,52470,11057,4516,6541,29995,7046,22949,11418,970,10448,17,099,2021
"McHenry County, Illinois",311122,309809,155441,38735,8189,30546,94275,8160,86115,22431,1219,21212,154368,36196,8399,27797,92763,9780,82983,25409,2487,22922,17,111,2021
"McLean County, Illinois",170889,170056,84201,20964,6118,14846,52094,3728,48366,11143,322,10821,85855,19321,4669,14652,53373,7305,46068,13161,625,12536,17,113,2021
"Macon County, Illinois",102432,100449,47847,12255,4931,7324,26254,5138,21116,9338,379,8959,52602,12310,5835,6475,28515,7801,20714,11777,1017,10760,17,115,2021
"Madison County, Illinois",264490,262106,128186,31049,11805,19244,76354,11194,65160,20783,1448,19335,133920,29960,10149,19811,77906,12684,65222,26054,2708,23346,17,119,2021
"Peoria County, Illinois",179432,176805,86115,23749,10577,13172,48532,7967,40565,13834,1062,12772,90690,21630,11041,10589,52141,11674,40467,16919,2226,14693,17,143,2021
"Rock Island County, Illinois",142909,140552,68248,17042,6651,10391,38688,6642,32046,12518,516,12002,72304,17034,9443,7591,39086,8901,30185,16184,1235,14949,17,161,2021
"St. Clair County, Illinois",254796,247756,117295,31396,11562,19834,67333,7157,60176,18566,1890,16676,130461,31558,11872,19686,75143,15712,59431,23760,2586,21174,17,163,2021
"Sangamon County, Illinois",194734,192285,92564,23369,8692,14677,53866,8526,45340,15329,1622,13707,99721,20658,6489,14169,58601,12076,46525,20462,1907,18555,17,167,2021
"Tazewell County, Illinois",130413,127762,62745,15582,4819,10763,36248,4638,31610,10915,1320,9595,65017,15074,5148,9926,36322,7047,29275,13621,1574,12047,17,179,2021
"Vermilion County, Illinois",73095,70394,33504,8429,4599,3830,18714,4618,14096,6361,834,5527,36890,9389,4219,5170,19647,6663,12984,7854,1161,6693,17,183,2021
"Will County, Illinois",697252,690861,344208,89873,26633,63240,210421,20535,189886,43914,3172,40742,346653,86436,24961,61475,208279,25209,183070,51938,5060,46878,17,197,2021
"Williamson County, Illinois",66879,64570,31611,7736,3177,4559,18190,3762,14428,5685,364,5321,32959,6794,2611,4183,19095,4696,14399,7070,1456,5614,17,199,2021
"Winnebago County, Illinois",283119,279675,136508,35113,14855,20258,78609,15419,63190,22786,2421,20365,143167,34510,14769,19741,80440,16924,63516,28217,3642,24575,17,201,2021
"Allen County, Indiana",388608,385201,189933,53085,22002,31083,111414,13782,97632,25434,2017,23417,195268,50040,20714,29326,114044,23547,90497,31184,3180,28004,18,003,2021
"Bartholomew County, Indiana",82475,81650,42330,11492,4131,7361,24755,3071,21684,6083,657,5426,39320,8869,3219,5650,23469,3109,20360,6982,950,6032,18,005,2021
"Boone County, Indiana",73052,72483,36139,10115,1562,8553,21314,1048,20266,4710,425,4285,36344,9506,1322,8184,21456,1521,19935,5382,356,5026,18,011,2021
"Clark County, Indiana",122738,121253,58919,14700,4963,9737,35522,4468,31054,8697,1373,7324,62334,13783,4690,9093,36788,6444,30344,11763,1189,10574,18,019,2021
"Delaware County, Indiana",111871,110047,52986,11953,5865,6088,32739,6673,26066,8294,613,7681,57061,11657,5696,5961,35129,9569,25560,10275,1343,8932,18,035,2021
"Elkhart County, Indiana",206921,204819,100760,29025,10206,18819,58017,7284,50733,13718,1338,12380,104059,30197,13297,16900,56705,9907,46798,17157,1891,15266,18,039,2021
"Floyd County, Indiana",80454,79379,39064,9854,2689,7165,23425,1577,21848,5785,369,5416,40315,9039,3512,5527,24463,4128,20335,6813,808,6005,18,043,2021
"Grant County, Indiana",66263,65574,31437,8111,4123,3988,17709,3553,14156,5617,742,4875,34137,6638,3637,3001,20398,4718,15680,7101,640,6461,18,053,2021
"Hamilton County, Indiana",356650,353062,172655,50154,5768,44386,101446,5120,96326,21055,2046,19009,180407,48338,4996,43342,106123,7257,98866,25946,2543,23403,18,057,2021
"Hancock County, Indiana",81789,81318,40936,10802,2238,8564,23679,857,22822,6455,206,6249,40382,9528,2166,7362,23559,1669,21890,7295,1213,6082,18,059,2021
"Hendricks County, Indiana",179355,176461,87902,23004,3355,19649,53556,3064,50492,11342,751,10591,88559,23495,2430,21065,51287,4726,46561,13777,515,13262,18,063,2021
"Howard County, Indiana",83687,81801,39768,10537,4496,6041,22133,3596,18537,7098,817,6281,42033,8984,4007,4977,24337,5423,18914,8712,1475,7237,18,067,2021
"Johnson County, Indiana",164298,162068,80765,21898,6580,15318,48074,3452,44622,10793,655,10138,81303,20017,5713,14304,48136,5259,42877,13150,796,12354,18,081,2021
"Kosciusko County, Indiana",80106,79483,40124,10655,4512,6143,22777,2305,20472,6692,689,6003,39359,9015,3059,5956,23136,3396,19740,7208,870,6338,18,085,2021
"Lake County, Indiana",498558,494397,240166,61649,28258,33391,141304,21140,120164,37213,3006,34207,254231,59496,25629,33867,147287,29413,117874,47448,4822,42626,18,089,2021
"LaPorte County, Indiana",112390,104509,51039,13659,6187,7472,28204,3592,24612,9176,510,8666,53470,12205,5752,6453,30186,5783,24403,11079,1233,9846,18,091,2021
"Madison County, Indiana",130782,125835,61458,15180,8623,6557,35712,7147,28565,10566,1637,8929,64377,13918,7132,6786,37290,9467,27823,13169,2295,10874,18,095,2021
"Marion County, Indiana",971102,961925,464104,127986,65848,62138,283266,47212,236054,52852,5762,47090,497821,123459,63407,60052,303502,70972,232530,70860,9854,61006,18,097,2021
"Monroe County, Indiana",139875,139009,69975,16085,2962,13123,45193,5305,39888,8697,790,7907,69034,13858,3075,10783,44571,6547,38024,10605,1139,9466,18,105,2021
"Morgan County, Indiana",72206,71131,35015,8669,3119,5550,20418,2552,17866,5928,117,5811,36116,8104,3768,4336,21562,4617,16945,6450,728,5722,18,109,2021
"Porter County, Indiana",174243,172981,85679,20551,5783,14768,51151,7190,43961,13977,447,13530,87302,19045,5641,13404,51760,7719,44041,16497,829,15668,18,127,2021
"St. Joseph County, Indiana",272212,269874,132563,35216,13335,21881,77704,11338,66366,19643,999,18644,137311,32457,11429,21028,80359,12573,67786,24495,2094,22401,18,141,2021
"Tippecanoe County, Indiana",187076,185639,94494,22434,6022,16412,62309,5057,57252,9751,712,9039,91145,21489,5341,16148,57426,7309,50117,12230,1303,10927,18,157,2021
"Vanderburgh County, Indiana",179987,177298,85919,20886,8311,12575,51710,7198,44512,13323,1648,11675,91379,20352,9640,10712,53952,11010,42942,17075,2658,14417,18,163,2021
"Vigo County, Indiana",105994,102610,50730,12923,7266,5657,30674,6675,23999,7133,524,6609,51880,11190,5521,5669,30805,8276,22529,9885,1443,8442,18,167,2021
"Wayne County, Indiana",66456,64897,30739,7566,3635,3931,18295,4959,13336,4878,615,4263,34158,7933,3711,4222,19261,4504,14757,6964,1459,5505,18,177,2021
"Black Hawk County, Iowa",130368,129351,63400,15626,5426,10200,37699,5625,32074,10075,1669,8406,65951,15755,7038,8717,37918,6950,30968,12278,1395,10883,19,013,2021
"Dallas County, Iowa",103796,103344,51135,13903,2524,11379,31863,3615,28248,5369,490,4879,52209,14376,2787,11589,30919,3536,27383,6914,1096,5818,19,049,2021
"Dubuque County, Iowa",98718,97573,48250,11395,1823,9572,28523,2905,25618,8332,950,7382,49323,12315,3720,8595,27074,4170,22904,9934,788,9146,19,061,2021
"Johnson County, Iowa",154748,153263,75952,17664,5634,12030,49629,4392,45237,8659,692,7967,77311,15899,5259,10640,50406,6604,43802,11006,796,10210,19,103,2021
"Linn County, Iowa",228939,227198,113664,29106,11393,17713,67215,8108,59107,17343,774,16569,113534,26033,7153,18880,67436,11586,55850,20065,1477,18588,19,113,2021
"Polk County, Iowa",496844,489966,243429,64364,22422,41942,149378,19609,129769,29687,3389,26298,246537,62762,22250,40512,147065,24203,122862,36710,3503,33207,19,153,2021
"Pottawattamie County, Iowa",93304,92569,45668,11723,4428,7295,26035,3924,22111,7910,587,7323,46901,10932,3839,7093,26715,5615,21100,9254,1358,7896,19,155,2021
"Scott County, Iowa",174170,172827,86361,23840,9304,14536,49404,7386,42018,13117,1226,11891,86466,19983,8073,11910,50940,11043,39897,15543,2180,13363,19,163,2021
"Story County, Iowa",99472,98943,50929,10619,2263,8356,34294,1930,32364,6016,383,5633,48014,10373,2890,7483,30678,3328,27350,6963,736,6227,19,169,2021
"Woodbury County, Iowa",105607,104468,53248,15703,8317,7386,30444,4510,25934,7101,844,6257,51220,13875,6967,6908,29188,7520,21668,8157,1076,7081,19,193,2021
"Butler County, Kansas",67889,64786,31800,9415,2833,6582,17713,1248,16465,4672,257,4415,32986,8406,2555,5851,18564,1781,16783,6016,191,5825,20,015,2021
"Douglas County, Kansas",119363,118673,59921,13284,2600,10684,39066,2666,36400,7571,491,7080,58752,12421,2803,9618,37794,4174,33620,8537,841,7696,20,045,2021
"Johnson County, Kansas",613219,609156,299711,77138,11526,65612,180681,6250,174431,41892,3363,38529,309445,75416,13779,61637,182869,9064,173805,51160,3276,47884,20,091,2021
"Leavenworth County, Kansas",82184,75828,39572,11984,3027,8957,21809,1619,20190,5779,235,5544,36256,8078,1489,6589,21300,1287,20013,6878,357,6521,20,103,2021
"Riley County, Kansas",72208,66709,33995,7165,1397,5768,23544,611,22933,3286,425,2861,32714,7535,1218,6317,21009,1411,19598,4170,488,3682,20,161,2021
"Sedgwick County, Kansas",523828,517015,254783,70597,28237,42360,147844,11481,136363,36342,3307,33035,262232,68064,28274,39790,151285,16962,134323,42883,4378,38505,20,173,2021
"Shawnee County, Kansas",178264,174354,84557,21416,5696,15720,48252,5088,43164,14889,1780,13109,89797,21625,7471,14154,49476,4112,45364,18696,2259,16437,20,177,2021
"Wyandotte County, Kansas",167046,165977,84265,26141,14995,11146,48511,4570,43941,9613,1722,7891,81712,21636,12352,9284,48129,8987,39142,11947,2301,9646,20,209,2021
"Boone County, Kentucky",137412,136296,67578,18970,4325,14645,40100,3714,36386,8508,1075,7433,68718,17274,4822,12452,41028,5650,35378,10416,1303,9113,21,015,2021
"Bullitt County, Kentucky",82918,82559,40758,9060,3162,5898,25223,3692,21531,6475,731,5744,41801,9230,3860,5370,25239,5739,19500,7332,1089,6243,21,029,2021
"Campbell County, Kentucky",93050,91750,45044,10017,2661,7356,28079,3079,25000,6948,508,6440,46706,10019,3135,6884,28297,3761,24536,8390,1120,7270,21,037,2021
"Christian County, Kentucky",72357,61987,28819,10088,3822,6266,14906,3423,11483,3825,175,3650,33168,10183,3441,6742,18175,4343,13832,4810,909,3901,21,047,2021
"Daviess County, Kentucky",103063,100946,48765,12356,5449,6907,28570,4365,24205,7839,1058,6781,52181,13614,6331,7283,28661,6304,22357,9906,1376,8530,21,059,2021
"Fayette County, Kentucky",321793,317873,155716,37024,11195,25829,99310,12696,86614,19382,2072,17310,162157,36002,13850,22152,100993,19655,81338,25162,2502,22660,21,067,2021
"Hardin County, Kentucky",111607,105400,51032,14696,5066,9630,28842,4311,24531,7494,485,7009,54368,13827,4088,9739,31322,5500,25822,9219,1142,8077,21,093,2021
"Jefferson County, Kentucky",777874,769712,372920,90852,42808,48044,225662,43083,182579,56406,5265,51141,396792,88551,43914,44637,235393,55390,180003,72848,10191,62657,21,111,2021
"Kenton County, Kentucky",169495,168059,83991,20992,8562,12430,51373,6844,44529,11626,711,10915,84068,19710,8753,10957,50734,9576,41158,13624,1408,12216,21,117,2021
"McCracken County, Kentucky",67454,66468,32008,8315,4594,3721,18048,4850,13198,5645,771,4874,34460,7141,2373,4768,19346,5883,13463,7973,1258,6715,21,145,2021
"Madison County, Kentucky",94666,93783,46699,12237,6970,5267,28673,7025,21648,5789,500,5289,47084,9937,5248,4689,29867,8626,21241,7280,913,6367,21,151,2021
"Oldham County, Kentucky",68685,65118,33172,9505,680,8825,19393,943,18450,4274,120,4154,31946,8306,231,8075,18532,1627,16905,5108,296,4812,21,185,2021
"Pulaski County, Kentucky",65423,64520,31622,7765,3962,3803,18207,5465,12742,5650,846,4804,32898,7832,2589,5243,18525,7165,11360,6541,1783,4758,21,199,2021
"Warren County, Kentucky",137212,136001,66451,17228,10492,6736,41599,7970,33629,7624,698,6926,69550,17896,8709,9187,41959,11112,30847,9695,1171,8524,21,227,2021
"Ascension Parish, Louisiana",128369,127526,61710,17105,9332,7773,36397,6468,29929,8208,547,7661,65816,18045,8441,9604,38951,9423,29528,8820,1079,7741,22,005,2021
"Bossier Parish, Louisiana",129144,121855,57455,17334,7198,10136,31934,5683,26251,8187,1535,6652,64400,16516,5655,10861,37336,8728,28608,10548,1424,9124,22,015,2021
"Caddo Parish, Louisiana",233092,228813,107200,28258,18709,9549,61130,18516,42614,17812,3395,14417,121613,28673,16924,11749,68792,27014,41778,24148,4786,19362,22,017,2021
"Calcasieu Parish, Louisiana",205282,203019,97152,25740,11529,14211,57347,10665,46682,14065,3066,10999,105867,26338,15040,11298,61737,17530,44207,17792,4211,13581,22,019,2021
"East Baton Rouge Parish, Louisiana",453301,449397,213797,55577,32265,23312,128741,22292,106449,29479,3243,26236,235600,54544,30668,23876,142098,44456,97642,38958,7269,31689,22,033,2021
"Iberia Parish, Louisiana",68975,68165,32700,9208,6157,3051,18412,3818,14594,5080,784,4296,35465,9555,6125,3430,19666,7626,12040,6244,1241,5003,22,045,2021
"Jefferson Parish, Louisiana",433688,429936,207236,51064,27469,23595,121089,24619,96470,35083,6399,28684,222700,49851,28565,21286,128894,37199,91695,43955,7992,35963,22,051,2021
"Lafayette Parish, Louisiana",244205,242120,118589,31491,15457,16034,71912,11521,60391,15186,1624,13562,123531,28713,13173,15540,76181,18123,58058,18637,3612,15025,22,055,2021
"Lafourche Parish, Louisiana",97504,96731,47003,11917,5944,5973,27363,5302,22061,7723,1566,6157,49728,11309,5971,5338,28998,9355,19643,9421,2455,6966,22,057,2021
"Livingston Parish, Louisiana",145830,144606,70857,19745,8078,11667,42194,5511,36683,8918,773,8145,73749,19620,9013,10607,43652,7973,35679,10477,2392,8085,22,063,2021
"Orleans Parish, Louisiana",376971,371682,174242,39745,23838,15907,107987,27129,80858,26510,6365,20145,197440,38516,23061,15455,124398,38703,85695,34526,9518,25008,22,071,2021
"Ouachita Parish, Louisiana",158768,156871,75018,21388,12343,9045,43363,11638,31725,10267,2060,8207,81853,19450,10417,9033,48100,16735,31365,14303,3590,10713,22,073,2021
"Rapides Parish, Louisiana",128654,125657,59059,15576,9867,5709,34265,9345,24920,9218,1459,7759,66598,17312,10044,7268,37545,13944,23601,11741,3468,8273,22,079,2021
"St. Landry Parish, Louisiana",82071,81238,39849,12936,9015,3921,20829,7418,13411,6084,1243,4841,41389,10129,7709,2420,23644,10780,12864,7616,1896,5720,22,097,2021
"St. Tammany Parish, Louisiana",269388,265289,127772,35012,11059,23953,70970,10249,60721,21790,2299,19491,137517,33205,11292,21913,78090,15078,63012,26222,4015,22207,22,103,2021
"Tangipahoa Parish, Louisiana",135217,133588,64643,18557,10174,8383,36154,7763,28391,9932,1942,7990,68945,16247,9967,6280,41463,13479,27984,11235,3662,7573,22,105,2021
"Terrebonne Parish, Louisiana",108708,106880,50384,13837,5244,8593,29348,3976,25372,7199,841,6358,56496,14835,6638,8197,32051,7445,24606,9610,1688,7922,22,109,2021
"Androscoggin County, Maine",111034,109157,53940,12788,4783,8005,32187,5066,27121,8965,1405,7560,55217,11187,4815,6372,33138,6919,26219,10892,2146,8746,23,001,2021
"Aroostook County, Maine",66859,65941,32998,6674,3599,3075,18692,4178,14514,7632,1364,6268,32943,6353,3484,2869,18191,5060,13131,8399,1822,6577,23,003,2021
"Cumberland County, Maine",305231,301917,146123,29866,6173,23693,90213,8372,81841,26044,3084,22960,155794,28982,5653,23329,94773,10165,84608,32039,3810,28229,23,005,2021
"Kennebec County, Maine",124486,122589,58813,12569,3845,8724,35170,6770,28400,11074,1674,9400,63776,11945,4596,7349,38415,8579,29836,13416,2359,11057,23,011,2021
"Penobscot County, Maine",152765,151125,74808,15234,4342,10892,46225,9076,37149,13349,2043,11306,76317,14411,6485,7926,46667,9074,37593,15239,2810,12429,23,019,2021
"York County, Maine",214591,213523,105082,21477,5651,15826,62836,9366,53470,20769,2729,18040,108441,19321,4333,14988,64216,9104,55112,24904,3379,21525,23,031,2021
"Allegany County, Maryland",67729,61818,30895,6137,3888,2249,18735,3277,15458,6023,916,5107,30923,6335,2890,3445,17633,5700,11933,6955,1010,5945,24,001,2021
"Anne Arundel County, Maryland",590336,566629,275014,70213,18719,51494,164353,14179,150174,40448,3553,36895,291615,67522,15303,52219,174389,21285,153104,49704,4533,45171,24,003,2021
"Baltimore County, Maryland",849316,842167,400454,99401,40493,58908,237239,36223,201016,63814,5633,58181,441713,98816,34166,64650,258753,51155,207598,84144,8587,75557,24,005,2021
"Calvert County, Maryland",93928,92071,45709,11817,2523,9294,26387,1682,24705,7505,947,6558,46362,10880,2515,8365,27145,3123,24022,8337,904,7433,24,009,2021
"Carroll County, Maryland",173873,171567,85321,20952,3965,16987,50673,4006,46667,13696,1115,12581,86246,18925,3117,15808,51192,5669,45523,16129,1434,14695,24,013,2021
"Cecil County, Maryland",103905,102773,51230,12820,5591,7229,30321,5718,24603,8089,1137,6952,51543,11037,5556,5481,31501,6954,24547,9005,1063,7942,24,015,2021
"Charles County, Maryland",168698,165172,79427,21044,5320,15724,48875,4440,44435,9508,943,8565,85745,21206,4950,16256,52615,6928,45687,11924,1447,10477,24,017,2021
"Frederick County, Maryland",279835,276201,135165,34686,6687,27999,81851,7140,74711,18628,1908,16720,141036,34117,8467,25650,84492,8714,75778,22427,1500,20927,24,021,2021
"Harford County, Maryland",262977,260499,129100,32934,9646,23288,76525,8292,68233,19641,1787,17854,131399,28746,7991,20755,78412,12385,66027,24241,2126,22115,24,025,2021
"Howard County, Maryland",334529,330151,161055,43436,8598,34838,95823,7199,88624,21796,2362,19434,169096,40764,7931,32833,101803,12625,89178,26529,3047,23482,24,027,2021
"Montgomery County, Maryland",1054827,1046271,508414,130685,39369,91316,301499,34725,266774,76230,6764,69466,537857,123558,42459,81099,318543,45350,273193,95756,12173,83583,24,031,2021
"Prince George's County, Maryland",955306,945504,454560,113394,51257,62137,284142,40275,243867,57024,6787,50237,490944,110266,48532,61734,301219,54397,246822,79459,10130,69329,24,033,2021
"St. Mary's County, Maryland",114468,110404,53724,13899,3006,10893,32418,2493,29925,7407,311,7096,56680,14229,2432,11797,34472,4711,29761,7979,740,7239,24,037,2021
"Washington County, Maryland",154937,144656,69225,17532,9273,8259,39942,8698,31244,11751,1506,10245,75431,17740,10338,7402,43034,12261,30773,14657,2006,12651,24,043,2021
"Wicomico County, Maryland",103980,102744,48759,13409,6813,6596,28253,6979,21274,7097,416,6681,53985,12210,5008,7202,32606,8008,24598,9169,1365,7804,24,045,2021
"Baltimore city, Maryland",576498,567379,263858,63286,39146,24140,166780,40397,126383,33792,9429,24363,303521,60391,38045,22346,193570,61443,132127,49560,14341,35219,24,510,2021
"Barnstable County, Massachusetts",232411,230090,110221,17417,6310,11107,59407,10835,48572,33397,2361,31036,119869,17952,6600,11352,61536,10898,50638,40381,2869,37512,25,001,2021
"Berkshire County, Massachusetts",128657,126658,60978,10304,3864,6440,36914,8715,28199,13760,2509,11251,65680,12511,5076,7435,36512,10489,26023,16657,2442,14215,25,003,2021
"Bristol County, Massachusetts",580164,574846,279946,63830,28189,35641,172170,40332,131838,43946,6734,37212,294900,61802,28729,33073,178485,51159,127326,54613,9728,44885,25,005,2021
"Essex County, Massachusetts",807074,800543,387267,90958,34065,56893,234535,51661,182874,61774,10198,51576,413276,88452,32460,55992,245478,62843,182635,79346,16144,63202,25,009,2021
"Franklin County, Massachusetts",71015,70257,33773,6192,2830,3362,19778,5183,14595,7803,928,6875,36484,6409,3367,3042,21011,4618,16393,9064,1294,7770,25,011,2021
"Hampden County, Massachusetts",462718,456993,220823,52917,26993,25924,132731,36905,95826,35175,7134,28041,236170,51808,25812,25996,141264,49430,91834,43098,9948,33150,25,013,2021
"Hampshire County, Massachusetts",161572,160378,73916,14911,4368,10543,45453,8590,36863,13552,1298,12254,86462,16107,4396,11711,53848,8533,45315,16507,1695,14812,25,015,2021
"Middlesex County, Massachusetts",1614742,1600639,789367,173502,44987,128515,504984,69252,435732,110881,16249,94632,811272,165482,43828,121654,507108,83892,423216,138682,20421,118261,25,017,2021
"Norfolk County, Massachusetts",724505,717305,347867,81133,18430,62703,212090,25287,186803,54644,6748,47896,369438,77980,15958,62022,223251,34982,188269,68207,10231,57976,25,021,2021
"Plymouth County, Massachusetts",533003,524907,255028,60884,17492,43392,150751,28771,121980,43393,6524,36869,269879,57358,17293,40065,158468,32274,126194,54053,8132,45921,25,023,2021
"Suffolk County, Massachusetts",771245,766037,368966,71996,38781,33215,255492,55278,200214,41478,13265,28213,397071,70772,37974,32798,270823,72718,198105,55476,18852,36624,25,025,2021
"Worcester County, Massachusetts",862029,851986,420662,97458,34491,62967,260956,50216,210740,62248,9459,52789,431324,92890,34444,58446,262930,62687,200243,75504,14684,60820,25,027,2021
"Allegan County, Michigan",120950,119884,59974,15569,5118,10451,34685,4593,30092,9720,1075,8645,59910,14608,4978,9630,34393,5810,28583,10909,919,9990,26,005,2021
"Bay County, Michigan",102985,102180,50757,10267,3440,6827,30722,6185,24537,9768,1664,8104,51423,10182,3078,7104,29111,6591,22520,12130,1210,10920,26,017,2021
"Berrien County, Michigan",153101,152069,74234,17234,8395,8839,42856,7759,35097,14144,1723,12421,77835,17411,7710,9701,43085,8479,34606,17339,2333,15006,26,021,2021
"Calhoun County, Michigan",133819,132511,64617,16238,6575,9663,37843,7811,30032,10536,1428,9108,67894,15739,7339,8400,38979,9047,29932,13176,2690,10486,26,025,2021
"Clinton County, Michigan",79426,79028,39727,9170,2324,6846,23765,1947,21818,6792,479,6313,39301,8949,2284,6665,22753,3227,19526,7599,503,7096,26,037,2021
"Eaton County, Michigan",108944,108168,52974,12045,3602,8443,30998,5130,25868,9931,1118,8813,55194,11202,3034,8168,32384,7107,25277,11608,1401,10207,26,045,2021
"Genesee County, Michigan",404208,402204,194974,48627,24395,24232,114128,30534,83594,32219,3794,28425,207230,46475,23351,23124,120055,41068,78987,40700,5970,34730,26,049,2021
"Grand Traverse County, Michigan",95860,95125,46334,9890,3110,6780,27434,5384,22050,9010,1085,7925,48791,9765,3516,6249,28046,5577,22469,10980,809,10171,26,055,2021
"Ingham County, Michigan",284034,282409,138455,32679,10650,22029,87792,16718,71074,17984,2713,15271,143954,30000,10223,19777,91501,17826,73675,22453,2915,19538,26,065,2021
"Ionia County, Michigan",67197,64311,32790,8409,3467,4942,19474,3511,15963,4907,413,4494,31521,7928,3295,4633,18256,4797,13459,5337,652,4685,26,067,2021
"Jackson County, Michigan",160050,152044,74264,18517,6971,11546,42824,7255,35569,12923,684,12239,77780,17610,7268,10342,44358,11378,32980,15812,2213,13599,26,075,2021
"Kalamazoo County, Michigan",261108,259214,126816,30205,12170,18035,79242,14144,65098,17369,1353,16016,132398,29917,10919,18998,79943,15600,64343,22538,2691,19847,26,077,2021
"Kent County, Michigan",658046,653334,323342,84907,28995,55912,196910,24699,172211,41525,3658,37867,329992,79485,25498,53987,199076,32969,166107,51431,7661,43770,26,081,2021
"Lapeer County, Michigan",88513,86633,43634,9578,3434,6144,25699,4033,21666,8357,841,7516,42999,9124,2386,6738,25213,4439,20774,8662,1093,7569,26,087,2021
"Lenawee County, Michigan",98956,96142,47611,11097,4917,6180,27797,4990,22807,8717,689,8028,48531,10604,5157,5447,27678,6394,21284,10249,1099,9150,26,091,2021
"Livingston County, Michigan",195014,194398,98260,22109,4029,18080,58682,4721,53961,17469,1346,16123,96138,20661,3743,16918,56412,6753,49659,19065,1048,18017,26,093,2021
"Macomb County, Michigan",876792,869981,425709,98387,40502,57885,259319,44918,214401,68003,9169,58834,444272,93146,36206,56940,265870,57123,208747,85256,12141,73115,26,099,2021
"Marquette County, Michigan",66103,64406,32410,6414,1971,4443,19678,3519,16159,6318,523,5795,31996,6420,2005,4415,18974,3570,15404,6602,670,5932,26,103,2021
"Midland County, Michigan",83457,82985,41470,9770,3763,6007,24477,4370,20107,7223,617,6606,41515,8690,3152,5538,23919,4227,19692,8906,1189,7717,26,111,2021
"Monroe County, Michigan",155274,154161,76849,17319,4525,12794,45562,6386,39176,13968,968,13000,77312,16790,3099,13691,44504,8767,35737,16018,1718,14300,26,115,2021
"Montcalm County, Michigan",67220,64623,32433,7419,3113,4306,19329,3831,15498,5685,447,5238,32190,7752,3341,4411,18125,5177,12948,6313,1110,5203,26,117,2021
"Muskegon County, Michigan",176511,172798,83979,20860,9504,11356,48570,9246,39324,14549,1830,12719,88819,21369,9224,12145,50182,13893,36289,17268,2712,14556,26,121,2021
"Oakland County, Michigan",1270017,1264385,624281,139756,33036,106720,384530,41109,343421,99995,10395,89600,640104,133108,33749,99359,383821,53278,330543,123175,16080,107095,26,125,2021
"Ottawa County, Michigan",299157,297832,147124,38102,6765,31337,87516,9186,78330,21506,2084,19422,150708,38793,8943,29850,87301,10630,76671,24614,2528,22086,26,139,2021
"Saginaw County, Michigan",189591,186411,89876,22469,11758,10711,51408,13547,37861,15999,1662,14337,96535,21365,10295,11070,54824,16027,38797,20346,3685,16661,26,145,2021
"St. Clair County, Michigan",160053,158780,79328,17569,7016,10553,47317,8254,39063,14442,1402,13040,79452,16782,6540,10242,46263,11510,34753,16407,1497,14910,26,147,2021
"Shiawassee County, Michigan",67877,67571,33552,7933,2931,5002,19836,3969,15867,5783,442,5341,34019,7423,3173,4250,19369,4917,14452,7227,728,6499,26,155,2021
"Van Buren County, Michigan",75658,75170,37717,9405,4567,4838,21641,4636,17005,6671,545,6126,37453,8800,3935,4865,21503,4974,16529,7150,516,6634,26,159,2021
"Washtenaw County, Michigan",369390,363855,180092,38448,11650,26798,116980,12191,104789,24664,2335,22329,183763,38362,8436,29926,115416,15529,99887,29985,2343,27642,26,161,2021
"Wayne County, Michigan",1774816,1764465,853886,223546,127089,96457,507129,138764,368365,123211,21173,102038,910579,214866,118486,96380,536414,185497,350917,159299,30944,128355,26,163,2021
"Anoka County, Minnesota",367018,364400,182108,45686,13829,31857,111116,12913,98203,25306,1379,23927,182292,45813,14675,31138,106944,16030,90914,29535,2705,26830,27,003,2021
"Blue Earth County, Minnesota",69280,68690,35311,8114,3088,5026,22515,3964,18551,4682,151,4531,33379,6869,2282,4587,21150,3569,17581,5360,625,4735,27,013,2021
"Carver County, Minnesota",108626,108479,53889,14914,2176,12738,32280,3395,28885,6695,559,6136,54590,14744,3398,11346,32162,4162,28000,7684,495,7189,27,019,2021
"Clay County, Minnesota",65574,65174,33193,9456,3139,6317,19607,2524,17083,4130,330,3800,31981,8205,3016,5189,18915,2779,16136,4861,436,4425,27,027,2021
"Crow Wing County, Minnesota",67270,66518,33484,7817,2829,4988,17952,3744,14208,7715,957,6758,33034,7083,3871,3212,18206,5448,12758,7745,892,6853,27,035,2021
"Dakota County, Minnesota",442038,439685,218058,58084,12960,45124,130517,14476,116041,29457,1421,28036,221627,54434,13596,40838,130588,18655,111933,36605,3051,33554,27,037,2021
"Hennepin County, Minnesota",1267416,1259379,625792,148845,42250,106595,393427,54885,338542,83520,7183,76337,633587,142929,40315,102614,387640,60046,327594,103018,10153,92865,27,053,2021
"Olmsted County, Minnesota",163436,161731,78113,22031,5311,16720,45217,4278,40939,10865,549,10316,83618,21103,4505,16598,48581,5979,42602,13934,1303,12631,27,109,2021
"Ramsey County, Minnesota",543257,539628,264582,67172,30477,36695,161838,29101,132737,35572,3827,31745,275046,65234,29901,35333,164723,39665,125058,45089,3481,41608,27,123,2021
"Rice County, Minnesota",67262,64319,32015,8127,3624,4503,19112,3295,15817,4776,308,4468,32304,7314,3415,3899,19290,3053,16237,5700,395,5305,27,131,2021
"St. Louis County, Minnesota",199182,196119,98228,20403,7458,12945,59202,9337,49865,18623,1750,16873,97891,19553,5906,13647,57374,12048,45326,20964,1959,19005,27,137,2021
"Scott County, Minnesota",153268,151636,76120,21595,4014,17581,46442,3579,42863,8083,622,7461,75516,19561,2094,17467,46693,4883,41810,9262,878,8384,27,139,2021
"Sherburne County, Minnesota",99074,97361,49541,13073,2369,10704,30815,1831,28984,5653,264,5389,47820,13121,3206,9915,28427,2364,26063,6272,612,5660,27,141,2021
"Stearns County, Minnesota",158947,157824,79334,21182,7776,13406,47135,6272,40863,11017,736,10281,78490,19340,6347,12993,46273,9476,36797,12877,566,12311,27,145,2021
"Washington County, Minnesota",272256,269500,133284,35157,6542,28615,78751,7995,70756,19376,860,18516,136216,34266,6260,28006,78557,9953,68604,23393,1564,21829,27,163,2021
"Wright County, Minnesota",144845,144203,73639,20737,4141,16596,43697,4636,39061,9205,798,8407,70564,20261,4115,16146,40092,5037,35055,10211,1180,9031,27,171,2021
"DeSoto County, Mississippi",188633,187343,88850,24583,9351,15232,53303,3198,50105,10964,1608,9356,98493,25155,9162,15993,58539,5817,52722,14799,2436,12363,28,033,2021
"Forrest County, Mississippi",77875,76947,36112,9498,4873,4625,21985,2273,19712,4629,953,3676,40835,9299,4753,4546,25491,4350,21141,6045,1242,4803,28,035,2021
"Harrison County, Mississippi",209396,201047,96342,27203,10904,16299,53581,7388,46193,15558,2198,13360,104705,25111,11055,14056,61585,10085,51500,18009,3370,14639,28,047,2021
"Hinds County, Mississippi",222679,221325,104097,28404,17140,11264,61124,7353,53771,14569,2488,12081,117228,27486,16055,11431,69563,12851,56712,20179,5027,15152,28,049,2021
"Jackson County, Mississippi",143987,141310,67216,15914,5398,10516,40532,4151,36381,10770,1611,9159,74094,17880,6623,11257,43630,5461,38169,12584,2095,10489,28,059,2021
"Jones County, Mississippi",66744,66185,33481,9964,5001,4963,18555,2673,15882,4962,337,4625,32704,7227,3693,3534,18845,4940,13905,6632,657,5975,28,067,2021
"Lamar County, Mississippi",65353,64454,30068,8131,3121,5010,18015,1076,16939,3922,118,3804,34386,9080,3870,5210,20257,2621,17636,5049,342,4707,28,073,2021
"Lauderdale County, Mississippi",72088,68643,33106,9580,5247,4333,17939,2846,15093,5587,1175,4412,35537,8313,4637,3676,20237,4278,15959,6987,1431,5556,28,075,2021
"Lee County, Mississippi",82883,82011,38556,10660,5195,5465,22393,1960,20433,5503,457,5046,43455,10934,3783,7151,25658,2518,23140,6863,859,6004,28,081,2021
"Madison County, Mississippi",109813,109054,51877,13690,5632,8058,31324,1908,29416,6863,518,6345,57177,13741,4402,9339,34760,3139,31621,8676,815,7861,28,089,2021
"Rankin County, Mississippi",158096,152521,72157,18246,5882,12364,42121,3561,38560,11790,1347,10443,80364,19149,4105,15044,46898,3374,43524,14317,2037,12280,28,121,2021
"Boone County, Missouri",185840,184275,89433,22377,6139,16238,55972,2696,53276,11084,865,10219,94842,21392,4768,16624,60261,4386,55875,13189,449,12740,29,019,2021
"Buchanan County, Missouri",83853,81679,40923,10531,4746,5785,24520,2038,22482,5872,311,5561,40756,9823,3680,6143,23378,3937,19441,7555,759,6796,29,021,2021
"Cape Girardeau County, Missouri",82113,80949,39410,9802,2447,7355,23797,2560,21237,5811,1024,4787,41539,8939,2931,6008,25065,2720,22345,7535,956,6579,29,031,2021
"Cass County, Missouri",109638,108665,53599,14042,2249,11793,30976,544,30432,8581,746,7835,55066,13332,3040,10292,31363,2556,28807,10371,2275,8096,29,037,2021
"Christian County, Missouri",91499,91083,43601,11410,3342,8068,25608,1926,23682,6583,220,6363,47482,11944,3631,8313,27311,2499,24812,8227,411,7816,29,043,2021
"Clay County, Missouri",255518,253367,125255,33642,9752,23890,75149,4068,71081,16464,642,15822,128112,30323,4483,25840,77358,5994,71364,20431,1264,19167,29,047,2021
"Cole County, Missouri",77205,73045,34926,9357,3913,5444,19803,893,18910,5766,142,5624,38119,9037,1956,7081,21812,2438,19374,7270,207,7063,29,051,2021
"Franklin County, Missouri",105231,104128,51792,12820,3337,9483,30323,2356,27967,8649,877,7772,52336,11850,2497,9353,29815,2866,26949,10671,915,9756,29,071,2021
"Greene County, Missouri",300865,296621,144359,34594,13557,21037,88698,6835,81863,21067,1740,19327,152262,31784,9257,22527,92060,10209,81851,28418,2390,26028,29,077,2021
"Jackson County, Missouri",716862,709892,343871,88734,33063,55671,206642,13424,193218,48495,3904,44591,366021,84325,27291,57034,219675,20331,199344,62021,6241,55780,29,095,2021
"Jasper County, Missouri",123155,122413,59662,16312,6516,9796,34947,2422,32525,8403,1065,7338,62751,15126,6530,8596,36822,5607,31215,10803,1642,9161,29,097,2021
"Jefferson County, Missouri",227771,225810,113105,28335,7176,21159,68282,3361,64921,16488,410,16078,112705,26603,7572,19031,66803,5891,60912,19299,1464,17835,29,099,2021
"Platte County, Missouri",108569,107291,52781,13588,3410,10178,31320,1043,30277,7873,418,7455,54510,13232,2249,10983,32550,2476,30074,8728,224,8504,29,165,2021
"St. Charles County, Missouri",409981,408347,201588,49532,7171,42361,122303,6078,116225,29753,1009,28744,206759,48464,7294,41170,122290,5818,116472,36005,1395,34610,29,183,2021
"St. Francois County, Missouri",67541,63169,30848,6790,3212,3578,19069,3174,15895,4989,594,4395,32321,8975,3592,5383,17311,1716,15595,6035,181,5854,29,187,2021
"St. Louis County, Missouri",997187,987048,471039,118524,33055,85469,274380,17457,256923,78135,4508,73627,516009,114115,29753,84362,297523,26588,270935,104371,7522,96849,29,189,2021
"St. Louis city, Missouri",293310,289341,140795,29972,17060,12912,92128,9967,82161,18695,3164,15531,148546,26821,15713,11108,97684,15387,82297,24041,4658,19383,29,510,2021
"Cascade County, Montana",84511,79996,40226,11284,4835,6449,21419,4686,16733,7523,709,6814,39770,8794,1904,6890,22473,4577,17896,8503,758,7745,30,013,2021
"Flathead County, Montana",108454,107715,54068,12821,5429,7392,30057,3091,26966,11190,491,10699,53647,12001,3427,8574,30505,3112,27393,11141,1013,10128,30,029,2021
"Gallatin County, Montana",122713,122440,63276,12615,2907,9708,42827,3634,39193,7834,609,7225,59164,13368,3222,10146,37345,4271,33074,8451,509,7942,30,031,2021
"Lewis and Clark County, Montana",72223,71583,36671,9392,3262,6130,20603,2549,18054,6676,621,6055,34912,6326,1544,4782,21156,3173,17983,7430,723,6707,30,049,2021
"Missoula County, Montana",119533,118741,59992,12036,4788,7248,38540,5424,33116,9416,959,8457,58749,11208,3913,7295,37457,7059,30398,10084,1546,8538,30,063,2021
"Yellowstone County, Montana",167146,165028,81565,20355,7210,13145,47525,6877,40648,13685,1409,12276,83463,20545,8439,12106,47495,7828,39667,15423,1438,13985,30,111,2021
"Douglas County, Nebraska",585008,578239,285086,79337,27043,52294,170435,15633,154802,35314,4453,30861,293153,77225,24134,53091,172930,21501,151429,42998,4512,38486,31,055,2021
"Lancaster County, Nebraska",324514,318984,159616,40328,12952,27376,98135,8384,89751,21153,1537,19616,159368,37678,9001,28677,96013,9090,86923,25677,2844,22833,31,109,2021
"Sarpy County, Nebraska",193418,189154,93298,27963,5109,22854,54757,2513,52244,10578,666,9912,95856,25922,4054,21868,56977,3756,53221,12957,1773,11184,31,153,2021
"Clark County, Nevada",2292476,2266590,1127151,278757,112874,165883,683852,102919,580933,164542,19603,144939,1139439,265937,108418,157519,686340,130454,555886,187162,27747,159415,32,003,2021
"Washoe County, Nevada",493392,490086,247682,55756,17063,38693,151829,15642,136187,40097,4641,35456,242404,54318,15554,38764,143928,16672,127256,44158,4397,39761,32,031,2021
"Cheshire County, New Hampshire",77329,76570,37979,8117,2986,5131,22577,3367,19210,7285,539,6746,38591,6689,2279,4410,23398,4092,19306,8504,420,8084,33,005,2021
"Grafton County, New Hampshire",92201,91434,45381,8739,2382,6357,27022,3472,23550,9620,553,9067,46053,7867,3154,4713,27669,3143,24526,10517,755,9762,33,009,2021
"Hillsborough County, New Hampshire",424079,421000,211866,46122,13833,32289,132576,8441,124135,33168,1710,31458,209134,43164,10987,32177,129648,13032,116616,36322,2957,33365,33,011,2021
"Merrimack County, New Hampshire",155238,152173,74960,15702,4004,11698,46122,5528,40594,13136,1137,11999,77213,15250,4480,10770,46509,7891,38618,15454,1418,14036,33,013,2021
"Rockingham County, New Hampshire",316947,314404,155681,32036,6699,25337,95900,6934,88966,27745,1364,26381,158723,30419,5865,24554,96241,8595,87646,32063,2237,29826,33,015,2021
"Strafford County, New Hampshire",132416,130389,64135,13139,2345,10794,41711,2744,38967,9285,599,8686,66254,11981,2438,9543,42897,4682,38215,11376,1442,9934,33,017,2021
"Atlantic County, New Jersey",274966,272504,132622,30711,13181,17530,78105,13292,64813,23806,2327,21479,139882,29671,12188,17483,82243,17400,64843,27968,3604,24364,34,001,2021
"Bergen County, New Jersey",953819,948019,463821,109376,23083,86293,280829,22806,258023,73616,6967,66649,484198,102257,21293,80964,288957,32767,256190,92984,12081,80903,34,003,2021
"Burlington County, New Jersey",464269,449191,217073,50343,13680,36663,131141,14628,116513,35589,2992,32597,232118,49578,11223,38355,137546,17671,119875,44994,4141,40853,34,005,2021
"Camden County, New Jersey",523771,517792,250444,63332,24411,38921,151405,23816,127589,35707,5157,30550,267348,60343,24509,35834,160120,36553,123567,46885,7636,39249,34,007,2021
"Cape May County, New Jersey",95661,94094,45671,7824,2097,5727,26160,3425,22735,11687,819,10868,48423,8357,2323,6034,26012,3040,22972,14054,906,13148,34,009,2021
"Cumberland County, New Jersey",153627,141100,67150,19957,10446,9511,36567,6757,29810,10626,1225,9401,73950,18050,9603,8447,43177,10518,32659,12723,1962,10761,34,011,2021
"Essex County, New Jersey",854917,843053,405088,107926,45605,62321,248438,40186,208252,48724,8625,40099,437965,104603,46775,57828,264478,53016,211462,68884,15219,53665,34,013,2021
"Gloucester County, New Jersey",304477,303528,148333,35349,10057,25292,90443,10769,79674,22541,2086,20455,155195,34839,9954,24885,92597,13633,78964,27759,2906,24853,34,015,2021
"Hudson County, New Jersey",702463,698088,349338,76376,36019,40357,235964,35574,200390,36998,8676,28322,348750,71922,33903,38019,227421,43681,183740,49407,12689,36718,34,017,2021
"Hunterdon County, New Jersey",129924,125473,62124,13060,1114,11946,36953,1885,35068,12111,949,11162,63349,12028,860,11168,38319,1527,36792,13002,1064,11938,34,019,2021
"Mercer County, New Jersey",385898,381152,186911,45285,14327,30958,115257,12730,102527,26369,3786,22583,194241,43556,13799,29757,116921,16752,100169,33764,4236,29528,34,021,2021
"Middlesex County, New Jersey",860807,853432,422781,102318,32389,69929,260309,27732,232577,60154,5651,54503,430651,97668,31062,66606,258988,36348,222640,73995,10740,63255,34,023,2021
"Monmouth County, New Jersey",645354,640863,312794,72020,14627,57393,187780,15813,171967,52994,3182,49812,328069,69195,13402,55793,193568,18179,175389,65306,6805,58501,34,025,2021
"Morris County, New Jersey",510981,506741,251256,58618,7363,51255,153255,10436,142819,39383,2784,36599,255485,54462,6913,47549,152447,9252,143195,48576,6156,42420,34,027,2021
"Ocean County, New Jersey",648998,644050,313442,85468,38143,47325,166923,30143,136780,61051,3945,57106,330608,81518,41557,39961,168632,31060,137572,80458,7670,72788,34,029,2021
"Passaic County, New Jersey",518117,515033,253447,66040,33677,32363,152901,29927,122974,34506,6257,28249,261586,63606,32280,31326,154977,39988,114989,43003,9944,33059,34,031,2021
"Salem County, New Jersey",65046,63811,31400,7902,3560,4342,18111,3809,14302,5387,427,4960,32411,7147,3377,3770,18753,4194,14559,6511,843,5668,34,033,2021
"Somerset County, New Jersey",345647,342915,169047,39863,6887,32976,104379,6952,97427,24805,2202,22603,173868,37135,7713,29422,105594,5737,99857,31139,2902,28237,34,035,2021
"Sussex County, New Jersey",145543,144309,73416,15504,3424,12080,45193,3689,41504,12719,723,11996,70893,13925,3354,10571,43227,4749,38478,13741,782,12959,34,037,2021
"Union County, New Jersey",572114,568534,280682,71052,27174,43878,173262,22735,150527,36368,4380,31988,287852,68325,22344,45981,172822,29075,143747,46705,7102,39603,34,039,2021
"Warren County, New Jersey",110731,109958,54358,11691,3124,8567,33536,4591,28945,9131,1014,8117,55600,10402,3237,7165,34117,5237,28880,11081,1352,9729,34,041,2021
"Bernalillo County, New Mexico",674393,666503,326568,77931,39100,38831,196980,45617,151363,51657,6592,45065,339935,73103,31784,41319,202383,52558,149825,64449,7791,56658,35,001,2021
"Doña Ana County, New Mexico",221508,217501,106377,28786,19187,9599,60400,15161,45239,17191,3043,14148,111124,27794,16726,11068,64474,20854,43620,18856,3337,15519,35,013,2021
"Lea County, New Mexico",73004,70939,35596,11902,6156,5746,19881,4157,15724,3813,258,3555,35343,11187,6009,5178,19873,6282,13591,4283,896,3387,35,025,2021
"McKinley County, New Mexico",71780,71392,34922,10698,8612,2086,20629,8575,12054,3595,1202,2393,36470,10105,7725,2380,21113,11276,9837,5252,2566,2686,35,031,2021
"Otero County, New Mexico",68537,63408,32362,9808,4403,5405,16857,4612,12245,5697,893,4804,31046,6678,4711,1967,18074,7300,10774,6294,1306,4988,35,035,2021
"Sandoval County, New Mexico",151369,151056,75578,18976,8231,10745,43388,9253,34135,13214,1263,11951,75478,16335,7141,9194,43357,12187,31170,15786,1318,14468,35,043,2021
"San Juan County, New Mexico",120993,119419,58937,16171,12022,4149,33988,12723,21265,8778,1647,7131,60482,15921,11419,4502,34225,14722,19503,10336,2813,7523,35,045,2021
"Santa Fe County, New Mexico",155201,153221,74186,14999,9223,5776,39960,8059,31901,19227,2203,17024,79035,13015,6910,6105,43938,10213,33725,22082,1921,20161,35,049,2021
"Valencia County, New Mexico",77190,74896,36820,9608,7426,2182,20058,6505,13553,7154,1312,5842,38076,9276,5890,3386,21403,9028,12375,7397,1007,6390,35,061,2021
"Albany County, New York",313743,309717,151051,32519,11887,20632,94206,20373,73833,24326,2768,21558,158666,30192,11497,18695,99205,22898,76307,29269,3716,25553,36,001,2021
"Bronx County, New York",1424948,1403989,660790,187996,124913,63083,397302,155446,241856,75492,23850,51642,743199,179717,126698,53019,449244,209635,239609,114238,49690,64548,36,005,2021
"Broome County, New York",197240,194249,95637,20643,8612,12031,58338,15066,43272,16656,2181,14475,98612,21135,7460,13675,56746,15362,41384,20731,3038,17693,36,007,2021
"Cattaraugus County, New York",76426,75343,37663,8998,4508,4490,21313,4970,16343,7352,960,6392,37680,8422,3814,4608,21511,7384,14127,7747,864,6883,36,009,2021
"Cayuga County, New York",75880,71237,35473,7781,3445,4336,20458,3557,16901,7234,1712,5522,35764,7160,3148,4012,20762,5240,15522,7842,1091,6751,36,011,2021
"Chautauqua County, New York",126807,124774,62068,14402,7550,6852,35834,11348,24486,11832,1385,10447,62706,12928,6893,6035,36101,12798,23303,13677,1522,12155,36,013,2021
"Chemung County, New York",83045,79207,38111,9334,3888,5446,21749,4949,16800,7028,1252,5776,41096,8783,4222,4561,23566,6601,16965,8747,2159,6588,36,015,2021
"Clinton County, New York",79596,75446,37579,8469,3618,4851,22456,3591,18865,6654,415,6239,37867,7169,2854,4315,23381,4641,18740,7317,860,6457,36,019,2021
"Dutchess County, New York",297112,289229,143086,31023,6785,24238,87732,12635,75097,24331,1881,22450,146143,28582,5831,22751,88618,14052,74566,28943,3530,25413,36,027,2021
"Erie County, New York",950683,941046,457864,103664,43082,60582,277513,60344,217169,76687,10267,66420,483182,99601,42365,57236,286797,78398,208399,96784,15820,80964,36,029,2021
"Jefferson County, New York",116295,103103,49286,14394,6169,8225,27413,5384,22029,7479,825,6654,53817,13738,5321,8417,31092,6824,24268,8987,1903,7084,36,045,2021
"Kings County, New York",2641052,2623994,1246503,321471,186892,134579,762759,233025,529734,162273,50939,111334,1377491,305962,172747,133215,843426,283701,559725,228103,85159,142944,36,047,2021
"Madison County, New York",67658,66818,33143,7604,1925,5679,19373,3663,15710,6166,535,5631,33675,6825,2408,4417,19921,4255,15666,6929,566,6363,36,053,2021
"Monroe County, New York",755160,747875,362929,84942,36412,48530,218366,38106,180260,59621,8704,50917,384946,81287,32340,48947,229809,56346,173463,73850,10952,62898,36,055,2021
"Nassau County, New York",1390907,1381243,679270,162233,32054,130179,405088,48756,356332,111949,14280,97669,701973,153232,32159,121073,410883,55351,355532,137858,18851,119007,36,059,2021
"New York County, New York",1576876,1568178,746068,123264,46954,76310,505179,106693,398486,117625,31985,85640,822110,123955,43045,80910,532471,114339,418132,165684,49451,116233,36,061,2021
"Niagara County, New York",211653,209558,102462,22474,8730,13744,60367,12565,47802,19621,3143,16478,107096,22531,10991,11540,61500,16097,45403,23065,3341,19724,36,063,2021
"Oneida County, New York",230274,224112,110250,25657,13745,11912,64724,15968,48756,19869,3036,16833,113862,25566,11533,14033,65096,20096,45000,23200,3874,19326,36,065,2021
"Onondaga County, New York",473236,468175,226862,55101,23418,31683,134582,26132,108450,37179,5422,31757,241313,52769,24134,28635,142859,37302,105557,45685,6572,39113,36,067,2021
"Ontario County, New York",112508,111587,54582,11166,4005,7161,32278,5714,26564,11138,1005,10133,57005,11215,4179,7036,32610,5872,26738,13180,1717,11463,36,069,2021
"Orange County, New York",404525,394959,196175,55704,23684,32020,114399,23194,91205,26072,3652,22420,198784,53419,23781,29638,114458,23473,90985,30907,4545,26362,36,071,2021
"Oswego County, New York",117387,116341,59212,13846,5609,8237,35801,9293,26508,9565,1251,8314,57129,12952,7076,5876,33998,9887,24111,10179,1510,8669,36,075,2021
"Putnam County, New York",97936,97619,49030,10371,2718,7653,30292,4188,26104,8367,978,7389,48589,9612,1097,8515,28896,4988,23908,10081,630,9451,36,079,2021
"Queens County, New York",2331143,2316760,1132619,250664,128071,122593,710301,195762,514539,171654,37557,134097,1184141,236467,123194,113273,724580,229698,494882,223094,58865,164229,36,081,2021
"Rensselaer County, New York",160232,158592,78497,17407,6599,10808,48170,9160,39010,12920,1562,11358,80095,16089,6444,9645,48724,9359,39365,15282,2410,12872,36,083,2021
"Richmond County, New York",493494,489777,241083,57733,19146,38587,147163,30405,116758,36187,6300,29887,248694,53384,20190,33194,149896,30266,119630,45414,8761,36653,36,085,2021
"Rockland County, New York",339227,337659,164760,51645,26547,25098,90338,20736,69602,22777,3295,19482,172899,53212,30500,22712,90227,21442,68785,29460,3877,25583,36,087,2021
"St. Lawrence County, New York",108051,104503,52920,12501,5326,7175,31252,6366,24886,9167,1310,7857,51583,11598,4434,7164,29919,7952,21967,10066,1476,8590,36,089,2021
"Saratoga County, New York",237359,235713,116563,24924,5742,19182,70809,8235,62574,20830,2381,18449,119150,23441,5680,17761,71459,11098,60361,24250,3068,21182,36,091,2021
"Schenectady County, New York",158089,156445,75875,18126,8075,10051,45810,6358,39452,11939,1290,10649,80570,18014,7080,10934,47892,9230,38662,14664,2931,11733,36,093,2021
"Steuben County, New York",92948,91787,45801,11021,4293,6728,26135,6061,20074,8645,1454,7191,45986,10048,4037,6011,26189,6518,19671,9749,1667,8082,36,101,2021
"Suffolk County, New York",1526344,1514297,750124,173711,39288,134423,457532,59777,397755,118881,11199,107682,764173,164097,40908,123189,455875,66128,389747,144201,17934,126267,36,103,2021
"Sullivan County, New York",79806,76328,38130,10450,4923,5527,20610,4673,15937,7070,791,6279,38198,6963,3316,3647,23873,7489,16384,7362,857,6505,36,105,2021
"Tompkins County, New York",105162,104431,51290,10504,4487,6017,33538,6621,26917,7248,261,6987,53141,9783,4270,5513,34756,7437,27319,8602,651,7951,36,109,2021
"Ulster County, New York",182951,178368,87212,16919,5136,11783,53291,9718,43573,17002,1677,15325,91156,16485,5997,10488,54842,10696,44146,19829,2026,17803,36,111,2021
"Warren County, New York",65618,65224,32763,6322,3049,3273,18916,3868,15048,7525,1236,6289,32461,5661,2734,2927,18853,4109,14744,7947,947,7000,36,113,2021
"Wayne County, New York",90923,90200,45325,10191,3069,7122,26598,3468,23130,8536,1261,7275,44875,9580,3644,5936,25843,5334,20509,9452,2003,7449,36,117,2021
"Westchester County, New York",997895,985227,480529,117884,34280,83604,287277,42303,244974,75368,10467,64901,504698,109602,31388,78214,297699,49332,248367,97397,14988,82409,36,119,2021
"Alamance County, North Carolina",173877,173275,83852,22306,10826,11480,49155,4667,44488,12391,1104,11287,89423,19181,7189,11992,53457,5225,48232,16785,2208,14577,37,001,2021
"Brunswick County, North Carolina",144215,143337,67973,9567,3710,5857,35512,4061,31451,22894,1604,21290,75364,10897,7057,3840,38970,5951,33019,25497,2484,23013,37,019,2021
"Buncombe County, North Carolina",271534,267492,130083,27019,10842,16177,78680,11028,67652,24384,1897,22487,137409,25123,10406,14717,80334,9581,70753,31952,4708,27244,37,021,2021
"Burke County, North Carolina",87611,85296,42146,8659,4614,4045,25439,3431,22008,8048,1262,6786,43150,8267,4222,4045,24709,3870,20839,10174,1755,8419,37,023,2021
"Cabarrus County, North Carolina",231278,229580,111604,31859,13229,18630,66321,3721,62600,13424,1499,11925,117976,31528,10246,21282,68847,9599,59248,17601,2918,14683,37,025,2021
"Caldwell County, North Carolina",80463,79596,38964,8484,3683,4801,22909,3426,19483,7571,1714,5857,40632,8612,3756,4856,23262,4617,18645,8758,1225,7533,37,027,2021
"Carteret County, North Carolina",68541,67083,33249,6548,3329,3219,18326,3039,15287,8375,698,7677,33834,5655,1386,4269,18495,2624,15871,9684,1100,8584,37,031,2021
"Catawba County, North Carolina",161723,160013,77403,17860,8007,9853,46133,3718,42415,13410,1392,12018,82610,18748,10086,8662,47471,5427,42044,16391,2132,14259,37,035,2021
"Chatham County, North Carolina",77889,77222,35741,7778,2617,5161,19665,1564,18101,8298,513,7785,41481,8530,3091,5439,21885,2326,19559,11066,730,10336,37,037,2021
"Cleveland County, North Carolina",100359,99593,47874,12313,7805,4508,27367,3929,23438,8194,1038,7156,51719,11348,6654,4694,30036,6705,23331,10335,1995,8340,37,045,2021
"Craven County, North Carolina",100674,92598,42521,10520,5113,5407,23498,3372,20126,8503,968,7535,50077,11496,5177,6319,27458,4215,23243,11123,1633,9490,37,049,2021
"Cumberland County, North Carolina",335508,300224,135854,44971,18943,26028,73446,10123,63323,17437,2714,14723,164370,43689,19162,24527,96246,17503,78743,24435,4630,19805,37,051,2021
"Davidson County, North Carolina",170637,169162,82743,19204,8784,10420,49266,5279,43987,14273,966,13307,86419,19640,9605,10035,49666,8812,40854,17113,1656,15457,37,057,2021
"Durham County, North Carolina",326126,321139,152066,35057,15014,20043,97567,6391,91176,19442,2577,16865,169073,35121,15370,19751,107682,8382,99300,26270,2870,23400,37,063,2021
"Forsyth County, North Carolina",385523,382638,181169,46556,21625,24931,107436,11479,95957,27177,3552,23625,201469,47012,23083,23929,118163,16109,102054,36294,4038,32256,37,067,2021
"Franklin County, North Carolina",71703,71035,35129,9030,4343,4687,20733,2070,18663,5366,382,4984,35906,7899,3991,3908,21379,3027,18352,6628,857,5771,37,069,2021
"Gaston County, North Carolina",230856,229123,111185,28292,15112,13180,66845,8561,58284,16048,1799,14249,117938,25834,11830,14004,71061,11295,59766,21043,3276,17767,37,071,2021
"Guilford County, North Carolina",542410,538728,255734,66890,27616,39274,151834,12910,138924,37010,3523,33487,282994,65454,23322,42132,169955,20481,149474,47585,6304,41281,37,081,2021
"Harnett County, North Carolina",135966,128499,61546,18910,6595,12315,34494,4392,30102,8142,1306,6836,66953,18578,6863,11715,38960,6016,32944,9415,1827,7588,37,085,2021
"Henderson County, North Carolina",116829,116061,55517,11730,6397,5333,30228,3071,27157,13559,1129,12430,60544,12321,4970,7351,31927,3132,28795,16296,1252,15044,37,089,2021
"Iredell County, North Carolina",191968,190607,94045,23087,8342,14745,56889,4616,52273,14069,814,13255,96562,22349,8064,14285,57250,6976,50274,16963,1407,15556,37,097,2021
"Johnston County, North Carolina",226504,224995,109467,30715,11325,19390,64824,5084,59740,13928,2763,11165,115528,29386,12384,17002,69332,8966,60366,16810,2472,14338,37,101,2021
"Lincoln County, North Carolina",89670,89278,43910,9612,2914,6698,26293,1834,24459,8005,611,7394,45368,9835,3413,6422,26067,2729,23338,9466,1096,8370,37,109,2021
"Mecklenburg County, North Carolina",1122276,1115534,537443,138059,47601,90458,343340,19588,323752,56044,6396,49648,578091,134303,49422,84881,368356,35592,332764,75432,9606,65826,37,119,2021
"Moore County, North Carolina",102763,98018,45811,11597,3482,8115,23279,2107,21172,10935,1256,9679,52207,11352,2514,8838,27581,2395,25186,13274,1941,11333,37,125,2021
"Nash County, North Carolina",95176,94353,44562,10331,5039,5292,26481,2996,23485,7750,1151,6599,49791,11388,4860,6528,28325,4677,23648,10078,1711,8367,37,127,2021
"New Hanover County, North Carolina",229018,226810,106510,20794,6191,14603,67035,5052,61983,18681,1679,17002,120300,22821,6168,16653,73916,8900,65016,23563,2485,21078,37,129,2021
"Onslow County, North Carolina",206160,165557,76266,24863,10823,14040,42553,3563,38990,8850,941,7909,89291,26098,8340,17758,52441,8960,43481,10752,1345,9407,37,133,2021
"Orange County, North Carolina",148884,148362,70808,16457,2864,13593,44294,1388,42906,10057,407,9650,77554,14146,4265,9881,50303,2721,47582,13105,1057,12048,37,135,2021
"Pitt County, North Carolina",172169,171143,80981,21035,7298,13737,49452,5409,44043,10494,1384,9110,90162,19945,7019,12926,56339,10047,46292,13878,2129,11749,37,147,2021
"Randolph County, North Carolina",145172,144369,71560,17893,10367,7526,42164,4757,37407,11503,817,10686,72809,16321,8279,8042,42472,6448,36024,14016,926,13090,37,151,2021
"Robeson County, North Carolina",116328,114523,54245,15486,10862,4624,30928,4800,26128,7831,1064,6767,60278,16189,10332,5857,33875,9956,23919,10214,1927,8287,37,155,2021
"Rockingham County, North Carolina",91266,90338,42555,9170,4618,4552,24897,2824,22073,8488,1087,7401,47783,10066,6283,3783,27471,6727,20744,10246,1881,8365,37,157,2021
"Rowan County, North Carolina",148150,145747,70645,16613,8487,8126,42699,5468,37231,11333,1275,10058,75102,17192,9209,7983,43867,8349,35518,14043,2065,11978,37,159,2021
"Surry County, North Carolina",71152,70491,34643,8103,3271,4832,19944,2610,17334,6596,766,5830,35848,7505,3313,4192,20562,2597,17965,7781,848,6933,37,171,2021
"Union County, North Carolina",243648,242628,120505,34513,8318,26195,71483,4794,66689,14509,1586,12923,122123,33223,8576,24647,71819,7036,64783,17081,1574,15507,37,179,2021
"Wake County, North Carolina",1150204,1143433,558226,145124,29582,115542,350472,17727,332745,62630,3407,59223,585207,139611,32738,106873,365615,27593,338022,79981,8682,71299,37,183,2021
"Wayne County, North Carolina",116835,111835,52495,14624,8126,6498,29459,3261,26198,8412,1231,7181,59340,15176,9717,5459,33109,6683,26426,11055,2025,9030,37,191,2021
"Wilkes County, North Carolina",65806,64962,32251,7671,4954,2717,18178,1872,16306,6402,783,5619,32711,6922,4346,2576,17598,4600,12998,8191,1154,7037,37,193,2021
"Wilson County, North Carolina",78369,77395,36412,9960,5353,4607,20237,2305,17932,6215,704,5511,40983,9019,5344,3675,23777,4206,19571,8187,1410,6777,37,195,2021
"Burleigh County, North Dakota",98933,97088,48942,12465,2697,9768,29095,2206,26889,7382,325,7057,48146,11477,2998,8479,27989,3733,24256,8680,441,8239,38,015,2021
"Cass County, North Dakota",186562,184611,92451,21713,3884,17829,59986,1998,57988,10752,431,10321,92160,23698,5104,18594,55865,5559,50306,12597,1233,11364,38,017,2021
"Grand Forks County, North Dakota",72705,69661,34591,8778,2225,6553,21651,1207,20444,4162,397,3765,35070,8885,1804,7081,21269,3125,18144,4916,228,4688,38,035,2021
"Ward County, North Dakota",69071,63048,31804,9244,902,8342,18480,803,17677,4080,260,3820,31244,8420,2049,6371,18120,1295,16825,4704,295,4409,38,101,2021
"Allen County, Ohio",101670,98651,48852,13008,6478,6530,27941,5126,22815,7903,595,7308,49799,11660,5373,6287,27766,8804,18962,10373,1298,9075,39,003,2021
"Ashtabula County, Ohio",97337,94383,46925,11650,5515,6135,26460,4836,21624,8815,524,8291,47458,10980,3727,7253,26403,7160,19243,10075,851,9224,39,007,2021
"Belmont County, Ohio",65849,62369,31005,6638,3152,3486,18047,3663,14384,6320,832,5488,31364,6184,3047,3137,17836,4562,13274,7344,539,6805,39,013,2021
"Butler County, Ohio",390234,386573,189674,48980,14939,34041,114524,15757,98767,26170,2836,23334,196899,48541,15618,32923,115965,19034,96931,32393,2621,29772,39,017,2021
"Clark County, Ohio",135633,134106,65548,16453,7768,8685,37371,6641,30730,11724,2106,9618,68558,15750,7356,8394,38869,10403,28466,13939,1869,12070,39,023,2021
"Clermont County, Ohio",209642,208478,103435,26193,7363,18830,60906,7811,53095,16336,915,15421,105043,23022,7679,15343,62178,11857,50321,19843,1221,18622,39,025,2021
"Columbiana County, Ohio",101310,98978,49754,10914,4799,6115,28990,6365,22625,9850,1013,8837,49224,10966,4704,6262,27273,8113,19160,10985,1085,9900,39,029,2021
"Cuyahoga County, Ohio",1249387,1234798,592410,137725,62569,75156,354398,69426,284972,100287,13185,87102,642388,131383,58607,72776,381028,102561,278467,129977,17849,112128,39,035,2021
"Delaware County, Ohio",220740,220064,109874,30175,4216,25959,64340,3857,60483,15359,781,14578,110190,28664,3390,25274,64460,4385,60075,17066,810,16256,39,041,2021
"Erie County, Ohio",74852,73736,36036,8553,2689,5864,19973,3161,16812,7510,324,7186,37700,7208,2984,4224,20918,4394,16524,9574,591,8983,39,043,2021
"Fairfield County, Ohio",161064,158211,78125,20744,6131,14613,46356,4336,42020,11025,1362,9663,80086,20041,5836,14205,46468,6108,40360,13577,1785,11792,39,045,2021
"Franklin County, Ohio",1321414,1314080,644605,164717,62798,101919,407840,52547,355293,72048,8423,63625,669475,159147,66318,92829,417932,82679,335253,92396,13285,79111,39,049,2021
"Geauga County, Ohio",95565,94852,47570,11830,1399,10431,26278,1428,24850,9462,621,8841,47282,10876,1191,9685,25687,2051,23636,10719,655,10064,39,055,2021
"Greene County, Ohio",168412,164005,81424,19381,5140,14241,47799,4558,43241,14244,390,13854,82581,18559,4124,14435,47849,5745,42104,16173,2098,14075,39,057,2021
"Hamilton County, Ohio",826139,815618,395588,102072,40555,61517,238307,33955,204352,55209,6135,49074,420030,98736,37488,61248,250242,52151,198091,71052,8054,62998,39,061,2021
"Hancock County, Ohio",74656,74057,36531,8634,3115,5519,21808,2404,19404,6089,414,5675,37526,8206,3236,4970,21712,4286,17426,7608,1193,6415,39,063,2021
"Lake County, Ohio",232023,230455,113750,25370,7900,17470,66886,5205,61681,21494,1584,19910,116705,22345,5411,16934,67830,9199,58631,26530,1948,24582,39,085,2021
"Licking County, Ohio",180401,179051,88662,22664,7220,15444,51896,7485,44411,14102,794,13308,90389,21026,7027,13999,53044,9921,43123,16319,1082,15237,39,089,2021
"Lorain County, Ohio",315595,310261,152493,38902,15450,23452,87079,10480,76599,26512,2513,23999,157768,34364,13547,20817,91040,19750,71290,32364,2972,29392,39,093,2021
"Lucas County, Ohio",429191,424378,205355,52471,23487,28984,121177,23150,98027,31707,2968,28739,219023,51384,22664,28720,128247,33722,94525,39392,4529,34863,39,095,2021
"Mahoning County, Ohio",226762,222657,109449,24626,12410,12216,63443,15985,47458,21380,1776,19604,113208,23578,12666,10912,63461,19447,44014,26169,3472,22697,39,099,2021
"Marion County, Ohio",65291,59753,29582,7516,4274,3242,16846,3588,13258,5220,441,4779,30171,6907,3191,3716,16554,5147,11407,6710,1119,5591,39,101,2021
"Medina County, Ohio",183092,181808,90718,21194,3792,17402,53536,4120,49416,15988,793,15195,91090,20827,4460,16367,52262,6345,45917,18001,684,17317,39,103,2021
"Miami County, Ohio",109264,108350,54234,13838,5229,8609,30766,3560,27206,9630,708,8922,54116,12404,3945,8459,30297,4426,25871,11415,1100,10315,39,109,2021
"Montgomery County, Ohio",535840,527361,253911,64669,28661,36008,148157,22710,125447,41085,4248,36837,273450,62802,27878,34924,156614,36645,119969,54034,5605,48429,39,113,2021
"Muskingum County, Ohio",86408,85598,41880,9779,5420,4359,25331,6170,19161,6770,432,6338,43718,10573,5700,4873,24893,7931,16962,8252,1038,7214,39,119,2021
"Portage County, Ohio",162382,161456,79567,17560,6487,11073,48660,6228,42432,13347,2084,11263,81889,17828,4448,13380,48688,8902,39786,15373,967,14406,39,133,2021
"Richland County, Ohio",125195,118553,57638,14409,6033,8376,32715,5923,26792,10514,801,9713,60915,14080,5567,8513,33240,7339,25901,13595,2055,11540,39,139,2021
"Ross County, Ohio",76891,71426,35388,8701,3863,4838,20919,5046,15873,5768,573,5195,36038,7998,4371,3627,20924,6407,14517,7116,937,6179,39,141,2021
"Scioto County, Ohio",73346,70534,34187,8884,4949,3935,19419,5688,13731,5884,546,5338,36347,8181,4329,3852,20965,7688,13277,7201,1104,6097,39,145,2021
"Stark County, Ohio",373834,368911,180376,43289,17659,25630,103624,15221,88403,33463,2130,31333,188535,42232,18835,23397,106527,24333,82194,39776,3619,36157,39,151,2021
"Summit County, Ohio",537633,532588,258449,59569,24287,35282,154557,25759,128798,44323,4007,40316,274139,58499,24543,33956,160200,34989,125211,55440,6883,48557,39,153,2021
"Trumbull County, Ohio",201335,197989,96672,22630,10116,12514,54364,11896,42468,19678,1135,18543,101317,21264,10367,10897,56279,18068,38211,23774,3199,20575,39,155,2021
"Tuscarawas County, Ohio",92500,91667,45777,12050,3782,8268,25760,3898,21862,7967,730,7237,45890,10123,3768,6355,26050,6699,19351,9717,1352,8365,39,157,2021
"Warren County, Ohio",246553,237650,116170,30681,5483,25198,68564,3778,64786,16925,706,16219,121480,31395,5560,25835,70197,7965,62232,19888,758,19130,39,165,2021
"Wayne County, Ohio",116710,115652,57477,14700,3668,11032,33068,3231,29837,9709,318,9391,58175,14525,2823,11702,32151,3966,28185,11499,849,10650,39,169,2021
"Wood County, Ohio",132472,131404,64967,14863,2840,12023,40541,3975,36566,9563,406,9157,66437,14799,3944,10855,40459,5381,35078,11179,1248,9931,39,173,2021
"Canadian County, Oklahoma",161737,158827,77641,21756,6475,15281,45916,3626,42290,9969,1075,8894,81186,22218,8263,13955,46363,3973,42390,12605,779,11826,40,017,2021
"Cleveland County, Oklahoma",297597,290763,143094,34962,13480,21482,88980,6269,82711,19152,1491,17661,147669,32470,12602,19868,92263,9698,82565,22936,2403,20533,40,027,2021
"Comanche County, Oklahoma",122063,108707,52627,16027,6466,9561,29602,2799,26803,6998,390,6608,56080,14449,5849,8600,32940,4639,28301,8691,1284,7407,40,031,2021
"Creek County, Oklahoma",72029,71313,35704,9142,4700,4442,20736,2050,18686,5826,203,5623,35609,8428,3634,4794,20048,2391,17657,7133,353,6780,40,037,2021
"Muskogee County, Oklahoma",66146,63497,31107,8784,5918,2866,17263,2596,14667,5060,487,4573,32390,8182,4179,4003,18445,3248,15197,5763,590,5173,40,101,2021
"Oklahoma County, Oklahoma",798575,786282,383212,107334,56344,50990,226064,19320,206744,49814,4487,45327,403070,103916,49532,54384,236839,31179,205660,62315,5725,56590,40,109,2021
"Payne County, Oklahoma",81989,80841,41079,8957,4108,4849,27372,1393,25979,4750,540,4210,39762,9749,3205,6544,23867,3293,20574,6146,363,5783,40,119,2021
"Pottawatomie County, Oklahoma",73019,70936,35900,9755,4188,5567,20684,2515,18169,5461,297,5164,35036,8057,2795,5262,20488,3000,17488,6491,566,5925,40,125,2021
"Rogers County, Oklahoma",96695,95759,48099,12337,4126,8211,28274,1545,26729,7488,194,7294,47660,11231,5040,6191,27968,2527,25441,8461,671,7790,40,131,2021
"Tulsa County, Oklahoma",672858,667901,327656,90647,40639,50008,193320,13966,179354,43689,3758,39931,340245,86660,41304,45356,198182,20429,177753,55403,5920,49483,40,143,2021
"Wagoner County, Oklahoma",84050,83736,41466,10631,4135,6496,24244,1173,23071,6591,445,6146,42270,10385,4556,5829,24497,2335,22162,7388,486,6902,40,145,2021
"Benton County, Oregon",96017,95832,48016,9003,3075,5928,31166,3314,27852,7847,754,7093,47816,9052,2095,6957,29581,5261,24320,9183,1231,7952,41,003,2021
"Clackamas County, Oregon",422537,420799,209454,48959,12655,36304,124112,17577,106535,36383,3393,32990,211345,44046,11216,32830,123910,21030,102880,43389,3671,39718,41,005,2021
"Deschutes County, Oregon",204801,204317,102967,21418,8179,13239,61235,10500,50735,20314,1065,19249,101350,19444,7411,12033,59984,10580,49404,21922,2067,19855,41,017,2021
"Douglas County, Oregon",111978,111150,55181,11491,6428,5063,29918,8168,21750,13772,1128,12644,55969,11039,5218,5821,29497,11438,18059,15433,1585,13848,41,019,2021
"Jackson County, Oregon",223734,222583,108404,23959,11758,12201,61478,13044,48434,22967,1824,21143,114179,24131,12621,11510,62393,19279,43114,27655,3519,24136,41,029,2021
"Josephine County, Oregon",88346,87703,43214,9935,5706,4229,22260,7132,15128,11019,1076,9943,44489,8112,5023,3089,23705,9866,13839,12672,1915,10757,41,033,2021
"Klamath County, Oregon",70164,68763,35299,9638,5739,3899,18274,5329,12945,7387,1158,6229,33464,6703,4549,2154,19210,5535,13675,7551,1535,6016,41,035,2021
"Lane County, Oregon",383189,381666,187795,37695,18618,19077,114176,28027,86149,35924,2950,32974,193871,36846,16801,20045,115064,28505,86559,41961,4857,37104,41,039,2021
"Linn County, Oregon",129839,129111,65099,16261,8343,7918,37090,6648,30442,11748,1432,10316,64012,14081,5498,8583,37065,9522,27543,12866,1746,11120,41,043,2021
"Marion County, Oregon",347119,340229,168733,44689,21118,23571,98674,20577,78097,25370,2946,22424,171496,42872,19884,22988,98494,25784,72710,30130,5665,24465,41,047,2021
"Multnomah County, Oregon",803377,798712,396716,78178,30179,47999,267173,50287,216886,51365,8646,42719,401996,75189,31157,44032,264878,55628,209250,61929,10888,51041,41,051,2021
"Polk County, Oregon",89164,88827,44950,12335,4675,7660,25095,3877,21218,7520,1081,6439,43877,9820,3868,5952,25089,6384,18705,8968,1367,7601,41,053,2021
"Umatilla County, Oregon",79988,75698,37887,11412,6484,4928,20422,4234,16188,6053,630,5423,37811,10108,4608,5500,20581,6817,13764,7122,692,6430,41,059,2021
"Washington County, Oregon",600811,597143,298144,71029,19852,51177,189554,24456,165098,37561,3242,34319,298999,67341,21859,45482,183978,28518,155460,47680,5938,41742,41,067,2021
"Yamhill County, Oregon",108239,105764,52024,13032,4666,8366,30127,4248,25879,8865,1343,7522,53740,12349,4190,8159,30554,7117,23437,10837,1468,9369,41,071,2021
"Adams County, Pennsylvania",104127,103063,51390,11164,3506,7658,29610,3122,26488,10616,508,10108,51673,10498,3559,6939,29408,4193,25215,11767,1513,10254,42,001,2021
"Allegheny County, Pennsylvania",1238090,1226020,596990,126277,42254,84023,367428,48522,318906,103285,10231,93054,629030,122733,42508,80225,372291,62732,309559,134006,18306,115700,42,003,2021
"Armstrong County, Pennsylvania",65093,64609,32429,6539,3201,3338,18901,3011,15890,6989,955,6034,32180,6159,2103,4056,18066,4484,13582,7955,1639,6316,42,005,2021
"Beaver County, Pennsylvania",166624,164996,81065,18112,6888,11224,46856,6474,40382,16097,2049,14048,83931,16058,5984,10074,47650,8763,38887,20223,3130,17093,42,007,2021
"Berks County, Pennsylvania",429342,425232,211648,52512,23075,29437,124871,19384,105487,34265,3896,30369,213584,48967,22882,26085,124848,24767,100081,39769,5025,34744,42,011,2021
"Blair County, Pennsylvania",121767,119902,58779,13861,4900,8961,33678,6010,27668,11240,1483,9757,61123,13200,4830,8370,34289,7626,26663,13634,2471,11163,42,013,2021
"Bucks County, Pennsylvania",646098,639930,316855,71043,17638,53405,188233,18337,169896,57579,4902,52677,323075,67082,17976,49106,188927,20766,168161,67066,7185,59881,42,017,2021
"Butler County, Pennsylvania",194273,192257,95893,20910,5259,15651,57232,5996,51236,17751,1271,16480,96364,19828,4589,15239,56257,7346,48911,20279,1637,18642,42,019,2021
"Cambria County, Pennsylvania",132167,129101,64210,14354,6105,8249,35906,6421,29485,13950,2527,11423,64891,12749,6082,6667,35821,8946,26875,16321,2292,14029,42,021,2021
"Carbon County, Pennsylvania",65412,64498,31498,6338,3076,3262,18652,3781,14871,6508,750,5758,33000,7607,4764,2843,18287,5417,12870,7106,880,6226,42,025,2021
"Centre County, Pennsylvania",157527,152091,77575,14231,3101,11130,52144,4136,48008,11200,1191,10009,74516,14684,2527,12157,47280,6504,40776,12552,1562,10990,42,027,2021
"Chester County, Pennsylvania",538649,534283,264833,65238,13864,51374,158245,13075,145170,41350,3164,38186,269450,62294,13514,48780,158465,13047,145418,48691,4202,44489,42,029,2021
"Clearfield County, Pennsylvania",80082,74647,37394,8091,3603,4488,21627,5380,16247,7676,988,6688,37253,7746,4242,3504,20450,5729,14721,9057,1427,7630,42,033,2021
"Crawford County, Pennsylvania",83351,81637,40815,9220,4103,5117,23301,4815,18486,8294,609,7685,40822,8158,3748,4410,23067,5946,17121,9597,1599,7998,42,039,2021
"Cumberland County, Pennsylvania",262919,256790,126757,31052,8115,22937,74187,5963,68224,21518,1201,20317,130033,28332,6678,21654,74701,9492,65209,27000,2323,24677,42,041,2021
"Dauphin County, Pennsylvania",287400,283327,138561,35201,16926,18275,81374,12065,69309,21986,1685,20301,144766,33183,13484,19699,84004,18237,65767,27579,4048,23531,42,043,2021
"Delaware County, Pennsylvania",573849,567268,273501,69146,23573,45573,162999,21779,141220,41356,4036,37320,293767,67219,24891,42328,173274,32660,140614,53274,7139,46135,42,045,2021
"Erie County, Pennsylvania",269011,261880,126935,29434,13449,15985,74911,14706,60205,22590,2807,19783,134945,30169,15379,14790,77924,19676,58248,26852,3566,23286,42,049,2021
"Fayette County, Pennsylvania",126931,123281,60855,13359,6637,6722,35385,8658,26727,12111,1578,10533,62426,12057,5129,6928,35454,9885,25569,14915,2827,12088,42,051,2021
"Franklin County, Pennsylvania",156289,154998,76774,18731,5114,13617,44223,4947,39276,13820,486,13334,78224,17115,5264,11851,44251,6021,38230,16858,1210,15648,42,055,2021
"Indiana County, Pennsylvania",82886,81544,40305,8909,3831,5078,23594,5255,18339,7802,1293,6509,41239,8530,3293,5237,23885,4645,19240,8824,1179,7645,42,063,2021
"Lackawanna County, Pennsylvania",215663,212477,103965,24515,9355,15160,60598,10399,50199,18852,2596,16256,108512,22234,7832,14402,63251,14997,48254,23027,3885,19142,42,069,2021
"Lancaster County, Pennsylvania",553652,547808,271027,70147,25024,45123,154158,16222,137936,46722,3772,42950,276781,66111,22734,43377,156377,24164,132213,54293,5749,48544,42,071,2021
"Lawrence County, Pennsylvania",85497,84789,41302,8952,3713,5239,23857,3986,19871,8493,1097,7396,43487,9290,4089,5201,23740,5401,18339,10457,1519,8938,42,073,2021
"Lebanon County, Pennsylvania",143493,141168,70422,18120,6806,11314,39722,5674,34048,12580,1458,11122,70746,16081,4818,11263,39630,6826,32804,15035,2392,12643,42,075,2021
"Lehigh County, Pennsylvania",375539,371264,181939,45502,18717,26785,108664,14313,94351,27773,3568,24205,189325,44620,16300,28320,110770,22110,88660,33935,5297,28638,42,077,2021
"Luzerne County, Pennsylvania",326053,319212,157867,35023,17430,17593,95260,18631,76629,27584,3442,24142,161345,34102,16683,17419,93269,19958,73311,33974,4589,29385,42,079,2021
"Lycoming County, Pennsylvania",113605,110561,55299,12843,5369,7474,32559,4956,27603,9897,1217,8680,55262,11632,4923,6709,31718,7895,23823,11912,1146,10766,42,081,2021
"Mercer County, Pennsylvania",109972,106581,51269,10586,3303,7283,29724,5807,23917,10959,767,10192,55312,11409,4321,7088,30870,7492,23378,13033,1713,11320,42,085,2021
"Monroe County, Pennsylvania",169273,168277,85680,18725,7065,11660,51716,7341,44375,15239,1048,14191,82597,15592,6244,9348,51216,12400,38816,15789,2004,13785,42,089,2021
"Montgomery County, Pennsylvania",860578,846525,412523,98274,21947,76327,247217,21467,225750,67032,5111,61921,434002,94112,21187,72925,255359,24339,231020,84531,7964,76567,42,091,2021
"Northampton County, Pennsylvania",313628,310488,153468,33630,9604,24026,92778,9460,83318,27060,2119,24941,157020,33317,10002,23315,90486,15701,74785,33217,3383,29834,42,095,2021
"Northumberland County, Pennsylvania",91266,87676,43254,9854,3668,6186,24538,4900,19638,8862,1141,7721,44422,9087,3713,5374,25076,5701,19375,10259,1486,8773,42,097,2021
"Philadelphia County, Pennsylvania",1576251,1561969,740101,182905,107719,75186,466568,107947,358621,90628,22619,68009,821868,179469,107063,72406,511798,151126,360672,130601,35209,95392,42,101,2021
"Schuylkill County, Pennsylvania",143264,135835,67215,15328,7339,7989,39336,5893,33443,12551,1052,11499,68620,14890,6147,8743,38264,9837,28427,15466,1866,13600,42,107,2021
"Somerset County, Pennsylvania",73627,69035,34570,7512,3386,4126,19412,3704,15708,7646,631,7015,34465,6760,2186,4574,18834,3691,15143,8871,837,8034,42,111,2021
"Washington County, Pennsylvania",209470,207594,101890,22187,8230,13957,59972,7179,52793,19731,1326,18405,105704,22121,6236,15885,60284,10544,49740,23299,1974,21325,42,125,2021
"Westmoreland County, Pennsylvania",353057,349633,172855,34356,12821,21535,101335,15399,85936,37164,3328,33836,176778,33851,14045,19806,98702,19959,78743,44225,4645,39580,42,129,2021
"York County, Pennsylvania",458696,454456,226060,54694,20830,33864,133477,14541,118936,37889,3782,34107,228396,50854,16423,34431,133421,20265,113156,44121,4955,39166,42,133,2021
"Kent County, Rhode Island",170715,169651,82698,17545,4344,13201,50500,8284,42216,14653,2200,12453,86953,16419,4165,12254,52389,7653,44736,18145,2677,15468,44,003,2021
"Newport County, Rhode Island",85264,81714,39553,8139,2033,6106,22227,3007,19220,9187,1284,7903,42161,7444,1851,5593,23403,3625,19778,11314,1918,9396,44,005,2021
"Providence County, Rhode Island",658221,649420,318013,73295,35872,37423,200468,43444,157024,44250,7412,36838,331407,70187,33396,36791,204875,58227,146648,56345,10921,45424,44,007,2021
"Washington County, Rhode Island",130592,129425,62438,11608,3694,7914,37354,4816,32538,13476,912,12564,66987,11899,2290,9609,39538,6254,33284,15550,1602,13948,44,009,2021
"Aiken County, South Carolina",170776,169256,82350,21196,9986,11210,45473,3014,42459,15681,1638,14043,86906,18883,8712,10171,48742,6667,42075,19281,1829,17452,45,003,2021
"Anderson County, South Carolina",206908,205760,99494,25721,13738,11983,57086,4847,52239,16687,1911,14776,106266,24289,12554,11735,61276,9292,51984,20701,2691,18010,45,007,2021
"Beaufort County, South Carolina",191748,182183,85856,17466,6285,11181,42491,2621,39870,25899,2028,23871,96327,18941,6665,12276,48412,5458,42954,28974,2349,26625,45,013,2021
"Berkeley County, South Carolina",236701,228332,109757,29862,12743,17119,64000,4606,59394,15895,1396,14499,118575,29545,12220,17325,70621,9748,60873,18409,2250,16159,45,015,2021
"Charleston County, South Carolina",413024,408329,195747,42424,13785,28639,121608,8132,113476,31715,2796,28919,212582,41676,15432,26244,130587,13193,117394,40319,4648,35671,45,019,2021
"Dorchester County, South Carolina",163327,160602,77442,20618,7964,12654,46141,2142,43999,10683,776,9907,83160,20133,5629,14504,49747,6645,43102,13280,1659,11621,45,035,2021
"Florence County, South Carolina",136504,134842,62572,17528,6030,11498,34851,5138,29713,10193,1842,8351,72270,16459,7152,9307,42066,9897,32169,13745,3065,10680,45,041,2021
"Greenville County, South Carolina",533834,529563,256785,65755,25054,40701,152465,11201,141264,38565,3781,34784,272778,63176,24270,38906,161585,20972,140613,48017,4587,43430,45,045,2021
"Greenwood County, South Carolina",69241,68603,31975,7958,2451,5507,18037,911,17126,5980,550,5430,36628,8945,2744,6201,20453,2752,17701,7230,770,6460,45,047,2021
"Horry County, South Carolina",365579,364129,176484,34633,19491,15142,97336,10293,87043,44515,4148,40367,187645,32467,18404,14063,105036,18117,86919,50142,5235,44907,45,051,2021
"Kershaw County, South Carolina",66130,65486,31955,8448,4155,4293,17943,771,17172,5564,1015,4549,33531,7853,2940,4913,19044,2757,16287,6634,830,5804,45,055,2021
"Lancaster County, South Carolina",100336,98946,49556,13549,5987,7562,26459,2423,24036,9548,324,9224,49390,9369,3152,6217,28363,4132,24231,11658,210,11448,45,057,2021
"Laurens County, South Carolina",67803,66751,32582,7688,4221,3467,19547,2535,17012,5347,473,4874,34169,7605,4652,2953,19836,2779,17057,6728,603,6125,45,059,2021
"Lexington County, South Carolina",300137,297674,145326,36964,15699,21265,86112,7016,79096,22250,2171,20079,152348,35253,15610,19643,90150,11407,78743,26945,2887,24058,45,063,2021
"Oconee County, South Carolina",79203,78680,38066,7376,4602,2774,21684,2523,19161,9006,248,8758,40614,8214,5339,2875,22451,3824,18627,9949,1056,8893,45,073,2021
"Orangeburg County, South Carolina",82962,82462,38059,9244,6744,2500,21210,3191,18019,7605,2815,4790,44403,10502,6659,3843,24376,5380,18996,9525,3585,5940,45,075,2021
"Pickens County, South Carolina",132229,131429,66087,14901,5104,9797,40805,4051,36754,10381,415,9966,65342,14235,5719,8516,39442,5914,33528,11665,1520,10145,45,077,2021
"Richland County, South Carolina",418307,400296,191112,50775,21715,29060,116653,12102,104551,23684,2797,20887,209184,47677,20506,27171,129405,20429,108976,32102,5427,26675,45,079,2021
"Spartanburg County, South Carolina",335864,331360,160306,41537,16144,25393,94758,8402,86356,24011,2276,21735,171054,40814,16950,23864,100918,14348,86570,29322,3944,25378,45,083,2021
"Sumter County, South Carolina",104758,99544,46683,13375,6898,6477,25855,4274,21581,7453,2017,5436,52861,13190,8215,4975,29398,7232,22166,10273,2881,7392,45,085,2021
"York County, South Carolina",288595,286792,137485,35695,12168,23527,83131,7371,75760,18659,2103,16556,149307,36233,13262,22971,88917,10728,78189,24157,2348,21809,45,091,2021
"Lincoln County, South Dakota",67870,67643,33106,9644,2095,7549,19142,313,18829,4320,74,4246,34537,9868,995,8873,19639,448,19191,5030,48,4982,46,083,2021
"Minnehaha County, South Dakota",199685,196085,98249,26283,8226,18057,59303,2027,57276,12663,1232,11431,97836,25753,8018,17735,57614,4263,53351,14469,1267,13202,46,099,2021
"Pennington County, South Dakota",111806,109053,55189,14298,5186,9112,30502,2072,28430,10389,1757,8632,53864,11972,3360,8612,30837,3093,27744,11055,1933,9122,46,103,2021
"Anderson County, Tennessee",77576,76370,37977,9324,3458,5866,21451,1680,19771,7202,1012,6190,38393,8050,3469,4581,21946,3562,18384,8397,907,7490,47,001,2021
"Blount County, Tennessee",137605,136597,66282,14981,7530,7451,38480,2516,35964,12821,1355,11466,70315,14259,5928,8331,40504,6801,33703,15552,884,14668,47,009,2021
"Bradley County, Tennessee",110162,109267,53470,13109,6802,6307,32134,3009,29125,8227,1176,7051,55797,12191,6465,5726,33139,4770,28369,10467,2010,8457,47,011,2021
"Davidson County, Tennessee",703953,696196,335032,75508,32254,43254,220014,16733,203281,39510,4677,34833,361164,74747,31094,43653,234937,29366,205571,51480,7166,44314,47,037,2021
"Greene County, Tennessee",70621,69644,34612,7202,3905,3297,20456,3499,16957,6954,636,6318,35032,6519,2552,3967,20017,5057,14960,8496,1197,7299,47,059,2021
"Hamilton County, Tennessee",369135,365415,176910,42028,14474,27554,106357,7367,98990,28525,3390,25135,188505,39585,15076,24509,112193,11310,100883,36727,4998,31729,47,065,2021
"Knox County, Tennessee",486677,483561,236046,54707,18516,36191,146516,14040,132476,34823,2612,32211,247515,53856,17439,36417,150937,18836,132101,42722,3416,39306,47,093,2021
"Madison County, Tennessee",98775,97260,45154,11582,5254,6328,26162,4411,21751,7410,1098,6312,52106,12250,5834,6416,30435,6755,23680,9421,1353,8068,47,113,2021
"Maury County, Tennessee",104760,103803,49677,11911,4445,7466,30014,1806,28208,7752,745,7007,54126,13150,4418,8732,31646,4831,26815,9330,879,8451,47,119,2021
"Montgomery County, Tennessee",227900,213272,101107,32183,12195,19988,59124,7010,52114,9800,608,9192,112165,31201,8972,22229,69231,11613,57618,11733,1610,10123,47,125,2021
"Putnam County, Tennessee",81188,80404,39484,8632,3329,5303,24475,1892,22583,6377,322,6055,40920,8737,2649,6088,24929,4230,20699,7254,1052,6202,47,141,2021
"Robertson County, Tennessee",74098,73449,36520,9637,4661,4976,21638,1770,19868,5245,768,4477,36929,8628,2502,6126,22093,3164,18929,6208,673,5535,47,147,2021
"Rutherford County, Tennessee",352182,350596,173955,47495,17733,29762,109299,7198,102101,17161,2389,14772,176641,43870,13145,30725,111192,12538,98654,21579,2826,18753,47,149,2021
"Sevier County, Tennessee",99517,98552,48809,11575,6071,5504,27970,2692,25278,9264,332,8932,49743,9902,5501,4401,29303,5097,24206,10538,1971,8567,47,155,2021
"Shelby County, Tennessee",924454,912516,430269,122802,54813,67989,251824,27399,224425,55643,8806,46837,482247,119700,54333,65367,286054,52412,233642,76493,15672,60821,47,157,2021
"Sullivan County, Tennessee",159265,156766,76195,16268,8685,7583,44063,6217,37846,15864,2153,13711,80571,15402,7925,7477,45993,10476,35517,19176,2718,16458,47,163,2021
"Sumner County, Tennessee",200557,199120,97857,25568,8859,16709,57625,5197,52428,14664,1599,13065,101263,23601,7710,15891,59783,8436,51347,17879,2527,15352,47,165,2021
"Washington County, Tennessee",134236,132563,65087,14367,4550,9817,39153,5849,33304,11567,1421,10146,67476,12832,5343,7489,41494,5882,35612,13150,2057,11093,47,179,2021
"Williamson County, Tennessee",255735,255305,125323,36612,4524,32088,72177,3330,68847,16534,1167,15367,129982,34155,3619,30536,76124,4195,71929,19703,1588,18115,47,187,2021
"Wilson County, Tennessee",151917,150860,75901,20240,4180,16060,44553,2412,42141,11108,770,10338,74959,17089,3218,13871,44883,4972,39911,12987,1112,11875,47,189,2021
"Angelina County, Texas",86506,84745,41970,12371,7076,5295,22938,2439,20499,6661,667,5994,42775,10582,5751,4831,24003,5365,18638,8190,1771,6419,48,005,2021
"Bastrop County, Texas",102058,99945,51591,13567,3047,10520,29882,1498,28384,8142,1314,6828,48354,12518,2995,9523,27208,2673,24535,8628,979,7649,48,021,2021
"Bell County, Texas",379617,353278,167761,55772,20167,35605,93147,8360,84787,18842,2578,16264,185517,53282,18150,35132,108866,12942,95924,23369,3009,20360,48,027,2021
"Bexar County, Texas",2028236,1986325,976445,273315,116529,156786,592896,42912,549984,110234,15455,94779,1009880,261271,113920,147351,607811,67470,540341,140798,22381,118417,48,029,2021
"Bowie County, Texas",92581,87077,41711,12321,4121,8200,22991,2448,20543,6399,429,5970,45366,11618,3235,8383,25326,3170,22156,8422,901,7521,48,037,2021
"Brazoria County, Texas",379689,367093,180159,52058,12029,40029,106469,5161,101308,21632,3974,17658,186934,50616,14480,36136,111324,9222,102102,24994,4494,20500,48,039,2021
"Brazos County, Texas",237032,232014,115253,27452,12534,14918,76764,2751,74013,11037,1110,9927,116761,28461,9987,18474,75665,6195,69470,12635,2097,10538,48,041,2021
"Cameron County, Texas",423029,421819,207202,67099,37572,29527,114065,9896,104169,26038,5806,20232,214617,63330,34622,28708,118993,12476,106517,32294,9307,22987,48,061,2021
"Collin County, Texas",1109462,1106407,548510,149873,25334,124539,342652,9642,333010,55985,3192,52793,557897,143872,22232,121640,345090,16154,328936,68935,5664,63271,48,085,2021
"Comal County, Texas",174986,173173,86420,21196,5359,15837,50378,2464,47914,14846,1809,13037,86753,19623,4146,15477,50595,2220,48375,16535,1074,15461,48,091,2021
"Coryell County, Texas",84232,62983,27177,9517,2995,6522,13880,1149,12731,3780,357,3423,35806,9898,3095,6803,21076,2350,18726,4832,349,4483,48,099,2021
"Dallas County, Texas",2586050,2568451,1268240,353249,152700,200549,785592,49584,736008,129399,16091,113308,1300211,337738,154380,183358,798608,76659,721949,163865,23807,140058,48,113,2021
"Denton County, Texas",941647,938213,462925,120151,22677,97474,296377,9903,286474,46397,2406,43991,475288,115360,21043,94317,303415,19025,284390,56513,4554,51959,48,121,2021
"Ector County, Texas",161091,159726,82667,27065,8862,18203,48029,2143,45886,7573,1543,6030,77059,23336,6595,16741,45069,3894,41175,8654,1335,7319,48,135,2021
"Ellis County, Texas",202678,201531,100140,29229,7706,21523,58442,2621,55821,12469,904,11565,101391,26856,5537,21319,60579,3742,56837,13956,1135,12821,48,139,2021
"El Paso County, Texas",867947,842081,408999,124339,60773,63566,237845,19516,218329,46815,10695,36120,433082,120715,56378,64337,249761,31122,218639,62606,18999,43607,48,141,2021
"Fort Bend County, Texas",858527,853228,418819,124492,30907,93585,246641,11780,234861,47686,5891,41795,434409,117093,24370,92723,262034,17921,244113,55282,10414,44868,48,157,2021
"Galveston County, Texas",355062,350177,170896,44755,12819,31936,101574,4252,97322,24567,1581,22986,179281,44674,14225,30449,106457,5163,101294,28150,3472,24678,48,167,2021
"Grayson County, Texas",139336,138594,68233,18170,5526,12644,38515,2922,35593,11548,1131,10417,70361,16657,6155,10502,39879,4600,35279,13825,1209,12616,48,181,2021
"Gregg County, Texas",124201,122313,59021,17128,8648,8480,33796,2340,31456,8097,1174,6923,63292,16490,7575,8915,36327,4679,31648,10475,1095,9380,48,183,2021
"Guadalupe County, Texas",177036,174256,85231,22889,6941,15948,50541,3290,47251,11801,1713,10088,89025,22706,6924,15782,52658,5933,46725,13661,2278,11383,48,187,2021
"Harris County, Texas",4728030,4699541,2330945,660692,281112,379580,1430376,97087,1333289,239877,34899,204978,2368596,636304,294272,342032,1439825,164649,1275176,292467,50649,241818,48,201,2021
"Harrison County, Texas",69150,68440,33879,10148,4525,5623,18088,2013,16075,5643,672,4971,34561,8621,2653,5968,19432,3836,15596,6508,1086,5422,48,203,2021
"Hays County, Texas",255397,253110,124777,31789,9599,22190,79241,4504,74737,13747,1183,12564,128333,31742,11929,19813,80641,6975,73666,15950,960,14990,48,209,2021
"Henderson County, Texas",83667,82806,40358,9902,5406,4496,21833,2594,19239,8623,1480,7143,42448,8969,4408,4561,23498,3989,19509,9981,1583,8398,48,213,2021
"Hidalgo County, Texas",880356,873479,427757,150805,91918,58887,233192,21987,211205,43760,16034,27726,445722,145549,88284,57265,245113,28307,216806,55060,18712,36348,48,215,2021
"Hunt County, Texas",103394,102681,49994,12469,5690,6779,30006,2861,27145,7519,887,6632,52687,13704,4300,9404,30317,3418,26899,8666,1280,7386,48,231,2021
"Jefferson County, Texas",253704,239552,118188,33835,17889,15946,67434,5467,61967,16919,1472,15447,121364,32069,15830,16239,68495,7997,60498,20800,1532,19268,48,245,2021
"Johnson County, Texas",187280,184672,92153,25881,4688,21193,54800,2482,52318,11472,967,10505,92519,24666,6032,18634,54695,3647,51048,13158,857,12301,48,251,2021
"Kaufman County, Texas",157768,156769,77058,23335,4562,18773,45597,2736,42861,8126,1002,7124,79711,23462,5220,18242,46467,3337,43130,9782,1640,8142,48,257,2021
"Liberty County, Texas",97621,92919,45004,15421,6974,8447,23144,926,22218,6439,323,6116,47915,15333,5645,9688,25146,2890,22256,7436,939,6497,48,291,2021
"Lubbock County, Texas",314451,310430,151741,42632,15132,27500,91668,5188,86480,17441,1582,15859,158689,40423,12993,27430,95621,11459,84162,22645,3269,19376,48,303,2021
"McLennan County, Texas",263115,258620,125672,35948,11801,24147,72686,5044,67642,17038,1843,15195,132948,34327,11947,22380,77466,6652,70814,21155,2147,19008,48,309,2021
"Midland County, Texas",167969,166728,83240,23978,4423,19555,51894,2258,49636,7368,661,6707,83488,25255,6078,19177,48964,3459,45505,9269,897,8372,48,329,2021
"Montgomery County, Texas",648886,646823,321323,91480,28428,63052,189570,8082,181488,40273,2836,37437,325500,86453,22577,63876,190678,12887,177791,48369,4404,43965,48,339,2021
"Nueces County, Texas",353079,347068,170009,46466,20237,26229,99396,8645,90751,24147,2716,21431,177059,44288,19480,24808,103776,11372,92404,28995,4688,24307,48,355,2021
"Orange County, Texas",84742,84196,42198,11958,4735,7223,24438,943,23495,5802,534,5268,41998,10737,4421,6316,23791,2460,21331,7470,969,6501,48,361,2021
"Parker County, Texas",156764,155704,78113,21105,3124,17981,45710,2361,43349,11298,546,10752,77591,19207,3473,15734,45388,2873,42515,12996,1033,11963,48,367,2021
"Potter County, Texas",116547,108331,53337,17460,5839,11621,29475,2526,26949,6402,1273,5129,54994,15174,6719,8455,32086,3359,28727,7734,1890,5844,48,375,2021
"Randall County, Texas",143854,143014,70491,18721,3400,15321,41946,1020,40926,9824,645,9179,72523,17817,5061,12756,42753,2599,40154,11953,916,11037,48,381,2021
"Rockwall County, Texas",116381,115768,56857,16027,3205,12822,34357,2002,32355,6473,213,6260,58911,16005,2933,13072,33730,2851,30879,9176,554,8622,48,397,2021
"San Patricio County, Texas",69699,69119,36285,10785,5073,5712,20576,1375,19201,4924,723,4201,32834,8848,3803,5045,18635,1913,16722,5351,430,4921,48,409,2021
"Smith County, Texas",237186,233904,113714,33395,17156,16239,62508,4683,57825,17811,1660,16151,120190,29131,12697,16434,69147,8207,60940,21912,2602,19310,48,423,2021
"Starr County, Texas",66049,65479,32180,11749,7405,4344,17394,2579,14815,3037,1491,1546,33299,11126,8040,3086,18250,3109,15141,3923,2661,1262,48,427,2021
"Tarrant County, Texas",2126477,2110007,1036801,293888,104304,189584,631477,32322,599155,111436,9803,101633,1073206,283427,100710,182717,651239,49464,601775,138540,16022,122518,48,439,2021
"Taylor County, Texas",143326,138415,67052,18956,9273,9683,38798,2971,35827,9298,1379,7919,71363,18284,7359,10925,42131,2988,39143,10948,935,10013,48,441,2021
"Tom Green County, Texas",119411,115248,56912,15151,4333,10818,32955,2051,30904,8806,1111,7695,58336,15101,3694,11407,33277,3127,30150,9958,527,9431,48,451,2021
"Travis County, Texas",1305154,1295885,655581,145062,44775,100287,447975,21549,426426,62544,6024,56520,640304,139103,34604,104499,427485,28916,398569,73716,8851,64865,48,453,2021
"Victoria County, Texas",90964,90239,45317,13102,7676,5426,25653,2136,23517,6562,580,5982,44922,10737,5031,5706,25995,3263,22732,8190,878,7312,48,469,2021
"Walker County, Texas",77977,65709,31985,5966,2688,3278,20759,1744,19015,5260,600,4660,33724,7753,3214,4539,20563,2931,17632,5408,869,4539,48,471,2021
"Webb County, Texas",267945,266950,131792,44900,27375,17525,75113,7307,67806,11779,4490,7289,135158,43895,25182,18713,76077,9129,66948,15186,5875,9311,48,479,2021
"Wichita County, Texas",130069,117931,57016,15870,6291,9579,32432,3105,29327,8714,967,7747,60915,14825,6263,8562,35947,5347,30600,10143,1805,8338,48,485,2021
"Williamson County, Texas",643026,640777,318139,84209,18972,65237,198093,7764,190329,35837,3426,32411,322638,80393,15009,65384,197626,9374,188252,44619,3506,41113,48,491,2021
"Wise County, Texas",71714,70887,35702,9785,3388,6397,20829,1030,19799,5088,356,4732,35185,8936,3976,4960,20401,2533,17868,5848,893,4955,48,497,2021
"Cache County, Utah",137417,136649,67628,21453,5909,15544,39880,2616,37264,6295,226,6069,69021,22276,4414,17862,39623,4527,35096,7122,437,6685,49,005,2021
"Davis County, Utah",367285,362710,181979,61189,11212,49977,102824,8524,94300,17966,796,17170,180731,56771,8525,48246,103423,10253,93170,20537,1225,19312,49,011,2021
"Salt Lake County, Utah",1186421,1178523,593968,164962,29648,135314,365841,25206,340635,63165,6523,56642,584555,156267,24910,131357,355110,29488,325622,73178,10058,63120,49,035,2021
"Tooele County, Utah",76640,76145,39429,13383,3140,10243,22467,785,21682,3579,134,3445,36716,11685,1725,9960,21378,1468,19910,3653,468,3185,49,045,2021
"Utah County, Utah",684986,681572,346437,121899,16508,105391,199678,13384,186294,24860,1506,23354,335135,113334,13989,99345,193321,14901,178420,28480,2141,26339,49,049,2021
"Washington County, Utah",191226,189056,96075,26651,7184,19467,48978,4337,44641,20446,1575,18871,92981,23245,5312,17933,48682,4854,43828,21054,1847,19207,49,053,2021
"Weber County, Utah",267066,263494,132759,39218,9411,29807,78589,7276,71313,14952,1792,13160,130735,36501,6936,29565,77008,7875,69133,17226,1531,15695,49,057,2021
"Chittenden County, Vermont",168865,167339,82469,17506,4661,12845,52989,7607,45382,11974,975,10999,84870,15514,3905,11609,54558,7491,47067,14798,3045,11753,50,007,2021
"Albemarle County, Virginia",113535,112193,52971,13490,2237,11253,29781,1399,28382,9700,350,9350,59222,13838,1848,11990,32985,2553,30432,12399,795,11604,51,003,2021
"Arlington County, Virginia",232965,228054,113697,21961,3405,18556,78954,3447,75507,12782,1152,11630,114357,21158,2755,18403,78837,3985,74852,14362,1641,12721,51,013,2021
"Augusta County, Virginia",77563,75145,37009,8531,3817,4714,20819,2068,18751,7659,94,7565,38136,8219,2081,6138,21106,2846,18260,8811,801,8010,51,015,2021
"Bedford County, Virginia",80131,79833,39683,8651,3100,5551,22516,2169,20347,8516,243,8273,40150,7792,1943,5849,23014,3347,19667,9344,890,8454,51,019,2021
"Chesterfield County, Virginia",370688,367702,176661,47318,12771,34547,103570,9716,93854,25773,1357,24416,191041,45550,11958,33592,113207,12449,100758,32284,3791,28493,51,041,2021
"Fairfax County, Virginia",1139720,1125337,557896,144199,24359,119840,337975,20033,317942,75722,5541,70181,567441,134834,25466,109368,344315,22712,321603,88292,8667,79625,51,059,2021
"Fauquier County, Virginia",73815,73605,36021,8139,954,7185,22262,1583,20679,5620,409,5211,37584,8986,1378,7608,21813,1905,19908,6785,904,5881,51,061,2021
"Frederick County, Virginia",93717,91658,45070,11618,4384,7234,25739,2203,23536,7713,283,7430,46588,10725,3072,7653,26721,4322,22399,9142,522,8620,51,069,2021
"Hanover County, Virginia",111603,110350,54412,13499,3387,10112,31117,2077,29040,9796,645,9151,55938,11820,1592,10228,32544,2686,29858,11574,407,11167,51,085,2021
"Henrico County, Virginia",333554,331329,158228,40354,13437,26917,95200,9118,86082,22674,1209,21465,173101,37650,10985,26665,104138,14055,90083,31313,2662,28651,51,087,2021
"James City County, Virginia",79882,77994,35911,8115,1371,6744,18500,1129,17371,9296,409,8887,42083,8599,1566,7033,21712,2520,19192,11772,308,11464,51,095,2021
"Loudoun County, Virginia",427592,425659,212974,62279,5760,56519,131028,4297,126731,19667,1064,18603,212685,59513,7815,51698,129813,6417,123396,23359,1803,21556,51,107,2021
"Montgomery County, Virginia",98473,97868,49838,9528,1777,7751,34227,3069,31158,6083,418,5665,48030,9328,1789,7539,31543,3146,28397,7159,223,6936,51,121,2021
"Prince William County, Virginia",484472,474157,236400,69756,19279,50477,142790,10465,132325,23854,1801,22053,237757,65582,15949,49633,143789,13372,130417,28386,3133,25253,51,153,2021
"Roanoke County, Virginia",96589,94192,45121,10188,2328,7860,25549,3482,22067,9384,608,8776,49071,9911,2011,7900,27055,2903,24152,12105,1424,10681,51,161,2021
"Rockingham County, Virginia",84394,84108,41438,9436,2057,7379,24389,1806,22583,7613,8,7605,42670,9697,2895,6802,24159,2262,21897,8814,407,8407,51,165,2021
"Spotsylvania County, Virginia",143676,142664,70032,19380,6398,12982,41141,3765,37376,9511,650,8861,72632,18100,5638,12462,42733,5480,37253,11799,407,11392,51,177,2021
"Stafford County, Virginia",160877,153856,76496,23345,3103,20242,45618,2861,42757,7533,361,7172,77360,21567,3553,18014,46571,3319,43252,9222,471,8751,51,179,2021
"York County, Virginia",70915,66873,31303,8317,1266,7051,17447,1078,16369,5539,645,4894,35570,8818,1029,7789,20005,982,19023,6747,768,5979,51,199,2021
"Alexandria city, Virginia",154706,151727,71877,14045,3937,10108,49829,2530,47299,8003,377,7626,79850,15342,5738,9604,52988,2919,50069,11520,1848,9672,51,510,2021
"Chesapeake city, Virginia",251269,238720,113213,32501,8782,23719,65606,6534,59072,15106,898,14208,125507,30912,7504,23408,74737,8661,66076,19858,1624,18234,51,550,2021
"Hampton city, Virginia",137746,130486,60719,15551,7154,8397,36240,3762,32478,8928,1237,7691,69767,15799,7067,8732,41938,9862,32076,12030,1702,10328,51,650,2021
"Lynchburg city, Virginia",79009,77395,36408,8798,2706,6092,23182,2998,20184,4428,323,4105,40987,9084,2725,6359,25321,4709,20612,6582,942,5640,51,680,2021
"Newport News city, Virginia",184587,174157,80802,23790,10951,12839,46949,6571,40378,10063,771,9292,93355,22462,7657,14805,56230,11964,44266,14663,2833,11830,51,700,2021
"Norfolk city, Virginia",235089,202736,100503,25701,9361,16340,63523,8810,54713,11279,1799,9480,102233,23715,8878,14837,62807,12309,50498,15711,2784,12927,51,710,2021
"Portsmouth city, Virginia",97840,91485,43220,12782,5326,7456,24353,5375,18978,6085,453,5632,48265,10778,6861,3917,28531,10423,18108,8956,1557,7399,51,740,2021
"Richmond city, Virginia",226604,224206,104718,19971,10377,9594,71348,13824,57524,13399,2063,11336,119488,21495,12488,9007,79789,18662,61127,18204,3852,14352,51,760,2021
"Roanoke city, Virginia",98865,97401,46389,12150,6645,5505,27441,4402,23039,6798,548,6250,51012,10957,4702,6255,30309,7946,22363,9746,1672,8074,51,770,2021
"Suffolk city, Virginia",96194,92187,44053,12485,4597,7888,25162,2789,22373,6406,654,5752,48134,11270,4140,7130,28939,5586,23353,7925,902,7023,51,800,2021
"Virginia Beach city, Virginia",457672,431334,203487,53982,13118,40864,119739,9474,110265,29766,1399,28367,227847,51898,13971,37927,137295,16785,120510,38654,2813,35841,51,810,2021
"Benton County, Washington",210025,208812,104960,29424,13760,15664,59797,8941,50856,15739,2049,13690,103852,28317,15811,12506,58501,11889,46612,17034,2284,14750,53,005,2021
"Chelan County, Washington",79646,79146,38637,8669,4446,4223,22054,3029,19025,7914,911,7003,40509,9912,5124,4788,21880,4386,17494,8717,1398,7319,53,007,2021
"Clallam County, Washington",78209,77172,37960,7402,4425,2977,19538,4448,15090,11020,733,10287,39212,6196,3258,2938,19782,5046,14736,13234,1391,11843,53,009,2021
"Clark County, Washington",511404,508620,252823,63308,27083,36225,151341,23969,127372,38174,3561,34613,255797,59667,25589,34078,151697,31279,120418,44433,6114,38319,53,011,2021
"Cowlitz County, Washington",111524,110808,55472,13871,6564,7307,31211,6385,24826,10390,1339,9051,55336,12921,5037,7884,31501,8413,23088,10914,1317,9597,53,015,2021
"Franklin County, Washington",98268,96153,48868,16500,9137,7363,28281,4399,23882,4087,214,3873,47285,15575,9840,5735,27492,6035,21457,4218,754,3464,53,021,2021
"Grant County, Washington",100297,99853,50965,14932,9103,5829,29830,6343,23487,6203,496,5707,48888,14363,9099,5264,27729,7580,20149,6796,1045,5751,53,025,2021
"Grays Harbor County, Washington",76841,73159,35419,7292,5391,1901,20060,4675,15385,8067,825,7242,37740,8647,4897,3750,19994,6192,13802,9099,898,8201,53,027,2021
"Island County, Washington",87432,79160,37347,8038,1987,6051,19116,3044,16072,10193,694,9499,41813,8555,3290,5265,21530,3999,17531,11728,1053,10675,53,029,2021
"King County, Washington",2252305,2238712,1131438,240053,73608,166445,753912,86900,667012,137473,15603,121870,1107274,231696,74607,157089,709392,100670,608722,166186,24397,141789,53,033,2021
"Kitsap County, Washington",274314,260236,128102,28904,8980,19924,74485,11449,63036,24713,1904,22809,132134,28136,7762,20374,76333,12380,63953,27665,3529,24136,53,035,2021
"Lewis County, Washington",84398,83592,42518,10008,4846,5162,23995,5105,18890,8515,1223,7292,41074,8997,3713,5284,23277,6751,16526,8800,2051,6749,53,041,2021
"Mason County, Washington",67615,66867,34993,7540,3205,4335,20003,4250,15753,7450,784,6666,31874,6280,3643,2637,17537,4805,12732,8057,1144,6913,53,045,2021
"Pierce County, Washington",925708,896180,442760,114746,40141,74605,268445,38966,229479,59569,6976,52593,453420,109610,38282,71328,271979,46335,225644,71831,10248,61583,53,053,2021
"Skagit County, Washington",130696,129227,64542,15508,8305,7203,35720,8397,27323,13314,1250,12064,64685,13601,6977,6624,35866,7781,28085,15218,1607,13611,53,057,2021
"Snohomish County, Washington",833540,824118,414482,99741,27605,72136,260555,28892,231663,54186,4065,50121,409636,94073,25155,68918,251430,31727,219703,64133,9273,54860,53,061,2021
"Spokane County, Washington",546040,535296,263215,64662,30652,34010,157610,34229,123381,40943,4609,36334,272081,61908,32550,29358,161537,41260,120277,48636,5653,42983,53,063,2021
"Thurston County, Washington",297977,289504,138490,33441,11418,22023,80810,12927,67883,24239,2381,21858,151014,32908,11793,21115,88949,13933,75016,29157,2998,26159,53,067,2021
"Whatcom County, Washington",228831,227300,112412,24024,11676,12348,68966,11020,57946,19422,2025,17397,114888,23236,9839,13397,69101,12091,57010,22551,3064,19487,53,073,2021
"Yakima County, Washington",256035,253613,127027,40792,24479,16313,69776,13484,56292,16459,2134,14325,126586,38254,24675,13579,69529,20557,48972,18803,4090,14713,53,077,2021
"Berkeley County, West Virginia",126069,125344,63582,16490,7272,9218,38261,3919,34342,8831,1268,7563,61762,13179,5761,7418,38752,8182,30570,9831,739,9092,54,003,2021
"Cabell County, West Virginia",93418,91707,45099,10376,5047,5329,27492,5547,21945,7231,496,6735,46608,10149,4070,6079,26999,8388,18611,9460,1296,8164,54,011,2021
"Harrison County, West Virginia",65158,64503,31442,7466,3305,4161,18430,3092,15338,5546,698,4848,33061,6952,3022,3930,19409,4619,14790,6700,1113,5587,54,033,2021
"Kanawha County, West Virginia",177952,175841,84146,19277,6710,12567,48025,12835,35190,16844,1614,15230,91695,18321,9638,8683,52239,15316,36923,21135,2502,18633,54,039,2021
"Monongalia County, West Virginia",106387,105421,54488,11138,3302,7836,36736,4307,32429,6614,857,5757,50933,9521,3459,6062,34010,6035,27975,7402,1187,6215,54,061,2021
"Raleigh County, West Virginia",73771,71963,35393,8333,3622,4711,19876,5910,13966,7184,885,6299,36570,8399,4901,3498,19397,6733,12664,8774,1583,7191,54,081,2021
"Wood County, West Virginia",83624,82994,40337,9191,4236,4955,23528,5189,18339,7618,513,7105,42657,9405,4387,5018,23667,6808,16859,9585,1448,8137,54,107,2021
"Brown County, Wisconsin",269591,266256,132476,35064,11311,23753,78342,10072,68270,19070,2169,16901,133780,31892,8738,23154,79282,11379,67903,22606,2511,20095,55,009,2021
"Chippewa County, Wisconsin",66865,64669,32676,7588,2710,4878,18894,2937,15957,6194,726,5468,31993,7559,2797,4762,17783,3658,14125,6651,1041,5610,55,017,2021
"Dane County, Wisconsin",563951,560075,278989,62234,12523,49711,179796,13269,166527,36959,2613,34346,281086,60996,13565,47431,176245,16918,159327,43845,3573,40272,55,025,2021
"Dodge County, Wisconsin",89313,85777,44934,10925,4075,6850,26464,3663,22801,7545,630,6915,40843,8500,2983,5517,23947,3561,20386,8396,848,7548,55,027,2021
"Eau Claire County, Wisconsin",106452,106027,52928,11899,3781,8118,33033,4177,28856,7996,690,7306,53099,11493,4075,7418,32194,5756,26438,9412,1058,8354,55,035,2021
"Fond du Lac County, Wisconsin",104362,102870,50222,10511,2514,7997,30730,2558,28172,8981,643,8338,52648,12671,4382,8289,29731,3836,25895,10246,889,9357,55,039,2021
"Jefferson County, Wisconsin",84943,84629,41775,8752,2301,6451,25759,2792,22967,7264,486,6778,42854,9557,2625,6932,25127,4111,21016,8170,606,7564,55,055,2021
"Kenosha County, Wisconsin",168732,167285,83029,20321,7447,12874,51510,7078,44432,11198,1229,9969,84256,19364,6257,13107,51474,8937,42537,13418,1476,11942,55,059,2021
"La Crosse County, Wisconsin",120433,119296,58815,13900,4331,9569,35772,3844,31928,9143,613,8530,60481,12717,3453,9264,36728,5589,31139,11036,1879,9157,55,063,2021
"Manitowoc County, Wisconsin",81505,80575,40524,9248,2767,6481,23267,3933,19334,8009,681,7328,40051,7998,2262,5736,22802,4813,17989,9251,710,8541,55,071,2021
"Marathon County, Wisconsin",137648,136343,68868,16810,4457,12353,39936,4285,35651,12122,1258,10864,67475,15995,5264,10731,38532,4879,33653,12948,1808,11140,55,073,2021
"Milwaukee County, Wisconsin",928059,919488,445577,118832,59902,58930,269705,51533,218172,57040,10303,46737,473911,115015,54851,60164,286338,72211,214127,72558,14185,58373,55,079,2021
"Outagamie County, Wisconsin",191545,190001,94958,23930,6293,17637,57680,5047,52633,13348,1080,12268,95043,22496,4732,17764,56529,7620,48909,16018,1038,14980,55,087,2021
"Ozaukee County, Wisconsin",92497,92050,45955,11044,2240,8804,26245,2041,24204,8666,427,8239,46095,9777,1299,8478,25645,3365,22280,10673,238,10435,55,089,2021
"Portage County, Wisconsin",70468,70310,35516,7344,2064,5280,22298,2055,20243,5874,453,5421,34794,7124,2018,5106,20997,2993,18004,6673,878,5795,55,097,2021
"Racine County, Wisconsin",196896,192384,94164,23080,9866,13214,56134,8329,47805,14950,1399,13551,98220,23574,11255,12319,56036,12808,43228,18610,1913,16697,55,101,2021
"Rock County, Wisconsin",164381,163209,81708,20856,8864,11992,48556,5384,43172,12296,1539,10757,81501,19344,7811,11533,47438,9391,38047,14719,1710,13009,55,105,2021
"St. Croix County, Wisconsin",95044,94357,47431,12798,3504,9294,27837,2174,25663,6796,503,6293,46926,11344,3012,8332,28088,3028,25060,7494,754,6740,55,109,2021
"Sauk County, Wisconsin",65697,64925,32772,8383,3962,4421,18574,2401,16173,5815,405,5410,32153,7087,2334,4753,18478,3269,15209,6588,433,6155,55,111,2021
"Sheboygan County, Wisconsin",117747,115500,58239,13773,4546,9227,34368,3647,30721,10098,937,9161,57261,13134,3786,9348,32449,5192,27257,11678,986,10692,55,117,2021
"Walworth County, Wisconsin",106799,106151,52948,12260,3763,8497,31029,3402,27627,9659,492,9167,53203,11844,3652,8192,30605,4922,25683,10754,938,9816,55,127,2021
"Washington County, Wisconsin",137175,136539,68549,15195,1656,13539,41456,3362,38094,11898,778,11120,67990,14513,2434,12079,39840,3073,36767,13637,644,12993,55,131,2021
"Waukesha County, Wisconsin",408756,405915,200804,46953,6913,40040,117907,7554,110353,35944,2301,33643,205111,44651,7095,37556,117408,10404,107004,43052,4357,38695,55,133,2021
"Winnebago County, Wisconsin",171623,167922,84865,19894,6435,13459,51756,5073,46683,13215,1792,11423,83057,17729,4791,12938,50015,8032,41983,15313,1616,13697,55,139,2021
"Wood County, Wisconsin",74070,73501,36535,8273,3583,4690,21169,3350,17819,7093,1066,6027,36966,8047,3420,4627,20733,4860,15873,8186,1071,7115,55,141,2021
"Laramie County, Wyoming",100863,97847,48218,11707,2857,8850,28611,2485,26126,7900,806,7094,49629,11933,3370,8563,28719,3214,25505,8977,809,8168,56,021,2021
"Natrona County, Wyoming",79555,78599,40408,10438,4308,6130,23525,1035,22490,6445,433,6012,38191,9664,3439,6225,21837,2690,19147,6690,981,5709,56,025,2021
"Arecibo Municipio, Puerto Rico",87053,86185,40688,7755,5655,2100,24291,11395,12896,8642,1684,6958,45497,7178,4391,2787,26693,11982,14711,11626,3094,8532,72,013,2021
"Bayamón Municipio, Puerto Rico",182673,177429,81015,16296,9048,7248,47575,15772,31803,17144,5102,12042,96414,14731,7887,6844,56339,21755,34584,25344,7885,17459,72,021,2021
"Caguas Municipio, Puerto Rico",126756,126313,58327,11781,7553,4228,35457,14887,20570,11089,3295,7794,67986,11601,7089,4512,39883,18087,21796,16502,6600,9902,72,025,2021
"Carolina Municipio, Puerto Rico",152993,151526,68540,12836,6016,6820,41348,12984,28364,14356,3081,11275,82986,12685,7667,5018,48208,17306,30902,22093,7130,14963,72,031,2021
"Guaynabo Municipio, Puerto Rico",89195,88613,40780,6320,2986,3334,25446,5795,19651,9014,2633,6381,47833,7564,1983,5581,27362,5275,22087,12907,3954,8953,72,061,2021
"Mayagüez Municipio, Puerto Rico",71939,71403,34086,6799,5348,1451,19941,9290,10651,7346,3117,4229,37317,6097,4114,1983,20247,11538,8709,10973,5316,5657,72,097,2021
"Ponce Municipio, Puerto Rico",135084,132448,62334,13284,8844,4440,35128,17623,17505,13922,7505,6417,70114,11870,6888,4982,39346,20670,18676,18898,9625,9273,72,113,2021
"San Juan Municipio, Puerto Rico",337300,333339,151898,28914,17418,11496,89668,27340,62328,33316,6395,26921,181441,28747,15646,13101,103890,37536,66354,48804,11885,36919,72,127,2021
"Toa Alta Municipio, Puerto Rico",67569,67337,31622,5754,2155,3599,20990,6509,14481,4878,2971,1907,35715,8036,1960,6076,21834,6369,15465,5845,2590,3255,72,135,2021
"Toa Baja Municipio, Puerto Rico",74368,73749,33470,5959,2307,3652,20877,6142,14735,6634,2225,4409,40279,7283,3761,3522,23894,9140,14754,9102,3726,5376,72,137,2021
"Trujillo Alto Municipio, Puerto Rico",67211,66861,30792,6001,2015,3986,19101,5473,13628,5690,2283,3407,36069,5783,3868,1915,21919,6211,15708,8367,2300,6067,72,139,2021
"Baldwin County, Alabama",246435,242720,117748,27606,10486,17120,66380,5573,60807,23762,1940,21822,124972,25642,9120,16522,70513,7537,62976,28817,3250,25567,01,003,2022
"Calhoun County, Alabama",115788,113881,55945,13639,7954,5685,33178,6050,27128,9128,1394,7734,57936,12616,7703,4913,33381,6355,27026,11939,1797,10142,01,015,2022
"Cullman County, Alabama",90665,89793,44618,11350,5685,5665,25779,2313,23466,7489,595,6894,45175,9792,5472,4320,26029,3266,22763,9354,1323,8031,01,043,2022
"DeKalb County, Alabama",71998,71232,35494,9239,6579,2660,20635,2763,17872,5620,608,5012,35738,8522,5693,2829,20465,4053,16412,6751,1113,5638,01,049,2022
"Elmore County, Alabama",89563,85106,39545,10101,4181,5920,23250,1420,21830,6194,587,5607,45561,10209,3410,6799,27436,2756,24680,7916,1351,6565,01,051,2022
"Etowah County, Alabama",103088,101782,49463,12072,5008,7064,28516,3403,25113,8875,1273,7602,52319,10483,5343,5140,30714,4795,25919,11122,1697,9425,01,055,2022
"Houston County, Alabama",108079,107305,51373,13387,7184,6203,29372,2589,26783,8614,1216,7398,55932,12333,6511,5822,32546,5616,26930,11053,2067,8986,01,069,2022
"Jefferson County, Alabama",665409,657081,310843,81648,40330,41318,182884,15540,167344,46311,5789,40522,346238,77597,37332,40265,204423,30298,174125,64218,8213,56005,01,073,2022
"Lauderdale County, Alabama",95878,94966,45354,9975,5290,4685,26732,1776,24956,8647,709,7938,49612,10137,4835,5302,28337,2212,26125,11138,1610,9528,01,077,2022
"Lee County, Alabama",180773,179400,88495,21000,5744,15256,56608,3256,53352,10887,395,10492,90905,19959,6332,13627,57863,4019,53844,13083,1368,11715,01,081,2022
"Limestone County, Alabama",110900,108010,53454,13097,2297,10800,32442,2178,30264,7915,813,7102,54556,12057,2915,9142,33005,3200,29805,9494,1661,7833,01,083,2022
"Madison County, Alabama",403565,400025,197306,46511,14910,31601,122959,6393,116566,27836,2689,25147,202719,45471,16407,29064,122282,10748,111534,34966,4763,30203,01,089,2022
"Marshall County, Alabama",99423,97965,47880,13477,5010,8467,27017,3399,23618,7386,1373,6013,50085,13043,6042,7001,27452,3725,23727,9590,1295,8295,01,095,2022
"Mobile County, Alabama",411411,406545,193692,51005,24010,26995,111728,12228,99500,30959,5094,25865,212853,49386,24166,25220,124557,20545,104012,38910,8396,30514,01,097,2022
"Montgomery County, Alabama",226361,219476,101793,28142,15004,13138,58722,7375,51347,14929,1880,13049,117683,27649,15190,12459,69188,7850,61338,20846,2200,18646,01,101,2022
"Morgan County, Alabama",124211,121709,59277,14851,6871,7980,34506,2745,31761,9920,714,9206,62432,14932,7148,7784,35237,3515,31722,12263,1718,10545,01,103,2022
"St. Clair County, Alabama",93932,91866,45140,11798,5804,5994,26248,3442,22806,7094,704,6390,46726,10036,4652,5384,27445,4358,23087,9245,1030,8215,01,115,2022
"Shelby County, Alabama",230115,227981,110563,27493,6685,20808,65848,2672,63176,17222,1301,15921,117418,27436,6331,21105,68483,2926,65557,21499,1464,20035,01,117,2022
"Talladega County, Alabama",80704,78098,35788,7628,4335,3293,21275,1907,19368,6885,1057,5828,42310,9441,6222,3219,24516,5443,19073,8353,1781,6572,01,121,2022
"Tuscaloosa County, Alabama",236780,234387,110912,27496,11122,16374,69388,4593,64795,14028,1652,12376,123475,29840,9797,20043,75389,11007,64382,18246,2312,15934,01,125,2022
"Anchorage Municipality, Alaska",287145,274269,135511,34516,13055,21461,84169,12054,72115,16826,1324,15502,138758,36456,11536,24920,83149,13764,69385,19153,2647,16506,02,020,2022
"Fairbanks North Star Borough, Alaska",95356,85399,43881,12139,1963,10176,25598,3902,21696,6144,858,5286,41518,9803,1810,7993,26553,4235,22318,5162,747,4415,02,090,2022
"Matanuska-Susitna Borough, Alaska",113325,109509,56046,16118,5802,10316,32583,5671,26912,7345,812,6533,53463,14593,4915,9678,30996,7554,23442,7874,1534,6340,02,170,2022
"Apache County, Arizona",65432,64742,31808,8953,6554,2399,17910,9220,8690,4945,1291,3654,32934,8875,5515,3360,18049,8373,9676,6010,2032,3978,04,001,2022
"Cochise County, Arizona",125663,119294,58487,14956,6653,8303,28850,7598,21252,14681,2350,12331,60807,12821,6429,6392,32341,11710,20631,15645,2185,13460,04,003,2022
"Coconino County, Arizona",144060,143645,70314,15153,6747,8406,45652,8232,37420,9509,1379,8130,73331,17236,6271,10965,45144,8234,36910,10951,1281,9670,04,005,2022
"Maricopa County, Arizona",4551524,4510638,2241648,549879,190370,359509,1363453,159433,1204020,328316,35800,292516,2268990,526588,174194,352394,1345350,217214,1128136,397052,46272,350780,04,013,2022
"Mohave County, Arizona",220816,215995,108198,19167,9025,10142,54297,14193,40104,34734,4147,30587,107797,17989,8889,9100,54160,16033,38127,35648,4430,31218,04,015,2022
"Navajo County, Arizona",108650,106561,52294,14322,6055,8267,27792,8156,19636,10180,1535,8645,54267,14463,6359,8104,28948,10152,18796,10856,2190,8666,04,017,2022
"Pima County, Arizona",1057597,1035804,506252,115462,47912,67550,290586,54451,236135,100204,12169,88035,529552,107761,42872,64889,301660,68268,233392,120131,17709,102422,04,019,2022
"Pinal County, Arizona",464154,448992,225855,54658,18606,36052,125707,18706,107001,45490,4223,41267,223137,52463,18507,33956,119343,21940,97403,51331,4271,47060,04,021,2022
"Yavapai County, Arizona",246191,244868,120255,19674,8280,11394,60815,9092,51723,39766,3320,36446,124613,19240,8462,10778,61322,11382,49940,44051,3774,40277,04,025,2022
"Yuma County, Arizona",207842,198006,97094,27517,12586,14931,49226,12396,36830,20351,4524,15827,100912,26331,13475,12856,52647,16770,35877,21934,4206,17728,04,027,2022
"Benton County, Arkansas",302863,301448,150818,40775,13887,26888,91642,7751,83891,18401,1600,16801,150630,39115,11975,27140,88566,11359,77207,22949,1957,20992,05,007,2022
"Craighead County, Arkansas",113017,111566,52924,14892,6927,7965,32191,4987,27204,5841,680,5161,58642,15062,9356,5706,34657,9897,24760,8923,1521,7402,05,031,2022
"Faulkner County, Arkansas",127665,126336,61589,15238,5867,9371,38144,5682,32462,8207,821,7386,64747,16280,7293,8987,38318,6355,31963,10149,1279,8870,05,045,2022
"Garland County, Arkansas",100089,99163,48575,11456,6829,4627,25929,5478,20451,11190,1552,9638,50588,8923,5307,3616,28096,6953,21143,13569,1720,11849,05,051,2022
"Jefferson County, Arkansas",64246,59214,27594,7538,5183,2355,15132,3419,11713,4924,1108,3816,31620,6925,5223,1702,18185,6698,11487,6510,1346,5164,05,069,2022
"Lonoke County, Arkansas",75225,73510,36848,10059,3439,6620,21352,4336,17016,5437,998,4439,36662,8799,4157,4642,22048,4094,17954,5815,827,4988,05,085,2022
"Pulaski County, Arkansas",399145,391788,184086,48179,23049,25130,108138,18086,90052,27769,3070,24699,207702,48318,25778,22540,121496,24891,96605,37888,4916,32972,05,119,2022
"Saline County, Arkansas",127357,126210,60992,14511,5684,8827,35855,4444,31411,10626,738,9888,65218,15905,6730,9175,36989,3708,33281,12324,731,11593,05,125,2022
"Sebastian County, Arkansas",129059,126850,62026,16326,5589,10737,37005,7961,29044,8695,784,7911,64824,15004,6535,8469,37797,9219,28578,12023,2641,9382,05,131,2022
"Washington County, Arkansas",256054,253728,125941,32429,12876,19553,79593,7774,71819,13919,1727,12192,127787,32560,13958,18602,77990,12819,65171,17237,2335,14902,05,143,2022
"White County, Arkansas",77755,77203,37200,9637,4997,4640,22169,4499,17670,5394,460,4934,40003,9905,5119,4786,23127,4847,18280,6971,1126,5845,05,145,2022
"Alameda County, California",1628997,1616724,802990,173492,45288,128204,518132,73094,445038,111366,21968,89398,813734,165386,42148,123238,509279,84670,424609,139069,31213,107856,06,001,2022
"Butte County, California",207303,205318,101994,23017,10871,12146,62159,17111,45048,16818,2905,13913,103324,21702,9254,12448,60862,20475,40387,20760,4108,16652,06,007,2022
"Contra Costa County, California",1156966,1152035,566615,135857,39440,96417,342546,52014,290532,88212,11017,77195,585420,130607,37104,93503,344473,67109,277364,110340,17062,93278,06,013,2022
"El Dorado County, California",192646,191574,96032,20336,5222,15114,53827,8438,45389,21869,1566,20303,95542,18616,4061,14555,53421,9019,44402,23505,1787,21718,06,017,2022
"Fresno County, California",1015190,1002436,500101,151416,88158,63258,290532,86958,203574,58153,13339,44814,502335,142865,83497,59368,288344,104170,184174,71126,18648,52478,06,019,2022
"Humboldt County, California",135010,134011,66306,12813,5761,7052,41011,11869,29142,12482,1883,10599,67705,13693,7616,6077,39600,14476,25124,14412,1859,12553,06,023,2022
"Imperial County, California",178713,172618,85448,26822,17726,9096,47731,16171,31560,10895,5129,5766,87170,25642,17763,7879,47961,22226,25735,13567,7090,6477,06,025,2022
"Kern County, California",916108,892038,446029,139242,74642,64600,257366,73944,183422,49421,11022,38399,446009,133308,71069,62239,255709,93987,161722,56992,14424,42568,06,029,2022
"Kings County, California",152981,132739,64504,21919,10013,11906,35429,11048,24381,7156,1675,5481,68235,21017,11177,9840,38789,13897,24892,8429,2041,6388,06,031,2022
"Lake County, California",68191,67532,33988,8212,5027,3185,17690,6798,10892,8086,1533,6553,33544,6767,4581,2186,17864,7013,10851,8913,2289,6624,06,033,2022
"Los Angeles County, California",9721138,9656938,4787993,1075459,528145,547314,3076443,691632,2384811,636091,152008,484083,4868945,1026232,499064,527168,3030208,820626,2209582,812505,233529,578976,06,037,2022
"Madera County, California",160256,154277,76473,24209,16010,8199,41770,13383,28387,10494,1237,9257,77804,21886,14851,7035,43172,15385,27787,12746,2095,10651,06,039,2022
"Marin County, California",256018,252037,120704,24728,5416,19312,69120,7525,61595,26856,1727,25129,131333,26490,5827,20663,69959,10103,59856,34884,3531,31353,06,041,2022
"Mendocino County, California",89783,89160,44279,9762,4416,5346,23902,5647,18255,10615,1452,9163,44881,10157,6136,4021,23506,7287,16219,11218,1280,9938,06,045,2022
"Merced County, California",290014,287772,146209,45725,26106,19619,84744,22707,62037,15740,3680,12060,141563,42953,26273,16680,80496,31395,49101,18114,6306,11808,06,047,2022
"Monterey County, California",432858,416015,205209,58746,33552,25194,116820,27127,89693,29643,5193,24450,210806,57256,32641,24615,118296,33212,85084,35254,5478,29776,06,053,2022
"Napa County, California",134300,132652,67355,14889,5174,9715,39438,5878,33560,13028,866,12162,65297,12568,3702,8866,38051,6231,31820,14678,1407,13271,06,055,2022
"Nevada County, California",102293,101439,51186,10194,5065,5129,26784,5901,20883,14208,1425,12783,50253,8001,3175,4826,26945,5938,21007,15307,1847,13460,06,057,2022
"Orange County, California",3151184,3137809,1555934,353882,137178,216704,972710,168730,803980,229342,39232,190110,1581875,340046,130455,209591,959846,196205,763641,281983,56817,225166,06,059,2022
"Placer County, California",417772,414496,202755,49442,10963,38479,115633,14635,100998,37680,3704,33976,211741,46141,11061,35080,118163,16684,101479,47437,5938,41499,06,061,2022
"Riverside County, California",2473902,2449879,1224827,322105,150687,171418,729914,170529,559385,172808,28956,143852,1225052,307941,144039,163902,716066,198046,518020,201045,44474,156571,06,065,2022
"Sacramento County, California",1584169,1571365,773940,194786,89543,105243,473947,116331,357616,105207,19158,86049,797425,184337,80956,103381,478931,133073,345858,134157,29601,104556,06,067,2022
"San Benito County, California",67579,67387,33769,8790,3205,5585,20844,4238,16606,4135,225,3910,33618,9342,3744,5598,19335,5541,13794,4941,1111,3830,06,069,2022
"San Bernardino County, California",2193656,2157046,1071721,301557,150962,150595,649878,156349,493529,120286,23133,97153,1085325,285517,148204,137313,651500,200686,450814,148308,34041,114267,06,071,2022
"San Diego County, California",3276208,3161147,1570385,368683,121704,246979,976260,153750,822510,225442,30662,194780,1590762,355387,115655,239732,961327,183583,777744,274048,46375,227673,06,073,2022
"San Francisco County, California",808437,804559,412053,59702,15891,43811,286158,37870,248288,66193,16578,49615,392506,58385,13596,44789,254355,37708,216647,79766,21045,58721,06,075,2022
"San Joaquin County, California",793229,784585,390927,112466,51139,61327,232971,54502,178469,45490,10578,34912,393658,105964,46613,59351,229337,64410,164927,58357,13229,45128,06,077,2022
"San Luis Obispo County, California",282013,277228,137615,27523,7846,19677,82060,9614,72446,28032,2416,25616,139613,26449,6715,19734,79682,12277,67405,33482,3330,30152,06,079,2022
"San Mateo County, California",729181,725242,361529,76925,13286,63639,225837,25784,200053,58767,6941,51826,363713,72060,15118,56942,217555,32023,185532,74098,13970,60128,06,081,2022
"Santa Barbara County, California",443837,436345,217442,55340,29447,25893,129418,21521,107897,32684,5404,27280,218903,51195,27745,23450,128075,28060,100015,39633,5920,33713,06,083,2022
"Santa Clara County, California",1870945,1861612,951176,207324,51007,156317,617937,73306,544631,125915,20872,105043,910436,196261,45997,150264,562805,82405,480400,151370,33108,118262,06,085,2022
"Santa Cruz County, California",264370,263495,131792,27928,10547,17381,80374,12817,67557,23490,3030,20460,131703,26950,9413,17537,77941,16557,61384,26812,3856,22956,06,087,2022
"Shasta County, California",180930,178980,87524,20455,10119,10336,50012,11942,38070,17057,2146,14911,91456,19687,8847,10840,50130,16593,33537,21639,3408,18231,06,089,2022
"Solano County, California",448747,437531,214854,52439,18771,33668,128218,22673,105545,34197,4828,29369,222677,50102,19314,30788,129070,28075,100995,43505,8329,35176,06,095,2022
"Sonoma County, California",482650,479520,235284,48345,17601,30744,139983,26794,113189,46956,5239,41717,244236,46331,17610,28721,139874,29382,110492,58031,7123,50908,06,097,2022
"Stanislaus County, California",551275,548352,273895,78398,42575,35823,162427,40347,122080,33070,8435,24635,274457,75116,39113,36003,157860,54713,103147,41481,9951,31530,06,099,2022
"Sutter County, California",98503,97635,49813,13804,8101,5703,28646,9528,19118,7363,1013,6350,47822,12034,7522,4512,26899,10182,16717,8889,2359,6530,06,101,2022
"Tehama County, California",65245,64822,32266,8345,5763,2582,18176,6112,12064,5745,1678,4067,32556,7590,4922,2668,18088,8509,9579,6878,2198,4680,06,103,2022
"Tulare County, California",477544,473692,236943,76013,50532,25481,135493,47076,88417,25437,5891,19546,236749,72663,49060,23603,134125,60994,73131,29961,8148,21813,06,107,2022
"Ventura County, California",832605,824781,408763,96417,41192,55225,246455,39091,207364,65891,8700,57191,416018,93671,36840,56831,244057,45275,198782,78290,12407,65883,06,111,2022
"Yolo County, California",222115,220002,106657,25257,10424,14833,68880,10423,58457,12520,2210,10310,113345,25302,10543,14759,72064,14939,57125,15979,2919,13060,06,113,2022
"Yuba County, California",84310,81849,40143,11886,6985,4901,22774,5828,16946,5483,2150,3333,41706,12328,6927,5401,23687,6705,16982,5691,1261,4430,06,115,2022
"Adams County, Colorado",527575,523785,266963,70500,31628,38872,169913,23446,146467,26550,2489,24061,256822,66070,29195,36875,158673,28694,129979,32079,4105,27974,08,001,2022
"Arapahoe County, Colorado",655808,650486,325119,78075,25361,52714,205611,26219,179392,41433,2932,38501,325367,74825,25207,49618,198343,30176,168167,52199,5220,46979,08,005,2022
"Boulder County, Colorado",327468,325383,163730,31641,6960,24681,107494,10751,96743,24595,1512,23083,161653,32726,7308,25418,100506,12986,87520,28421,2119,26302,08,013,2022
"Broomfield County, Colorado",76121,75616,38212,8670,2023,6647,24355,2687,21668,5187,127,5060,37404,7922,1252,6670,23065,2255,20810,6417,642,5775,08,014,2022
"Denver County, Colorado",713252,705395,355606,66832,29099,37733,250992,37504,213488,37782,5856,31926,349789,67073,26838,40235,234208,40464,193744,48508,7992,40516,08,031,2022
"Douglas County, Colorado",375988,374399,188884,48172,6033,42139,116771,7032,109739,23941,1508,22433,185515,44061,5686,38375,113552,7829,105723,27902,1333,26569,08,035,2022
"El Paso County, Colorado",740567,701052,346224,91546,28065,63481,208926,31458,177468,45752,4204,41548,354828,85796,30687,55109,212982,35791,177191,56050,5905,50145,08,041,2022
"Jefferson County, Colorado",576143,570516,286677,57037,13504,43533,183083,18299,164784,46557,2937,43620,283839,54610,13410,41200,174017,22362,151655,55212,5164,50048,08,059,2022
"Larimer County, Colorado",366778,364097,181641,36652,10323,26329,116164,14131,102033,28825,2468,26357,182456,35787,10467,25320,112236,16837,95399,34433,3456,30977,08,069,2022
"Mesa County, Colorado",158636,157111,77395,17456,8287,9169,44591,7735,36856,15348,1401,13947,79716,17192,7204,9988,44918,11556,33362,17606,1589,16017,08,077,2022
"Pueblo County, Colorado",169544,165691,82363,19914,9396,10518,47818,12092,35726,14631,3192,11439,83328,18904,8496,10408,47476,15607,31869,16948,3850,13098,08,101,2022
"Weld County, Colorado",350176,348251,177052,48174,13292,34882,108058,12764,95294,20820,2926,17894,171199,45569,14429,31140,101428,18946,82482,24202,2566,21636,08,123,2022
"Capitol Planning Region, Connecticut",981447,967275,469986,108215,35989,72226,287308,41913,245395,74463,11594,62869,497289,104399,35119,69280,297849,59447,238402,95041,17975,77066,09,110,2022
"Greater Bridgeport Planning Region, Connecticut",327286,325180,159234,38729,16228,22501,96038,18258,77780,24467,5297,19170,165946,37303,14574,22729,99026,25710,73316,29617,6644,22973,09,120,2022
"Lower Connecticut River Valley Planning Region, Connecticut",176622,174519,86436,16657,5093,11564,52837,7039,45798,16942,2155,14787,88083,14681,5260,9421,52788,8746,44042,20614,3405,17209,09,130,2022
"Naugatuck Valley Planning Region, Connecticut",454083,449570,220731,52481,21798,30683,131384,28927,102457,36866,5512,31354,228839,45673,19003,26670,137445,38184,99261,45721,8826,36895,09,140,2022
"Northeastern Connecticut Planning Region, Connecticut",96196,95357,47721,10850,5244,5606,29249,5900,23349,7622,759,6863,47636,9151,4575,4576,28735,7215,21520,9750,1394,8356,09,150,2022
"Northwest Hills Planning Region, Connecticut",113234,112159,54378,10571,4372,6199,32551,5466,27085,11256,1275,9981,57781,11417,3591,7826,34005,8175,25830,12359,2006,10353,09,160,2022
"South Central Connecticut Planning Region, Connecticut",573244,568413,274661,62103,25296,36807,167235,33230,134005,45323,6036,39287,293752,58870,26207,32663,178175,36839,141336,56707,11712,44995,09,170,2022
"Southeastern Connecticut Planning Region, Connecticut",280403,270851,133265,27895,10115,17780,80442,15482,64960,24928,4332,20596,137586,28688,10273,18415,79218,19049,60169,29680,4723,24957,09,180,2022
"Western Connecticut Planning Region, Connecticut",623690,618912,304825,73328,22380,50948,184108,21727,162381,47389,3939,43450,314087,69586,21102,48484,188376,28904,159472,56125,7560,48565,09,190,2022
"Kent County, Delaware",186946,183462,88104,23301,10454,12847,49742,6998,42744,15061,1428,13633,95358,21662,10979,10683,54781,12461,42320,18915,3135,15780,10,001,2022
"New Castle County, Delaware",575494,568914,275594,65739,21192,44547,166864,21192,145672,42991,3823,39168,293320,64854,21692,43162,175047,32877,142170,53419,4718,48701,10,003,2022
"Sussex County, Delaware",255956,253175,122143,23902,10327,13575,61801,9052,52749,36440,2720,33720,131032,23113,10145,12968,66415,12768,53647,41504,3329,38175,10,005,2022
"District of Columbia, District of Columbia",671803,661425,312192,67276,27997,39279,209473,33165,176308,35443,8153,27290,349233,66937,28288,38649,232440,48936,183504,49856,12998,36858,11,001,2022
"Alachua County, Florida",284030,281813,137165,30432,6962,23470,87544,6962,80582,19189,2948,16241,144648,27693,6977,20716,92603,8061,84542,24352,4534,19818,12,001,2022
"Bay County, Florida",185134,180506,88438,19922,8328,11594,53476,3136,50340,15040,1596,13444,92068,19733,8755,10978,54416,7582,46834,17919,2113,15806,12,005,2022
"Brevard County, Florida",630693,623062,307228,61253,21260,39993,175173,15082,160091,70802,7039,63763,315834,58250,21602,36648,175027,23459,151568,82557,10203,72354,12,009,2022
"Broward County, Florida",1947026,1932660,949063,214632,88190,126442,579622,41735,537887,154809,22055,132754,983597,206092,83695,122397,586677,61035,525642,190828,35582,155246,12,011,2022
"Charlotte County, Florida",202661,198847,97164,12996,5060,7936,45372,5347,40025,38796,4449,34347,101683,12414,5102,7312,47692,6792,40900,41577,4011,37566,12,015,2022
"Citrus County, Florida",162529,160521,80248,14251,7407,6844,38115,7776,30339,27882,3791,24091,80273,11159,6686,4473,38628,8435,30193,30486,4035,26451,12,017,2022
"Clay County, Florida",226589,222660,109606,27863,8901,18962,64496,4678,59818,17247,1157,16090,113054,25819,7254,18565,66669,8264,58405,20566,2402,18164,12,019,2022
"Collier County, Florida",397994,395574,195367,35451,13807,21644,97781,5825,91956,62135,3540,58595,200207,32700,13752,18948,97567,7498,90069,69940,6172,63768,12,021,2022
"Columbia County, Florida",71908,67840,34007,9055,5162,3893,18435,3944,14491,6517,828,5689,33833,7082,4154,2928,19124,5604,13520,7627,1353,6274,12,023,2022
"Duval County, Florida",1016536,992101,474766,121148,48561,72587,287810,27418,260392,65808,8947,56861,517335,115875,43559,72316,313996,45847,268149,87464,13788,73676,12,031,2022
"Escambia County, Florida",324878,304503,144308,36527,14263,22264,83391,8917,74474,24390,2212,22178,160195,34696,15785,18911,93445,14754,78691,32054,4933,27121,12,033,2022
"Flagler County, Florida",126705,126003,61487,11365,4501,6864,30914,2392,28522,19208,1039,18169,64516,9793,4637,5156,34243,3268,30975,20480,1639,18841,12,035,2022
"Hernando County, Florida",206896,205125,100212,20574,10727,9847,54780,5871,48909,24858,3557,21301,104913,19487,9862,9625,56512,7332,49180,28914,3728,25186,12,053,2022
"Highlands County, Florida",105618,104657,50258,8570,4684,3886,24026,4408,19618,17662,2089,15573,54399,10096,5671,4425,24772,4075,20697,19531,1390,18141,12,055,2022
"Hillsborough County, Florida",1513301,1499216,738100,177043,77075,99968,461308,43939,417369,99749,14738,85011,761116,166907,68373,98534,469214,59185,410029,124995,20705,104290,12,057,2022
"Indian River County, Florida",167352,166101,80884,14404,7974,6430,38932,4250,34682,27548,2701,24847,85217,12074,5293,6781,41804,4579,37225,31339,4240,27099,12,061,2022
"Lake County, Florida",410139,406018,196966,40560,15254,25306,106605,13775,92830,49801,4107,45694,209052,40342,17764,22578,110740,14190,96550,57970,6548,51422,12,069,2022
"Lee County, Florida",822453,816608,401982,76237,33291,42946,212658,23750,188908,113087,10707,102380,414626,72134,31783,40351,218107,27145,190962,124385,12746,111639,12,071,2022
"Leon County, Florida",297369,293360,138890,32119,7820,24299,88285,6101,82184,18486,1607,16879,154470,30673,8222,22451,99761,9001,90760,24036,3096,20940,12,073,2022
"Manatee County, Florida",429125,424667,205719,39369,14503,24866,110277,6507,103770,56073,3531,52542,218948,37689,13980,23709,115685,11510,104175,65574,6432,59142,12,081,2022
"Marion County, Florida",396415,387714,188477,40120,19897,20223,96270,13869,82401,52087,5536,46551,199237,36885,15965,20920,101489,18480,83009,60863,7759,53104,12,083,2022
"Martin County, Florida",162006,158687,78080,14093,4737,9356,39836,3864,35972,24151,2375,21776,80607,13674,4227,9447,39514,3504,36010,27419,2584,24835,12,085,2022
"Miami-Dade County, Florida",2673837,2651246,1300242,286487,140837,145650,825119,87153,737966,188636,56081,132555,1351004,273549,129812,143737,816175,115097,701078,261280,97015,164265,12,086,2022
"Monroe County, Florida",81708,80204,41648,6696,2407,4289,24190,2831,21359,10762,1269,9493,38556,6782,3355,3427,22194,2296,19898,9580,1362,8218,12,087,2022
"Nassau County, Florida",97899,95773,45722,9013,2492,6521,25983,1402,24581,10726,859,9867,50051,10306,1744,8562,27166,2845,24321,12579,742,11837,12,089,2022
"Okaloosa County, Florida",216482,200562,98603,25984,8089,17895,56372,3230,53142,16247,1280,14967,101959,23396,7248,16148,59805,3602,56203,18758,1728,17030,12,091,2022
"Orange County, Florida",1452726,1439139,707035,166558,64253,102305,457799,38146,419653,82678,12189,70489,732104,160450,54761,105689,467341,52023,415318,104313,21362,82951,12,095,2022
"Osceola County, Florida",422545,420767,209844,54733,25684,29049,130764,17404,113360,24347,4043,20304,210923,49814,24858,24956,129931,26035,103896,31178,6783,24395,12,097,2022
"Palm Beach County, Florida",1518477,1504587,733828,151014,56327,94687,415615,30630,384985,167199,16709,150490,770759,146230,54101,92129,416983,37718,379265,207546,22027,185519,12,099,2022
"Pasco County, Florida",608794,602905,295898,65504,21726,43778,169969,16876,153093,60425,6255,54170,307007,62001,21075,40926,173413,23794,149619,71593,8983,62610,12,101,2022
"Pinellas County, Florida",961739,948201,457943,77537,28801,48736,269012,20734,248278,111394,11911,99483,490258,74983,25077,49906,278886,29003,249883,136389,16829,119560,12,103,2022
"Polk County, Florida",787404,778815,383685,93453,46282,47171,220278,23022,197256,69954,7176,62778,395130,88299,43461,44838,225284,33456,191828,81547,10143,71404,12,105,2022
"Putnam County, Florida",74731,73390,35958,8267,6187,2080,19176,3612,15564,8515,1092,7423,37432,8128,6240,1888,20051,7558,12493,9253,1243,8010,12,107,2022
"St. Johns County, Florida",306841,304464,149168,35404,5831,29573,84163,3177,80986,29601,1377,28224,155296,33861,4481,29380,86791,5053,81738,34644,3359,31285,12,109,2022
"St. Lucie County, Florida",358704,356486,175181,38589,15639,22950,95775,11208,84567,40817,2611,38206,181305,35755,17127,18628,99009,14850,84159,46541,5914,40627,12,111,2022
"Santa Rosa County, Florida",198268,187877,93183,24178,6739,17439,54148,3001,51147,14857,755,14102,94694,20968,4912,16056,56858,6677,50181,16868,1754,15114,12,113,2022
"Sarasota County, Florida",462286,455853,218189,33027,8979,24048,107055,6702,100353,78107,5197,72910,237664,32377,9798,22579,113360,9559,103801,91927,7090,84837,12,115,2022
"Seminole County, Florida",478772,475397,232207,52467,16517,35950,145786,10950,134836,33954,3520,30434,243190,51312,16980,34332,147916,18552,129364,43962,7198,36764,12,117,2022
"Sumter County, Florida",144970,137265,63322,4611,2163,2448,20516,1675,18841,38195,3746,34449,73943,6187,4162,2025,22682,3288,19394,45074,2649,42425,12,119,2022
"Volusia County, Florida",579192,570862,279020,55291,20477,34814,157937,16547,141390,65792,7729,58063,291842,51780,22311,29469,162635,22743,139892,77427,10731,66696,12,127,2022
"Walton County, Florida",83304,81424,40424,8973,2908,6065,23629,2532,21097,7822,811,7011,41000,8611,3625,4986,24046,2885,21161,8343,657,7686,12,131,2022
"Barrow County, Georgia",89299,88886,43365,12546,4423,8123,25934,1078,24856,4885,665,4220,45521,11479,4800,6679,27304,2341,24963,6738,1159,5579,13,013,2022
"Bartow County, Georgia",112816,112001,54506,13290,5189,8101,33826,2680,31146,7390,705,6685,57495,14329,4948,9381,34844,2991,31853,8322,638,7684,13,015,2022
"Bibb County, Georgia",156197,152468,70753,20428,10451,9977,39770,4165,35605,10555,1674,8881,81715,18569,9543,9026,47960,8233,39727,15186,3073,12113,13,021,2022
"Bulloch County, Georgia",83059,82548,40338,8834,5368,3466,26951,1888,25063,4553,184,4369,42210,8996,4907,4089,27850,3492,24358,5364,724,4640,13,031,2022
"Carroll County, Georgia",124592,123527,60230,16969,6324,10645,35574,2546,33028,7687,1662,6025,63297,15792,5707,10085,37498,3947,33551,10007,1723,8284,13,045,2022
"Catoosa County, Georgia",68826,68348,33901,8780,3858,4922,19353,959,18394,5768,462,5306,34447,7100,2222,4878,20177,2220,17957,7170,1287,5883,13,047,2022
"Chatham County, Georgia",301107,292550,136660,33246,15350,17896,82255,5209,77046,21159,2498,18661,155890,33714,14726,18988,94041,9953,84088,28135,5328,22807,13,051,2022
"Cherokee County, Georgia",281278,279715,139062,34767,8390,26377,83351,2298,81053,20944,1246,19698,140653,31257,7363,23894,84560,4642,79918,24836,2228,22608,13,057,2022
"Clarke County, Georgia",129875,128941,60622,11087,6046,5041,42993,2290,40703,6542,972,5570,68319,14253,5734,8519,45158,5046,40112,8908,872,8036,13,059,2022
"Clayton County, Georgia",296564,293944,136314,42274,29421,12853,80534,7856,72678,13506,3523,9983,157630,41596,27515,14081,97567,15892,81675,18467,3217,15250,13,063,2022
"Cobb County, Georgia",771952,767114,373511,92873,27106,65767,234801,9776,225025,45837,3503,42334,393603,89452,29062,60390,244841,15213,229628,59310,8000,51310,13,067,2022
"Columbia County, Georgia",162419,157848,75003,20800,3409,17391,43771,2933,40838,10432,1320,9112,82845,21676,4505,17171,47521,3140,44381,13648,2091,11557,13,073,2022
"Coweta County, Georgia",152882,151779,74261,18887,5059,13828,45110,4700,40410,10264,1200,9064,77518,18353,6939,11414,46347,5214,41133,12818,1440,11378,13,077,2022
"DeKalb County, Georgia",762820,757974,358348,90532,35486,55046,224599,21176,203423,43217,5830,37387,399626,87155,35508,51647,250337,25194,225143,62134,9476,52658,13,089,2022
"Dougherty County, Georgia",82966,80906,36752,11025,7371,3654,19951,2627,17324,5776,1446,4330,44154,10056,6362,3694,26063,5060,21003,8035,1606,6429,13,095,2022
"Douglas County, Georgia",147316,146001,70175,20804,8535,12269,41711,2088,39623,7660,670,6990,75826,17873,7851,10022,47697,6942,40755,10256,808,9448,13,097,2022
"Effingham County, Georgia",69041,68427,33728,9400,2736,6664,20538,1098,19440,3790,1185,2605,34699,9699,2298,7401,20367,1896,18471,4633,1198,3435,13,103,2022
"Fayette County, Georgia",122030,121258,58875,14720,2705,12015,33361,1683,31678,10794,608,10186,62383,14264,3023,11241,34973,1829,33144,13146,1421,11725,13,113,2022
"Floyd County, Georgia",99443,97803,48567,12901,6008,6893,27982,3248,24734,7684,518,7166,49236,11015,5257,5758,29002,5963,23039,9219,1332,7887,13,115,2022
"Forsyth County, Georgia",267237,265988,132529,36989,3814,33175,79761,1927,77834,15779,1165,14614,133459,35426,5275,30151,79002,3167,75835,19031,1774,17257,13,117,2022
"Fulton County, Georgia",1074634,1066259,518280,122789,39390,83399,338799,14610,324189,56692,8121,48571,547979,116965,37366,79599,353741,34487,319254,77273,13370,63903,13,121,2022
"Glynn County, Georgia",85079,84225,38925,9207,3431,5776,21253,1600,19653,8465,566,7899,45300,9896,4043,5853,24161,1867,22294,11243,2075,9168,13,127,2022
"Gwinnett County, Georgia",975353,969636,473934,134475,54871,79604,290327,15413,274914,49132,5034,44098,495702,130037,52757,77280,304642,26676,277966,61023,8137,52886,13,135,2022
"Hall County, Georgia",212692,210649,103749,26855,12159,14696,61845,4029,57816,15049,1219,13830,106900,26288,12784,13504,62120,6359,55761,18492,1930,16562,13,139,2022
"Henry County, Georgia",248364,246760,117659,33791,12759,21032,70577,4668,65909,13291,1796,11495,129101,31785,10571,21214,79860,7261,72599,17456,2260,15196,13,151,2022
"Houston County, Georgia",169631,165862,79819,23567,6477,17090,45781,2936,42845,10471,1504,8967,86043,21953,7149,14804,51102,5828,45274,12988,2191,10797,13,153,2022
"Jackson County, Georgia",83936,83288,40893,11204,3147,8057,24415,890,23525,5274,305,4969,42395,10368,3827,6541,25566,3053,22513,6461,527,5934,13,157,2022
"Liberty County, Georgia",68030,59785,28546,9131,4073,5058,16254,1326,14928,3161,638,2523,31239,9738,3997,5741,17600,2765,14835,3901,734,3167,13,179,2022
"Lowndes County, Georgia",119739,114773,53704,16482,5072,11410,30699,1370,29329,6523,1390,5133,61069,14768,5955,8813,37334,5630,31704,8967,2163,6804,13,185,2022
"Muscogee County, Georgia",202616,190520,87563,27483,15420,12063,47891,6321,41570,12189,2642,9547,102957,26479,10463,16016,59460,11549,47911,17018,4097,12921,13,215,2022
"Newton County, Georgia",117621,116791,55587,16341,6584,9757,32835,2613,30222,6411,847,5564,61204,14403,7732,6671,37852,3919,33933,8949,1063,7886,13,217,2022
"Paulding County, Georgia",178421,177498,87806,25007,7586,17421,53920,5662,48258,8879,1107,7772,89692,21931,7804,14127,56137,7769,48368,11624,2116,9508,13,223,2022
"Richmond County, Georgia",206640,196250,91830,24684,15430,9254,54563,8052,46511,12583,2527,10056,104420,24337,12772,11565,62150,12579,49571,17933,3811,14122,13,245,2022
"Rockdale County, Georgia",94984,94023,43841,11510,5648,5862,25850,1314,24536,6481,531,5950,50182,11862,4381,7481,29935,2938,26997,8385,653,7732,13,247,2022
"Spalding County, Georgia",68919,68298,32730,8606,6237,2369,18567,1732,16835,5557,790,4767,35568,7687,4428,3259,20672,5007,15665,7209,1643,5566,13,255,2022
"Troup County, Georgia",70191,68870,32875,9513,5197,4316,18689,3500,15189,4673,1276,3397,35995,7880,4427,3453,22067,3350,18717,6048,1876,4172,13,285,2022
"Walker County, Georgia",68915,67240,32833,7763,4239,3524,19267,2086,17181,5803,644,5159,34407,7172,3140,4032,19943,3048,16895,7292,1537,5755,13,295,2022
"Walton County, Georgia",103065,102341,50423,13755,5692,8063,29220,1130,28090,7448,531,6917,51918,11772,2992,8780,30920,4492,26428,9226,1778,7448,13,297,2022
"Whitfield County, Georgia",103132,102287,51113,13792,6725,7067,30008,2517,27491,7313,565,6748,51174,13447,6830,6617,29689,4835,24854,8038,1020,7018,13,313,2022
"Hawaii County, Hawaii",206315,204626,101191,23188,11331,11857,55058,11945,43113,22945,1885,21060,103435,21547,11197,10350,57315,14330,42985,24573,2907,21666,15,001,2022
"Honolulu County, Hawaii",995638,943535,459313,109237,33835,75402,264846,35825,229021,85230,10125,75105,484222,104399,33506,70893,273344,44271,229073,106479,13296,93183,15,003,2022
"Kauai County, Hawaii",73810,72928,36966,9381,4839,4542,20009,4397,15612,7576,526,7050,35962,7558,4105,3453,19678,4598,15080,8726,1215,7511,15,007,2022
"Maui County, Hawaii",164365,162543,80452,17758,6004,11754,46720,6160,40560,15974,713,15261,82091,17990,5526,12464,45912,7192,38720,18189,1741,16448,15,009,2022
"Ada County, Idaho",518907,509001,255443,62769,15123,47646,154540,15468,139072,38134,3631,34503,253558,58620,13542,45078,150924,19149,131775,44014,4188,39826,16,001,2022
"Bannock County, Idaho",89517,88575,43362,11848,5666,6182,25403,5474,19929,6111,1858,4253,45213,12392,4204,8188,25446,6443,19003,7375,1205,6170,16,005,2022
"Bonneville County, Idaho",129496,128132,64733,19637,9611,10026,37044,7814,29230,8052,855,7197,63399,20919,9417,11502,33119,8548,24571,9361,1528,7833,16,019,2022
"Canyon County, Idaho",251065,248991,124455,35838,14525,21313,71929,10544,61385,16688,2130,14558,124536,34217,14670,19547,71204,12981,58223,19115,2557,16558,16,027,2022
"Kootenai County, Idaho",183578,182187,90560,21991,6516,15475,51740,7730,44010,16829,1439,15390,91627,20359,6231,14128,51553,9545,42008,19715,1265,18450,16,055,2022
"Twin Falls County, Idaho",93696,92417,44635,12181,4621,7560,25719,4930,20789,6735,1133,5602,47782,13665,6325,7340,26220,6003,20217,7897,815,7082,16,083,2022
"Champaign County, Illinois",206542,205343,100479,21176,7626,13550,66319,9209,57110,12984,769,12215,104864,23064,8557,14507,65922,11901,54021,15878,1165,14713,17,019,2022
"Cook County, Illinois",5109292,5066018,2471466,574935,255753,319182,1551444,221052,1330392,345087,50297,294790,2594552,554607,243597,311010,1582011,301282,1280729,457934,83193,374741,17,031,2022
"DeKalb County, Illinois",100232,99635,49234,11950,5318,6632,30507,4411,26096,6777,405,6372,50401,10841,3926,6915,31484,7060,24424,8076,781,7295,17,037,2022
"DuPage County, Illinois",920901,914311,453338,108863,23916,84947,273542,20349,253193,70933,4563,66370,460973,104763,22863,81900,269319,31350,237969,86891,8628,78263,17,043,2022
"Kane County, Illinois",514182,510764,256201,65506,26072,39434,155430,14842,140588,35265,4013,31252,254563,61678,21998,39680,149896,21079,128817,42989,3951,39038,17,089,2022
"Kankakee County, Illinois",106074,104858,51807,12911,4704,8207,30170,4752,25418,8726,480,8246,53051,12383,5048,7335,30788,7297,23491,9880,930,8950,17,091,2022
"Kendall County, Illinois",137254,136912,67702,19802,3743,16059,40508,4491,36017,7392,1219,6173,69210,19600,4558,15042,41066,4884,36182,8544,668,7876,17,093,2022
"Lake County, Illinois",709150,690992,346121,89832,24041,65791,205204,16395,188809,51085,4409,46676,344871,82564,18659,63905,202244,22384,179860,60063,6227,53836,17,097,2022
"LaSalle County, Illinois",108078,105310,52494,11970,5331,6639,31076,4414,26662,9448,680,8768,52816,11740,4330,7410,29559,5953,23606,11517,1116,10401,17,099,2022
"McHenry County, Illinois",311747,310295,156186,37170,9366,27804,95359,6929,88430,23657,1607,22050,154109,35510,8719,26791,91428,8881,82547,27171,2786,24385,17,111,2022
"McLean County, Illinois",171141,170241,82915,18850,5234,13616,53290,5053,48237,10775,314,10461,87326,20382,5111,15271,53496,5292,48204,13448,620,12828,17,113,2022
"Macon County, Illinois",101483,99972,48686,12688,5010,7678,26839,4642,22197,9159,986,8173,51286,11364,4452,6912,28215,7991,20224,11707,1231,10476,17,115,2022
"Madison County, Illinois",263864,261425,127841,30518,12809,17709,76430,11483,64947,20893,1487,19406,133584,29378,9427,19951,77526,18303,59223,26680,3051,23629,17,119,2022
"Peoria County, Illinois",178383,175871,87058,23776,9876,13900,48773,6984,41789,14509,2526,11983,88813,20566,7925,12641,51126,11335,39791,17121,1561,15560,17,143,2022
"Rock Island County, Illinois",141527,139219,68858,17778,6674,11104,38474,4413,34061,12606,1291,11315,70361,15223,4765,10458,39148,7745,31403,15990,2033,13957,17,161,2022
"St. Clair County, Illinois",252671,246749,118043,30764,10781,19983,68094,11103,56991,19185,1351,17834,128706,30597,12115,18482,73802,20453,53349,24307,3572,20735,17,163,2022
"Sangamon County, Illinois",194534,192153,93270,23411,7735,15676,53675,7878,45797,16184,945,15239,98883,21237,7188,14049,56448,10606,45842,21198,1935,19263,17,167,2022
"Tazewell County, Illinois",129911,126635,62459,15654,5442,10212,35448,4882,30566,11357,870,10487,64176,13768,4262,9506,36372,6746,29626,14036,2123,11913,17,179,2022
"Vermilion County, Illinois",72337,69475,33550,8844,5070,3774,18481,2929,15552,6225,320,5905,35925,8339,4268,4071,19666,6786,12880,7920,1022,6898,17,183,2022
"Will County, Illinois",696757,690575,344444,87428,24478,62950,211279,18727,192552,45737,2716,43021,346131,85261,23466,61795,206792,27602,179190,54078,4196,49882,17,197,2022
"Williamson County, Illinois",66695,64442,31623,7377,2817,4560,18421,3802,14619,5825,694,5131,32819,6935,2942,3993,18718,5701,13017,7166,970,6196,17,199,2022
"Winnebago County, Illinois",282188,279044,138308,36537,19422,17115,78109,14268,63841,23662,2063,21599,140736,32124,15886,16238,80731,23974,56757,27881,2802,25079,17,201,2022
"Allen County, Indiana",391449,387597,191048,52739,17753,34986,112154,13107,99047,26155,1931,24224,196549,50591,17537,33054,112986,23100,89886,32972,3618,29354,18,003,2022
"Bartholomew County, Indiana",83540,82562,40533,10276,3976,6300,23978,3908,20070,6279,607,5672,42029,10643,4187,6456,23850,3854,19996,7536,894,6642,18,005,2022
"Boone County, Indiana",74164,73574,36208,10087,1137,8950,21210,1055,20155,4911,257,4654,37366,9435,1219,8216,21435,1870,19565,6496,290,6206,18,011,2022
"Clark County, Indiana",124237,122896,60359,15217,5380,9837,36397,4563,31834,8745,1064,7681,62537,13499,3335,10164,37535,4996,32539,11503,1245,10258,18,019,2022
"Delaware County, Indiana",112031,110437,53101,10887,4801,6086,34034,6341,27693,8180,1066,7114,57336,11404,5533,5871,35449,8911,26538,10483,1715,8768,18,035,2022
"Elkhart County, Indiana",206890,205512,100734,28841,10198,18643,58090,5946,52144,13803,1378,12425,104778,28889,10440,18449,57747,11099,46648,18142,2872,15270,18,039,2022
"Floyd County, Indiana",80714,79569,39179,9674,2422,7252,23441,3518,19923,6064,586,5478,40390,9046,2827,6219,23929,4427,19502,7415,938,6477,18,043,2022
"Grant County, Indiana",66022,65326,31971,7841,4327,3514,18687,5092,13595,5443,687,4756,33355,7438,4066,3372,19112,5016,14096,6805,594,6211,18,053,2022
"Hamilton County, Indiana",364921,362253,178740,49161,5413,43748,107323,5513,101810,22256,987,21269,183513,47486,5277,42209,109504,7552,101952,26523,1685,24838,18,057,2022
"Hancock County, Indiana",83070,82396,40655,10809,1940,8869,23449,832,22617,6397,435,5962,41741,9258,1527,7731,24310,2001,22309,8173,579,7594,18,059,2022
"Hendricks County, Indiana",182534,175907,85525,24203,5106,19097,49967,3133,46834,11355,944,10411,90382,22553,4305,18248,53014,5066,47948,14815,1028,13787,18,063,2022
"Howard County, Indiana",83574,82455,40517,10420,4373,6047,22547,4168,18379,7550,852,6698,41938,9130,3299,5831,23432,5595,17837,9376,1361,8015,18,067,2022
"Johnson County, Indiana",165782,163067,79880,21044,3937,17107,47439,5005,42434,11397,1035,10362,83187,21508,4638,16870,47829,6425,41404,13850,1471,12379,18,081,2022
"Kosciusko County, Indiana",80826,80246,40264,10606,4982,5624,23036,2810,20226,6622,748,5874,39982,9121,3604,5517,22982,4309,18673,7879,1179,6700,18,085,2022
"Lake County, Indiana",499689,495866,241829,61658,25940,35718,141406,20829,120577,38765,3708,35057,254037,60017,24909,35108,145404,36519,108885,48616,5136,43480,18,089,2022
"LaPorte County, Indiana",111675,105114,51697,13002,8039,4963,29470,5993,23477,9225,1193,8032,53417,11907,5747,6160,30056,7861,22195,11454,1794,9660,18,091,2022
"Madison County, Indiana",131744,128042,63918,16045,8594,7451,37024,6631,30393,10849,1899,8950,64124,13967,7435,6532,36457,11568,24889,13700,3038,10662,18,095,2022
"Marion County, Indiana",969466,961099,465626,126500,60026,66474,284204,49723,234481,54922,5828,49094,495473,120680,56720,63960,302478,68223,234255,72315,14073,58242,18,097,2022
"Monroe County, Indiana",139745,138703,69356,13444,3919,9525,47135,4102,43033,8777,523,8254,69347,13092,3400,9692,45154,6886,38268,11101,690,10411,18,105,2022
"Morgan County, Indiana",72236,71437,35584,8825,3146,5679,20821,2444,18377,5938,417,5521,35853,7989,2916,5073,20979,3781,17198,6885,1064,5821,18,109,2022
"Porter County, Indiana",174791,173194,86275,20835,7224,13611,51463,4132,47331,13977,940,13037,86919,17977,5071,12906,52428,8231,44197,16514,1163,15351,18,127,2022
"St. Joseph County, Indiana",272234,269551,131691,34544,15389,19155,77227,9836,67391,19920,1875,18045,137860,33407,12344,21063,79676,16976,62700,24777,2516,22261,18,141,2022
"Tippecanoe County, Indiana",188717,187076,96435,22929,7652,15277,63147,4574,58573,10359,520,9839,90641,21472,7357,14115,56809,8435,48374,12360,1046,11314,18,157,2022
"Vanderburgh County, Indiana",179744,177405,87030,21007,8407,12600,51661,9895,41766,14362,1090,13272,90375,19697,9964,9733,53184,12734,40450,17494,2664,14830,18,163,2022
"Vigo County, Indiana",106006,102406,49942,11587,4362,7225,31173,6972,24201,7182,897,6285,52464,11471,4172,7299,30715,9405,21310,10278,1510,8768,18,167,2022
"Warrick County, Indiana",65185,64272,31412,7330,1395,5935,18811,2358,16453,5271,241,5030,32860,8343,2192,6151,18081,3092,14989,6436,500,5936,18,173,2022
"Wayne County, Indiana",66273,65068,31750,7808,4668,3140,18710,3985,14725,5232,495,4737,33318,7788,4233,3555,18697,6014,12683,6833,1600,5233,18,177,2022
"Black Hawk County, Iowa",130274,128790,63321,15267,7612,7655,37987,7151,30836,10067,896,9171,65469,14931,7519,7412,38138,10001,28137,12400,1528,10872,19,013,2022
"Dallas County, Iowa",108016,107318,53127,15542,3023,12519,32046,1902,30144,5539,670,4869,54191,14089,3443,10646,32598,3091,29507,7504,1200,6304,19,049,2022
"Dubuque County, Iowa",98677,97412,49086,11049,3627,7422,29809,3578,26231,8228,1009,7219,48326,11175,3901,7274,27134,4753,22381,10017,1061,8956,19,061,2022
"Johnson County, Iowa",156420,154065,77579,18494,4335,14159,49820,4789,45031,9265,392,8873,76486,14960,3958,11002,50599,6155,44444,10927,1142,9785,19,103,2022
"Linn County, Iowa",229033,227036,112669,27263,8676,18587,67775,9155,58620,17631,1345,16286,114367,25884,7843,18041,67275,12923,54352,21208,1865,19343,19,113,2022
"Polk County, Iowa",501089,495597,247544,63986,23635,40351,153014,21460,131554,30544,2571,27973,248053,62117,21125,40992,147799,27124,120675,38137,4867,33270,19,153,2022
"Pottawattamie County, Iowa",93173,90744,46368,11779,4636,7143,26670,3949,22721,7919,1128,6791,44376,10549,4812,5737,25571,5747,19824,8256,958,7298,19,155,2022
"Scott County, Iowa",173924,172277,84362,20062,5833,14229,50629,6416,44213,13671,1251,12420,87915,21534,7116,14418,50331,10571,39760,16050,1674,14376,19,163,2022
"Story County, Iowa",99673,99128,51593,11645,1947,9698,34189,2060,32129,5759,490,5269,47535,10325,1913,8412,30312,2171,28141,6898,567,6331,19,169,2022
"Woodbury County, Iowa",105671,104473,53053,14968,6965,8003,30325,4116,26209,7760,629,7131,51420,13099,5806,7293,28856,6628,22228,9465,1594,7871,19,193,2022
"Butler County, Kansas",68240,65763,32842,9037,3182,5855,18595,812,17783,5210,458,4752,32921,7989,2216,5773,19181,1277,17904,5751,600,5151,20,015,2022
"Douglas County, Kansas",119964,119400,60055,11842,2338,9504,40643,2246,38397,7570,205,7365,59345,12135,3020,9115,37983,2455,35528,9227,237,8990,20,045,2022
"Johnson County, Kansas",619195,614579,304310,77144,9724,67420,183514,6744,176770,43652,2508,41144,310269,75595,10692,64903,180724,8195,172529,53950,4367,49583,20,091,2022
"Leavenworth County, Kansas",82892,77615,40273,11108,2341,8767,22969,1560,21409,6196,350,5846,37342,8648,1662,6986,21335,1513,19822,7359,829,6530,20,103,2022
"Riley County, Kansas",71108,63984,31062,5645,1902,3743,21824,1016,20808,3593,565,3028,32922,6803,1945,4858,22461,1413,21048,3658,513,3145,20,161,2022
"Sedgwick County, Kansas",525525,516576,255041,69179,26259,42920,148814,11519,137295,37048,2423,34625,261535,67185,24061,43124,150102,17916,132186,44248,3630,40618,20,173,2022
"Shawnee County, Kansas",177480,173900,85070,22374,6660,15714,47708,5034,42674,14988,1678,13310,88830,19982,5960,14022,50385,6613,43772,18463,1629,16834,20,177,2022
"Wyandotte County, Kansas",165746,164054,81977,23970,13573,10397,47976,5545,42431,10031,1643,8388,82077,22431,10623,11808,46743,7578,39165,12903,2601,10302,20,209,2022
"Boone County, Kentucky",139093,138068,68124,18540,5710,12830,40232,5138,35094,9352,741,8611,69944,18302,4700,13602,40314,6521,33793,11328,832,10496,21,015,2022
"Bullitt County, Kentucky",83836,83620,41683,9417,3540,5877,25484,3991,21493,6782,509,6273,41937,8602,4440,4162,25422,5699,19723,7913,1068,6845,21,029,2022
"Campbell County, Kentucky",93300,92082,45949,10089,2343,7746,28709,3256,25453,7151,1262,5889,46133,9882,3053,6829,27704,4342,23362,8547,1014,7533,21,037,2022
"Christian County, Kentucky",73037,64858,30074,10346,3942,6404,16008,3202,12806,3720,748,2972,34784,10877,4169,6708,18223,4685,13538,5684,1390,4294,21,047,2022
"Daviess County, Kentucky",103222,102369,50230,12727,5079,7648,29682,4294,25388,7821,927,6894,52139,12843,5521,7322,29052,10006,19046,10244,975,9269,21,059,2022
"Fayette County, Kentucky",320347,315635,154192,36207,14298,21909,97454,13744,83710,20531,2192,18339,161443,35961,14842,21119,98782,20068,78714,26700,2701,23999,21,067,2022
"Hardin County, Kentucky",111862,105339,50783,14164,6135,8029,29140,6137,23003,7479,850,6629,54556,14185,7464,6721,30624,8001,22623,9747,1195,8552,21,093,2022
"Jefferson County, Kentucky",773399,765590,372972,90623,38677,51946,224206,35969,188237,58143,6144,51999,392618,86086,40491,45595,232411,55266,177145,74121,8347,65774,21,111,2022
"Kenton County, Kentucky",170313,169454,85450,21460,7062,14398,51335,5871,45464,12655,1917,10738,84004,18920,6586,12334,50988,8618,42370,14096,1831,12265,21,117,2022
"McCracken County, Kentucky",67490,66563,32677,9467,4902,4565,17344,3067,14277,5866,942,4924,33886,7095,3521,3574,18779,4249,14530,8012,472,7540,21,145,2022
"Madison County, Kentucky",95187,94367,46793,10287,5379,4908,30633,5582,25051,5873,367,5506,47574,10560,5062,5498,29486,7590,21896,7528,962,6566,21,151,2022
"Oldham County, Kentucky",69431,65272,32693,8852,2059,6793,19302,2289,17013,4539,435,4104,32579,8494,1281,7213,18965,2299,16666,5120,986,4134,21,185,2022
"Pulaski County, Kentucky",65795,64629,31491,7789,5145,2644,18104,6009,12095,5598,1054,4544,33138,6955,4126,2829,19516,7532,11984,6667,2034,4633,21,199,2022
"Warren County, Kentucky",139843,138827,69062,17820,7979,9841,42735,7049,35686,8507,867,7640,69765,17099,7338,9761,42911,10632,32279,9755,2042,7713,21,227,2022
"Ascension Parish, Louisiana",130458,129640,63927,18434,6586,11848,37593,6235,31358,7900,1303,6597,65713,17599,5337,12262,38646,6202,32444,9468,1458,8010,22,005,2022
"Bossier Parish, Louisiana",129276,122322,59403,17118,6543,10575,33675,5447,28228,8610,1100,7510,62919,15847,7716,8131,36004,7863,28141,11068,1539,9529,22,015,2022
"Caddo Parish, Louisiana",229025,223250,104060,27510,16608,10902,59031,18307,40724,17519,2618,14901,119190,27508,17818,9690,67266,26262,41004,24416,4403,20013,22,017,2022
"Calcasieu Parish, Louisiana",202418,200977,99572,27129,13311,13818,57695,12983,44712,14748,2124,12624,101405,25054,11168,13886,58708,18287,40421,17643,4197,13446,22,019,2022
"East Baton Rouge Parish, Louisiana",450544,446497,212949,55128,24551,30577,128182,23853,104329,29639,4366,25273,233548,54575,26395,28180,139995,40579,99416,38978,5674,33304,22,033,2022
"Iberia Parish, Louisiana",68327,67699,32390,8542,6048,2494,18886,5619,13267,4962,1190,3772,35309,9172,6690,2482,20013,8816,11197,6124,1387,4737,22,045,2022
"Jefferson Parish, Louisiana",425884,422945,204558,49835,26419,23416,119241,26071,93170,35482,4800,30682,218387,48263,23835,24428,125375,35889,89486,44749,7730,37019,22,051,2022
"Lafayette Parish, Louisiana",247866,245068,119071,31508,14558,16950,71305,13739,57566,16258,1385,14873,125997,29918,14682,15236,76266,20670,55596,19813,3944,15869,22,055,2022
"Lafourche Parish, Louisiana",95870,94595,47724,10922,4630,6292,29450,7091,22359,7352,1330,6022,46871,9751,3006,6745,28736,7054,21682,8384,1175,7209,22,057,2022
"Livingston Parish, Louisiana",148425,147073,71914,19150,8194,10956,43524,7738,35786,9240,1721,7519,75159,19300,7352,11948,44830,11861,32969,11029,1367,9662,22,063,2022
"Orleans Parish, Louisiana",369749,364984,171416,38577,20304,18273,105499,28190,77309,27340,5984,21356,193568,37164,19939,17225,121540,37410,84130,34864,7960,26904,22,071,2022
"Ouachita Parish, Louisiana",157702,154846,74135,20124,12344,7780,43443,12448,30995,10568,930,9638,80711,19222,12665,6557,47235,18594,28641,14254,2809,11445,22,073,2022
"Rapides Parish, Louisiana",127189,124323,59631,16443,7939,8504,34192,9599,24593,8996,1290,7706,64692,15788,8586,7202,36989,12493,24496,11915,2252,9663,22,079,2022
"St. Landry Parish, Louisiana",81773,80763,38782,11517,8495,3022,21478,7629,13849,5787,1141,4646,41981,11109,7775,3334,23324,8857,14467,7548,2502,5046,22,097,2022
"St. Tammany Parish, Louisiana",273263,271192,133903,35532,16985,18547,75038,11652,63386,23333,1701,21632,137289,31819,16122,15697,78653,21280,57373,26817,3278,23539,22,103,2022
"Tangipahoa Parish, Louisiana",137048,136006,65392,17601,9322,8279,38265,10055,28210,9526,1834,7692,70614,18318,11835,6483,40829,14097,26732,11467,3555,7912,22,105,2022
"Terrebonne Parish, Louisiana",104786,103796,50562,12986,7792,5194,29672,7909,21763,7904,1385,6519,53234,13631,8098,5533,30156,10848,19308,9447,2772,6675,22,109,2022
"Androscoggin County, Maine",113023,111168,55137,12342,5993,6349,33854,5386,28468,8941,1505,7436,56031,11323,4527,6796,33600,6422,27178,11108,1562,9546,23,001,2022
"Aroostook County, Maine",67255,66220,33357,6462,2692,3770,18537,4463,14074,8358,2539,5819,32863,6196,2950,3246,17900,4550,13350,8767,2132,6635,23,003,2022
"Cumberland County, Maine",307451,304044,148479,29797,7909,21888,91173,9649,81524,27509,2556,24953,155565,28812,8183,20629,93041,11613,81428,33712,3453,30259,23,005,2022
"Kennebec County, Maine",125540,124032,60460,12251,4686,7565,36390,6204,30186,11819,1837,9982,63572,12150,5482,6668,37425,8530,28895,13997,2606,11391,23,011,2022
"Penobscot County, Maine",153704,151937,75554,14372,4921,9451,47503,9290,38213,13679,2107,11572,76383,14288,5205,9083,46029,11602,34427,16066,2790,13276,23,019,2022
"York County, Maine",216732,214555,104590,20522,4780,15742,62038,6814,55224,22030,2258,19772,109965,19753,6075,13678,64376,8556,55820,25836,3212,22624,23,031,2022
"Allegany County, Maryland",67267,62231,30979,6565,2919,3646,18387,5681,12706,6027,1100,4927,31252,6095,2567,3528,17686,6787,10899,7471,1151,6320,24,001,2022
"Anne Arundel County, Maryland",593286,575880,280589,70829,14163,56666,167877,15762,152115,41883,2278,39605,295291,67041,11359,55682,176486,18170,158316,51764,6286,45478,24,003,2022
"Baltimore County, Maryland",846161,839883,399677,98318,35923,62395,236894,37780,199114,64465,7346,57119,440206,95673,35515,60158,257036,47210,209826,87497,13980,73517,24,005,2022
"Calvert County, Maryland",94573,92818,46423,12401,2559,9842,26946,2503,24443,7076,488,6588,46395,11161,2049,9112,26444,3329,23115,8790,760,8030,24,009,2022
"Carroll County, Maryland",175305,172709,86373,21932,4901,17031,50524,4232,46292,13917,1051,12866,86336,19217,3925,15292,50176,5497,44679,16943,1735,15208,24,013,2022
"Cecil County, Maryland",104942,102930,50732,12894,5343,7551,29847,4317,25530,7991,599,7392,52198,11536,3583,7953,31362,6252,25110,9300,921,8379,24,015,2022
"Charles County, Maryland",170102,167999,80836,21405,6961,14444,49303,6723,42580,10128,1162,8966,87163,21383,5650,15733,52995,8759,44236,12785,1883,10902,24,017,2022
"Frederick County, Maryland",287079,284563,140743,34962,5810,29152,86307,7343,78964,19474,1289,18185,143820,34711,6229,28482,85331,8190,77141,23778,3267,20511,24,021,2022
"Harford County, Maryland",263867,261353,129952,32437,8371,24066,76429,8170,68259,21086,2738,18348,131401,28894,7087,21807,78134,11922,66212,24373,3279,21094,24,025,2022
"Howard County, Maryland",335411,330220,163068,43679,7337,36342,96067,7482,88585,23322,1331,21991,167152,40175,8891,31284,99595,10556,89039,27382,2871,24511,24,027,2022
"Montgomery County, Maryland",1052521,1042506,508021,128966,41678,87288,300389,36020,264369,78666,7382,71284,534485,121083,38834,82249,314185,42908,271277,99217,12720,86497,24,031,2022
"Prince George's County, Maryland",946971,936017,450653,110476,56995,53481,281656,42670,238986,58521,6515,52006,485364,106482,52794,53688,296028,53921,242107,82854,10895,71959,24,033,2022
"St. Mary's County, Maryland",114877,112025,54947,14180,2398,11782,33785,3198,30587,6982,757,6225,57078,14248,2340,11908,35023,5269,29754,7807,1048,6759,24,037,2022
"Washington County, Maryland",155590,149327,73231,17855,7963,9892,42917,8236,34681,12459,1190,11269,76096,17645,8000,9645,43122,11032,32090,15329,1675,13654,24,043,2022
"Wicomico County, Maryland",104664,103779,48320,12250,7015,5235,28640,5493,23147,7430,704,6726,55459,12565,5963,6602,33299,5904,27395,9595,1597,7998,24,045,2022
"Baltimore city, Maryland",569931,562930,260058,63077,38928,24149,162277,41449,120828,34704,8935,25769,302872,61644,36884,24760,188865,56612,132253,52363,13292,39071,24,510,2022
"Barnstable County, Massachusetts",232457,230298,111059,17109,5612,11497,59339,11320,48019,34611,3761,30850,119239,16866,4959,11907,60226,14834,45392,42147,5351,36796,25,001,2022
"Berkshire County, Massachusetts",127859,126295,62163,10374,3970,6404,37567,9314,28253,14222,1231,12991,64132,10636,4586,6050,36563,8513,28050,16933,2386,14547,25,003,2022
"Bristol County, Massachusetts",580068,574703,281027,62396,29764,32632,173962,36855,137107,44669,6982,37687,293676,61138,26489,34649,176684,50903,125781,55854,10810,45044,25,005,2022
"Essex County, Massachusetts",806765,800816,389774,91180,37053,54127,234164,49944,184220,64430,12851,51579,411042,86097,34507,51590,243528,64045,179483,81417,16726,64691,25,009,2022
"Franklin County, Massachusetts",70894,70311,34674,6329,2901,3428,20246,6256,13990,8099,1279,6820,35637,5775,2886,2889,20498,6817,13681,9364,1642,7722,25,011,2022
"Hampden County, Massachusetts",461041,457032,223032,54115,26684,27431,132625,41000,91625,36292,6698,29594,234000,49439,26502,22937,139428,49140,90288,45133,12293,32840,25,013,2022
"Hampshire County, Massachusetts",162588,161528,77218,14196,4112,10084,48832,7413,41419,14190,1085,13105,84310,13667,3060,10607,53822,8646,45176,16821,2282,14539,25,015,2022
"Middlesex County, Massachusetts",1617105,1601938,789435,171848,41867,129981,501736,67502,434234,115851,13903,101948,812503,163213,36505,126708,502903,86387,416516,146387,26048,120339,25,017,2022
"Norfolk County, Massachusetts",725531,718911,347443,78908,13230,65678,214006,28739,185267,54529,9614,44915,371468,77881,15598,62283,221823,28859,192964,71764,11111,60653,25,021,2022
"Plymouth County, Massachusetts",533069,527780,257938,59804,16465,43339,152124,27600,124524,46010,5424,40586,269842,55231,20458,34773,157376,35729,121647,57235,7970,49265,25,023,2022
"Suffolk County, Massachusetts",766381,761528,368928,68622,36258,32364,257111,56310,200801,43195,13252,29943,392600,68263,33509,34754,266854,68639,198215,57483,19433,38050,25,025,2022
"Worcester County, Massachusetts",862927,852903,422691,96289,35869,60420,260958,54438,206520,65444,10870,54574,430212,90122,31310,58812,261926,60606,201320,78164,14312,63852,25,027,2022
"Allegan County, Michigan",121210,120515,60936,14991,4339,10652,35476,3848,31628,10469,1437,9032,59579,14275,3489,10786,33565,5656,27909,11739,943,10796,26,005,2022
"Bay County, Michigan",102821,102197,51567,11453,5404,6049,30254,6625,23629,9860,1603,8257,50630,9552,4130,5422,29112,9087,20025,11966,2275,9691,26,017,2022
"Berrien County, Michigan",152900,151681,74254,16800,7442,9358,42799,8193,34606,14655,1137,13518,77427,17087,7799,9288,42979,10458,32521,17361,2236,15125,26,021,2022
"Calhoun County, Michigan",133289,131762,63981,15956,6371,9585,37020,6708,30312,11005,1931,9074,67781,15429,7344,8085,39286,9710,29576,13066,2003,11063,26,025,2022
"Clinton County, Michigan",79748,78989,38750,8807,1533,7274,22969,1825,21144,6974,705,6269,40239,8559,1541,7018,23928,2425,21503,7752,836,6916,26,037,2022
"Eaton County, Michigan",108992,108179,52698,11976,4270,7706,31370,4530,26840,9352,662,8690,55481,11156,3605,7551,32513,5800,26713,11812,1716,10096,26,045,2022
"Genesee County, Michigan",401983,399389,192951,46585,23197,23388,113173,30448,82725,33193,4882,28311,206438,46141,25821,20320,119127,41780,77347,41170,5913,35257,26,049,2022
"Grand Traverse County, Michigan",96464,95737,46901,9897,3788,6109,27372,3420,23952,9632,986,8646,48836,9670,2660,7010,28096,5524,22572,11070,1449,9621,26,055,2022
"Ingham County, Michigan",284108,282447,137537,31693,11917,19776,87463,14465,72998,18381,2128,16253,144910,30018,11561,18457,91964,20139,71825,22928,2931,19997,26,065,2022
"Ionia County, Michigan",66809,63610,32449,7189,2233,4956,20237,3554,16683,5023,571,4452,31161,7507,2641,4866,18025,3822,14203,5629,1021,4608,26,067,2022
"Jackson County, Michigan",160066,153269,75899,18682,7831,10851,44051,8055,35996,13166,1394,11772,77370,16945,6534,10411,43638,11166,32472,16787,2882,13905,26,075,2022
"Kalamazoo County, Michigan",261173,258967,127003,30165,9232,20933,78172,10593,67579,18666,1550,17116,131964,29457,7835,21622,79382,12985,66397,23125,2153,20972,26,077,2022
"Kent County, Michigan",659083,653875,324796,81794,25715,56079,199568,24931,174637,43434,3890,39544,329079,78663,25041,53622,197394,35292,162102,53022,5775,47247,26,081,2022
"Lapeer County, Michigan",88780,87618,45027,9969,4591,5378,26559,4681,21878,8499,982,7517,42591,8884,3368,5516,24812,4918,19894,8895,899,7996,26,087,2022
"Lenawee County, Michigan",98567,95530,47873,10657,4703,5954,28298,4506,23792,8918,663,8255,47657,9818,3567,6251,27689,5847,21842,10150,1396,8754,26,091,2022
"Livingston County, Michigan",196161,194728,98089,21186,2803,18383,58565,4659,53906,18338,1598,16740,96639,19678,2863,16815,56844,5773,51071,20117,1553,18564,26,093,2022
"Macomb County, Michigan",874195,867967,424245,96859,35693,61166,258212,43714,214498,69174,10637,58537,443722,92595,34518,58077,262813,57749,205064,88314,13593,74721,26,099,2022
"Marquette County, Michigan",66661,64794,32276,6381,1922,4459,19691,3011,16680,6204,612,5592,32518,6397,1709,4688,19229,3973,15256,6892,612,6280,26,103,2022
"Midland County, Michigan",83674,82828,40746,9125,3087,6038,24488,3773,20715,7133,693,6440,42082,8466,2149,6317,24220,4224,19996,9396,1097,8299,26,111,2022
"Monroe County, Michigan",155609,154346,77431,18020,6567,11453,45325,6514,38811,14086,1441,12645,76915,15990,5814,10176,44642,8495,36147,16283,1119,15164,26,115,2022
"Montcalm County, Michigan",67433,65436,33751,7413,3404,4009,20392,4395,15997,5946,866,5080,31685,7363,3029,4334,17693,4543,13150,6629,579,6050,26,117,2022
"Muskegon County, Michigan",176565,172210,85050,20705,10413,10292,50021,12868,37153,14324,1522,12802,87160,21295,11751,9544,49226,16027,33199,16639,2613,14026,26,121,2022
"Oakland County, Michigan",1269431,1262231,625348,137511,32480,105031,385030,41726,343304,102807,9251,93556,636883,130959,32964,97995,378474,54537,323937,127450,16341,111109,26,125,2022
"Ottawa County, Michigan",300873,299145,149339,38450,9160,29290,88671,6148,82523,22218,1274,20944,149806,35857,9050,26807,87485,8941,78544,26464,2098,24366,26,139,2022
"Saginaw County, Michigan",188330,185205,90493,22511,12861,9650,51366,12584,38782,16616,2351,14265,94712,19097,10292,8805,54687,17981,36706,20928,3033,17895,26,145,2022
"St. Clair County, Michigan",160151,159210,79699,16987,6903,10084,47939,8785,39154,14773,1648,13125,79511,16742,6377,10365,45643,11972,33671,17126,2151,14975,26,147,2022
"Shiawassee County, Michigan",68022,67465,34079,7557,3129,4428,20404,3427,16977,6118,352,5766,33386,6985,2344,4641,19123,4182,14941,7278,1081,6197,26,155,2022
"Van Buren County, Michigan",75692,75337,37204,8559,4023,4536,21561,4052,17509,7084,811,6273,38133,8910,4581,4329,21496,6436,15060,7727,1205,6522,26,159,2022
"Washtenaw County, Michigan",366376,360819,180094,38356,8544,29812,116169,12623,103546,25569,2518,23051,180725,37627,9869,27758,112067,16729,95338,31031,3109,27922,26,161,2022
"Wayne County, Michigan",1757043,1747249,846573,221549,122720,98829,501041,144190,356851,123983,22231,101752,900676,210507,119678,90829,526572,185024,341548,163597,32715,130882,26,163,2022
"Anoka County, Minnesota",368864,365963,183366,45687,15873,29814,111451,17551,93900,26228,1856,24372,182597,44812,18095,26717,107984,22695,85289,29801,2365,27436,27,003,2022
"Blue Earth County, Minnesota",69631,69114,35415,8080,2845,5235,22536,3501,19035,4799,554,4245,33699,7138,2715,4423,21009,4109,16900,5552,717,4835,27,013,2022
"Carver County, Minnesota",110034,109689,55298,14973,2048,12925,32887,1957,30930,7438,371,7067,54391,13577,1796,11781,32446,3163,29283,8368,280,8088,27,019,2022
"Clay County, Minnesota",65929,65445,32804,8106,2591,5515,20423,3041,17382,4275,565,3710,32641,9145,2714,6431,18500,3442,15058,4996,566,4430,27,027,2022
"Crow Wing County, Minnesota",67948,67121,33425,7480,3209,4271,18246,3857,14389,7699,382,7317,33696,7187,3127,4060,17955,4928,13027,8554,586,7968,27,035,2022
"Dakota County, Minnesota",443341,440949,218843,55681,14675,41006,131889,14154,117735,31273,2133,29140,222106,53579,13218,40361,130535,19693,110842,37992,2704,35288,27,037,2022
"Hennepin County, Minnesota",1260121,1250093,623578,144279,45293,98986,392173,50059,342114,87126,7223,79903,626515,139840,44209,95631,381289,63958,317331,105386,9547,95839,27,053,2022
"Olmsted County, Minnesota",164020,161881,79007,20726,2770,17956,46620,5165,41455,11661,1430,10231,82874,19749,5954,13795,48364,5991,42373,14761,1256,13505,27,109,2022
"Ramsey County, Minnesota",536413,532042,261861,65539,31387,34152,160096,27675,132421,36226,3084,33142,270181,63860,28808,35052,160238,39371,120867,46083,5117,40966,27,123,2022
"Rice County, Minnesota",67693,65405,32809,8541,2924,5617,19145,2834,16311,5123,399,4724,32596,7846,1666,6180,19056,3476,15580,5694,435,5259,27,131,2022
"St. Louis County, Minnesota",199532,196511,98956,20803,7724,13079,58314,10289,48025,19839,1482,18357,97555,19391,6687,12704,56470,10910,45560,21694,1861,19833,27,137,2022
"Scott County, Minnesota",154520,153240,76303,20800,4020,16780,46873,4047,42826,8630,1306,7324,76937,20691,3427,17264,45654,5932,39722,10592,1312,9280,27,139,2022
"Sherburne County, Minnesota",100824,99183,51135,14640,3753,10887,30819,1968,28851,5676,367,5309,48048,12916,3130,9786,28799,3674,25125,6333,584,5749,27,141,2022
"Stearns County, Minnesota",160405,159374,79799,19567,6648,12919,48754,8234,40520,11478,708,10770,79575,20484,8413,12071,45155,7889,37266,13936,973,12963,27,145,2022
"Washington County, Minnesota",275912,273045,134363,33740,5785,27955,80255,8698,71557,20368,768,19600,138682,34125,7349,26776,80921,10872,70049,23636,1331,22305,27,163,2022
"Wright County, Minnesota",148003,147333,75513,21693,5599,16094,44407,4212,40195,9413,515,8898,71820,19555,5568,13987,41707,6420,35287,10558,610,9948,27,171,2022
"DeSoto County, Mississippi",191723,190784,92044,25765,7329,18436,55042,3590,51452,11237,1345,9892,98740,24692,6052,18640,58856,5904,52952,15192,2154,13038,28,033,2022
"Forrest County, Mississippi",78110,77291,35316,9350,3963,5387,20792,3563,17229,5174,1719,3455,41975,11021,5744,5277,24787,3929,20858,6167,1002,5165,28,035,2022
"Harrison County, Mississippi",211044,202680,95684,26591,10922,15669,53918,5553,48365,15175,1576,13599,106996,24463,9377,15086,62576,8678,53898,19957,2669,17288,28,047,2022
"Hinds County, Mississippi",217730,214401,99601,26933,15160,11773,58264,7410,50854,14404,3482,10922,114800,26183,15418,10765,68351,10551,57800,20266,5068,15198,28,049,2022
"Jackson County, Mississippi",144975,143236,69741,17251,7665,9586,41002,4201,36801,11488,2302,9186,73495,17238,7748,9490,43012,6374,36638,13245,3132,10113,28,059,2022
"Jones County, Mississippi",66569,65762,32430,9239,4744,4495,17960,1386,16574,5231,791,4440,33332,7973,4689,3284,18948,2421,16527,6411,1534,4877,28,067,2022
"Lamar County, Mississippi",65783,65308,31357,8822,3486,5336,17957,1713,16244,4578,573,4005,33951,8304,2955,5349,20051,2652,17399,5596,1160,4436,28,073,2022
"Lauderdale County, Mississippi",70904,67551,30462,7759,4914,2845,17415,1588,15827,5288,1029,4259,37089,9436,4924,4512,20305,3798,16507,7348,1993,5355,28,075,2022
"Lee County, Mississippi",82959,81666,38556,10812,4184,6628,22602,1914,20688,5142,808,4334,43110,10918,5589,5329,24878,3887,20991,7314,1420,5894,28,081,2022
"Madison County, Mississippi",111113,109923,53203,15176,3944,11232,30689,2380,28309,7338,757,6581,56720,13775,3632,10143,33707,3158,30549,9238,1524,7714,28,089,2022
"Rankin County, Mississippi",158979,153092,72577,18135,7956,10179,43575,4129,39446,10867,946,9921,80515,19106,6398,12708,46423,4045,42378,14986,1984,13002,28,121,2022
"Boone County, Missouri",187690,185901,89392,19918,4806,15112,58387,5084,53303,11087,651,10436,96509,19852,5204,14648,62876,6182,56694,13781,1219,12562,29,019,2022
"Buchanan County, Missouri",82911,80610,39445,9605,4741,4864,23557,2276,21281,6283,669,5614,41165,9722,4581,5141,23341,4478,18863,8102,1551,6551,29,021,2022
"Cape Girardeau County, Missouri",82899,81551,39862,9370,2761,6609,24558,2673,21885,5934,381,5553,41689,9151,4228,4923,25030,2887,22143,7508,685,6823,29,031,2022
"Cass County, Missouri",110394,109457,53610,13638,4482,9156,31684,2224,29460,8288,235,8053,55847,13313,5085,8228,31547,3555,27992,10987,593,10394,29,037,2022
"Christian County, Missouri",93114,92235,45633,12691,3835,8856,25934,1106,24828,7008,578,6430,46602,11679,3804,7875,26301,3575,22726,8622,723,7899,29,043,2022
"Clay County, Missouri",257033,255304,125789,32474,6410,26064,76318,4364,71954,16997,1400,15597,129515,30405,6704,23701,76993,6126,70867,22117,2838,19279,29,047,2022
"Cole County, Missouri",76969,73726,36324,9119,2579,6540,21016,1096,19920,6189,218,5971,37402,8589,1668,6921,21189,2010,19179,7624,450,7174,29,051,2022
"Franklin County, Missouri",105879,104751,52282,12357,4295,8062,30789,2554,28235,9136,460,8676,52469,11865,3978,7887,29624,3989,25635,10980,641,10339,29,071,2022
"Greene County, Missouri",303293,299451,146991,34429,14910,19519,90601,7835,82766,21961,1383,20578,152460,31715,11736,19979,91730,13465,78265,29015,2710,26305,29,077,2022
"Jackson County, Missouri",716531,710551,345694,88451,32359,56092,207976,16695,191281,49267,5350,43917,364857,84680,32636,52044,217601,25805,191796,62576,7484,55092,29,095,2022
"Jasper County, Missouri",124075,123102,58950,15131,6804,8327,35551,2962,32589,8268,657,7611,64152,16906,9939,6967,36265,5768,30497,10981,950,10031,29,097,2022
"Jefferson County, Missouri",229336,227786,113901,28052,7348,20704,68670,4807,63863,17179,844,16335,113885,26001,7913,18088,67767,7916,59851,20117,2237,17880,29,099,2022
"Platte County, Missouri",110534,108978,54058,13712,2760,10952,32712,955,31757,7634,335,7299,54920,12659,2135,10524,33077,1449,31628,9184,606,8578,29,165,2022
"St. Charles County, Missouri",413803,411515,203120,48587,8116,40471,123716,5235,118481,30817,605,30212,208395,48894,8022,40872,121370,6276,115094,38131,1732,36399,29,183,2022
"St. Francois County, Missouri",66969,62104,30903,8170,4370,3800,18027,2508,15519,4706,503,4203,31201,7464,3233,4231,17474,3532,13942,6263,1135,5128,29,187,2022
"St. Louis County, Missouri",990414,978789,468666,116373,31665,84708,273052,17411,255641,79241,5430,73811,510123,110970,28002,82968,293586,32251,261335,105567,8137,97430,29,189,2022
"St. Louis city, Missouri",286578,283117,137129,29537,17242,12295,88924,9622,79302,18668,3487,15181,145988,25778,12232,13546,94641,16961,77680,25569,5896,19673,29,510,2022
"Cascade County, Montana",84864,79943,39479,9923,4582,5341,22290,4312,17978,7266,762,6504,40464,9757,3379,6378,21918,4536,17382,8789,1440,7349,30,013,2022
"Flathead County, Montana",111814,110756,55770,13563,6979,6584,31423,3699,27724,10784,891,9893,54986,12130,4778,7352,31004,5181,25823,11852,1016,10836,30,029,2022
"Gallatin County, Montana",124857,124179,65054,13742,4743,8999,43192,4455,38737,8120,592,7528,59125,12283,2981,9302,38157,6030,32127,8685,873,7812,30,031,2022
"Lewis and Clark County, Montana",73832,73124,36636,8258,2278,5980,21150,3252,17898,7228,490,6738,36488,7732,1651,6081,20990,3680,17310,7766,1199,6567,30,049,2022
"Missoula County, Montana",121041,120204,60128,11928,3721,8207,38367,6016,32351,9833,1074,8759,60076,12138,2850,9288,37251,6322,30929,10687,1709,8978,30,063,2022
"Yellowstone County, Montana",169852,167761,83135,19895,5688,14207,49286,6950,42336,13954,1524,12430,84626,19675,6676,12999,48198,6999,41199,16753,1304,15449,30,111,2022
"Douglas County, Nebraska",586327,580339,287440,77870,27142,50728,172842,16519,156323,36728,3068,33660,292899,76130,23520,52610,171203,23039,148164,45566,5540,40026,31,055,2022
"Lancaster County, Nebraska",324756,320545,160174,40572,11166,29406,97519,8504,89015,22083,1757,20326,160371,38058,9298,28760,95305,12302,83003,27008,3004,24004,31,109,2022
"Sarpy County, Nebraska",196553,191400,95901,28277,5335,22942,56210,3837,52373,11414,1083,10331,95499,25755,4863,20892,56088,4304,51784,13656,1774,11882,31,153,2022
"Clark County, Nevada",2322985,2297781,1144612,275846,109184,166662,700358,103104,597254,168408,21302,147106,1153169,265272,111831,153441,692558,135010,557548,195339,29768,165571,32,003,2022
"Washoe County, Nevada",496745,493877,251477,56524,16873,39651,153148,16045,137103,41805,4619,37186,242400,51614,12993,38621,144750,19459,125291,46036,6433,39603,32,031,2022
"Cheshire County, New Hampshire",77350,76849,38295,7167,2611,4556,23349,2760,20589,7779,457,7322,38554,7505,2607,4898,22097,3409,18688,8952,767,8185,33,005,2022
"Grafton County, New Hampshire",91126,90424,44906,8040,3760,4280,26776,3495,23281,10090,695,9395,45518,7924,2433,5491,26640,3936,22704,10954,1002,9952,33,009,2022
"Hillsborough County, New Hampshire",426594,423131,213646,44247,12560,31687,136239,12104,124135,33160,2611,30549,209485,42331,11534,30797,129806,16344,113462,37348,3107,34241,33,011,2022
"Merrimack County, New Hampshire",156020,152253,75369,14876,4043,10833,46587,5502,41085,13906,879,13027,76884,15751,4428,11323,44946,5520,39426,16187,1092,15095,33,013,2022
"Rockingham County, New Hampshire",319424,317133,157609,30731,4069,26662,97461,5568,91893,29417,1255,28162,159524,31021,4031,26990,94283,7163,87120,34220,2458,31762,33,015,2022
"Strafford County, New Hampshire",132275,130530,64005,13681,4783,8898,40552,5597,34955,9772,907,8865,66525,12979,3055,9924,41628,6089,35539,11918,290,11628,33,017,2022
"Atlantic County, New Jersey",275638,272703,135077,33766,14447,19319,76746,12035,64711,24565,2362,22203,137626,27402,11909,15493,80910,16597,64313,29314,3382,25932,34,001,2022
"Bergen County, New Jersey",952997,946643,463821,106955,20503,86452,281012,24896,256116,75854,9628,66226,482822,102617,22624,79993,284658,33598,251060,95547,13921,81626,34,003,2022
"Burlington County, New Jersey",466103,451070,217635,50183,12418,37765,130795,12857,117938,36657,3223,33434,233435,48707,12899,35808,137545,19008,118537,47183,3908,43275,34,005,2022
"Camden County, New Jersey",524907,518855,250556,62549,25851,36698,151347,21149,130198,36660,5586,31074,268299,61580,25604,35976,158751,32796,125955,47968,7964,40004,34,007,2022
"Cape May County, New Jersey",95634,92643,45387,8214,2459,5755,24287,1894,22393,12886,1580,11306,47256,8102,2211,5891,24078,3541,20537,15076,1293,13783,34,009,2022
"Cumberland County, New Jersey",151356,144924,71069,19919,11417,8502,40905,8281,32624,10245,2010,8235,73855,18721,9015,9706,42014,10992,31022,13120,1845,11275,34,011,2022
"Essex County, New Jersey",849477,840226,406847,107236,47756,59480,249626,44291,205335,49985,9076,40909,433379,103017,45430,57587,260655,61429,199226,69707,15101,54606,34,013,2022
"Gloucester County, New Jersey",306601,305253,150576,36019,7124,28895,91414,8761,82653,23143,1629,21514,154677,33501,8406,25095,92846,13441,79405,28330,3746,24584,34,015,2022
"Hudson County, New Jersey",703366,699538,349363,73529,32932,40597,238002,34828,203174,37832,7577,30255,350175,72376,32598,39778,226913,49025,177888,50886,13185,37701,34,017,2022
"Hunterdon County, New Jersey",129777,127672,63085,12841,1726,11115,37833,2147,35686,12411,684,11727,64587,12593,1188,11405,37862,2580,35282,14132,1173,12959,34,019,2022
"Mercer County, New Jersey",380688,376854,184458,43804,16246,27558,113527,15133,98394,27127,2985,24142,192396,43510,13707,29803,114539,15516,99023,34347,4992,29355,34,021,2022
"Middlesex County, New Jersey",861418,852769,422929,100516,30223,70293,261315,26206,235109,61098,8858,52240,429840,95669,28520,67149,258141,37209,220932,76030,10544,65486,34,023,2022
"Monmouth County, New Jersey",644098,640309,313635,71089,14060,57029,187612,16814,170798,54934,3883,51051,326674,68879,14047,54832,189979,17817,172162,67816,7248,60568,34,025,2022
"Morris County, New Jersey",511151,506932,251284,56935,5800,51135,153420,10397,143023,40929,3346,37583,255648,53885,7039,46846,150695,11673,139022,51068,4401,46667,34,027,2022
"Ocean County, New Jersey",655735,650678,317081,86975,43002,43973,166702,33744,132958,63404,5970,57434,333597,81273,39639,41634,168630,34330,134300,83694,6115,77579,34,029,2022
"Passaic County, New Jersey",513936,510851,250549,64249,32454,31795,151617,26442,125175,34683,6050,28633,260302,61518,30601,30917,153894,39406,114488,44890,11441,33449,34,031,2022
"Salem County, New Jersey",65117,64132,32181,7412,3485,3927,19007,2485,16522,5762,713,5049,31951,6702,1691,5011,18731,3878,14853,6518,777,5741,34,033,2022
"Somerset County, New Jersey",346875,344052,169880,39785,6543,33242,104292,5233,99059,25803,1808,23995,174172,36572,6431,30141,105094,6935,98159,32506,3340,29166,34,035,2022
"Sussex County, New Jersey",146084,144713,72347,15031,1909,13122,44811,3922,40889,12505,1047,11458,72366,13916,3212,10704,43928,4605,39323,14522,1590,12932,34,037,2022
"Union County, New Jersey",569815,567133,280406,70329,27579,42750,172496,17748,154748,37581,4260,33321,286727,68210,25199,43011,170024,24981,145043,48493,8891,39602,34,039,2022
"Warren County, New Jersey",110926,110174,54857,10955,2608,8347,34161,2566,31595,9741,1015,8726,55317,10486,2054,8432,33281,3387,29894,11550,1448,10102,34,041,2022
"Bernalillo County, New Mexico",672508,664864,327099,75084,37170,37914,198592,42612,155980,53423,7336,46087,337765,69592,36521,33071,200989,51475,149514,67184,11734,55450,35,001,2022
"Doña Ana County, New Mexico",223337,220192,107298,28305,20830,7475,61844,19197,42647,17149,2474,14675,112894,27198,16255,10943,65979,25067,40912,19717,3894,15823,35,013,2022
"Lea County, New Mexico",72452,70607,35940,11704,4799,6905,20470,3950,16520,3766,488,3278,34667,10686,6303,4383,19712,7028,12684,4269,702,3567,35,025,2022
"McKinley County, New Mexico",69830,69350,33893,10783,8687,2096,19483,9890,9593,3627,1464,2163,35457,9767,7547,2220,20346,11351,8995,5344,1752,3592,35,031,2022
"Otero County, New Mexico",68823,60024,27781,7224,4621,2603,14938,5165,9773,5619,1052,4567,32243,8692,5557,3135,17314,6527,10787,6237,1154,5083,35,035,2022
"Sandoval County, New Mexico",153501,152436,75466,17280,8273,9007,44326,7647,36679,13860,2010,11850,76970,16649,7206,9443,44085,8959,35126,16236,2123,14113,35,043,2022
"San Juan County, New Mexico",120418,119222,58582,16656,9203,7453,33118,11765,21353,8808,1163,7645,60640,15664,8588,7076,34170,13358,20812,10806,2593,8213,35,045,2022
"Santa Fe County, New Mexico",155664,154196,74567,13736,7196,6540,41636,7691,33945,19195,2344,16851,79629,12651,6364,6287,43482,10269,33213,23496,2280,21216,35,049,2022
"Valencia County, New Mexico",78080,76840,38644,9545,6436,3109,22559,7473,15086,6540,1010,5530,38196,8731,5160,3571,21147,8653,12494,8318,1936,6382,35,061,2022
"Albany County, New York",315811,312721,153343,32538,10304,22234,95830,15719,80111,24975,3468,21507,159378,29904,7944,21960,98045,17861,80184,31429,3362,28067,36,001,2022
"Bronx County, New York",1379946,1365859,644775,181909,130037,51872,386822,173643,213179,76044,30201,45843,721084,170808,126139,44669,434972,222333,212639,115304,49800,65504,36,005,2022
"Broome County, New York",197117,193654,95069,20598,10519,10079,57374,13702,43672,17097,2242,14855,98585,20213,10540,9673,56925,14530,42395,21447,3335,18112,36,007,2022
"Cattaraugus County, New York",76439,75653,37769,8700,4367,4333,21710,6455,15255,7359,1234,6125,37884,8619,4146,4473,21051,6672,14379,8214,1691,6523,36,009,2022
"Cayuga County, New York",74998,72520,35847,7508,3500,4008,20789,2612,18177,7550,1253,6297,36673,7267,3510,3757,20612,4102,16510,8794,1574,7220,36,011,2022
"Chautauqua County, New York",126027,124175,61271,13539,6790,6749,35250,10353,24897,12482,2300,10182,62904,13406,6856,6550,34848,11374,23474,14650,3031,11619,36,013,2022
"Chemung County, New York",81426,79296,38923,9403,4841,4562,22097,5728,16369,7423,1802,5621,40373,8270,3932,4338,22917,6399,16518,9186,1456,7730,36,015,2022
"Clinton County, New York",78753,75524,37285,7363,2369,4994,22631,4284,18347,7291,1166,6125,38239,7566,2470,5096,22682,4999,17683,7991,1063,6928,36,019,2022
"Dutchess County, New York",297545,290689,143166,29581,8507,21074,87840,14548,73292,25745,2785,22960,147523,27965,7464,20501,89100,16781,72319,30458,3388,27070,36,027,2022
"Erie County, New York",950312,942458,460357,102781,46705,56076,277585,58999,218586,79991,10329,69662,482101,98349,40723,57626,283619,69614,214005,100133,17052,83081,36,029,2022
"Jefferson County, New York",116637,102835,49584,14280,5226,9054,27489,6909,20580,7815,1316,6499,53251,14073,5419,8654,30000,8160,21840,9178,1453,7725,36,045,2022
"Kings County, New York",2590516,2576420,1226230,306403,185921,120482,755954,227756,528198,163873,59105,104768,1350190,293010,177367,115643,823813,272600,551213,233367,88440,144927,36,047,2022
"Madison County, New York",67097,66734,33002,6903,2931,3972,19739,3404,16335,6360,678,5682,33732,7079,2903,4176,19332,4459,14873,7321,1024,6297,36,053,2022
"Monroe County, New York",752035,745299,361580,82412,34059,48353,217842,43139,174703,61326,8794,52532,383719,80207,32391,47816,226783,61150,165633,76729,12724,64005,36,055,2022
"Nassau County, New York",1383726,1375236,677695,158526,32475,126051,405638,56927,348711,113531,13359,100172,697541,149331,31486,117845,406841,64694,342147,141369,19448,121921,36,059,2022
"New York County, New York",1596273,1588559,758296,119649,50105,69544,519952,96519,423433,118695,31518,87177,830263,120071,41214,78857,540508,111978,428530,169684,51117,118567,36,061,2022
"Niagara County, New York",210880,209422,103176,21917,9743,12174,61838,13480,48358,19421,2799,16622,106246,21541,9929,11612,61835,16534,45301,22870,4038,18832,36,063,2022
"Oneida County, New York",228846,221132,108501,26693,14914,11779,62519,17529,44990,19289,2745,16544,112631,24782,14794,9988,63583,21181,42402,24266,2882,21384,36,065,2022
"Onondaga County, New York",468249,462760,225283,53698,22316,31382,133679,26419,107260,37906,4702,33204,237477,52158,20963,31195,137717,30931,106786,47602,5974,41628,36,067,2022
"Ontario County, New York",112707,111755,54760,11363,4399,6964,32168,4304,27864,11229,1451,9778,56995,11067,3590,7477,32105,6519,25586,13823,2216,11607,36,069,2022
"Orange County, New York",405941,398152,197333,54861,28178,26683,115917,28491,87426,26555,3672,22883,200819,54610,28491,26119,114100,28454,85646,32109,5589,26520,36,071,2022
"Oswego County, New York",118287,117571,59739,13636,7644,5992,35978,8982,26996,10125,1181,8944,57832,13048,6848,6200,33783,11115,22668,11001,1583,9418,36,075,2022
"Putnam County, New York",98045,97320,49053,10142,1626,8516,30307,3833,26474,8604,1080,7524,48267,9929,2697,7232,28226,4249,23977,10112,563,9549,36,079,2022
"Queens County, New York",2278029,2264737,1107272,238667,125820,112847,696196,191033,505163,172409,46700,125709,1157465,225991,114321,111670,703298,220353,482945,228176,68516,159660,36,081,2022
"Rensselaer County, New York",159853,158001,78834,17148,5413,11735,48714,5732,42982,12972,1325,11647,79167,14991,5811,9180,48177,11492,36685,15999,1567,14432,36,083,2022
"Richmond County, New York",491133,487065,239514,56433,21456,34977,146699,30394,116305,36382,6798,29584,247551,53941,20917,33024,147086,34547,112539,46524,9311,37213,36,085,2022
"Rockland County, New York",339022,337259,169082,55395,31065,24330,90761,25928,64833,22926,2321,20605,168177,49901,25901,24000,88597,23666,64931,29679,4466,25213,36,087,2022
"St. Lawrence County, New York",107733,105316,52921,12056,5820,6236,31405,6569,24836,9460,1975,7485,52395,11417,4342,7075,30353,8979,21374,10625,1357,9268,36,089,2022
"Saratoga County, New York",238797,236794,117086,24518,6036,18482,70383,9957,60426,22185,1942,20243,119708,23113,5317,17796,70882,11733,59149,25713,3590,22123,36,091,2022
"Schenectady County, New York",160093,158730,77477,19176,6172,13004,46247,9099,37148,12054,1268,10786,81253,17592,5866,11726,48435,11374,37061,15226,2172,13054,36,093,2022
"Steuben County, New York",92599,91689,45928,10383,4330,6053,26739,5008,21731,8806,1454,7352,45761,9895,4557,5338,26079,6804,19275,9787,1841,7946,36,101,2022
"Suffolk County, New York",1525465,1516369,753064,168167,43038,125129,463927,65212,398715,120970,13721,107249,763305,160365,44181,116184,452643,79199,373444,150297,18586,131711,36,103,2022
"Sullivan County, New York",79658,77657,39780,8921,6315,2606,23202,5771,17431,7657,1998,5659,37877,8345,4828,3517,21959,8604,13355,7573,1446,6127,36,105,2022
"Tompkins County, New York",104777,104007,51328,10071,3051,7020,33674,4641,29033,7583,528,7055,52679,8004,2380,5624,35784,5791,29993,8891,927,7964,36,109,2022
"Ulster County, New York",182319,178433,87974,17752,8274,9478,52807,9076,43731,17415,1983,15432,90459,15000,5985,9015,54093,10868,43225,21366,3212,18154,36,111,2022
"Warren County, New York",65599,64990,32539,5944,1869,4075,18886,4016,14870,7709,1125,6584,32451,5389,2696,2693,18765,4918,13847,8297,1481,6816,36,113,2022
"Wayne County, New York",91125,90516,45462,10284,4545,5739,26061,5877,20184,9117,817,8300,45054,9284,4140,5144,25976,6536,19440,9794,1123,8671,36,117,2022
"Westchester County, New York",990427,979429,477265,113103,32420,80683,288217,41788,246429,75945,10883,65062,502164,107263,25689,81574,294380,52488,241892,100521,16080,84441,36,119,2022
"Alamance County, North Carolina",176353,175222,84427,21851,10786,11065,49767,5312,44455,12809,1362,11447,90795,20604,9821,10783,53045,7888,45157,17146,1791,15355,37,001,2022
"Brunswick County, North Carolina",153064,152243,74063,12265,4752,7513,36400,3299,33101,25398,1068,24330,78180,10306,4092,6214,40336,4406,35930,27538,1654,25884,37,019,2022
"Buncombe County, North Carolina",273589,270154,128134,23101,6307,16794,79347,8037,71310,25686,2954,22732,142020,27198,9633,17565,82894,10239,72655,31928,2267,29661,37,021,2022
"Burke County, North Carolina",87881,85610,42778,7997,2585,5412,26350,2238,24112,8431,698,7733,42832,7667,2683,4984,25345,2687,22658,9820,622,9198,37,023,2022
"Cabarrus County, North Carolina",235797,234117,114333,31826,9992,21834,68538,6727,61811,13969,2153,11816,119784,30325,10434,19891,71373,10868,60505,18086,2953,15133,37,025,2022
"Caldwell County, North Carolina",80492,79815,38810,8274,3646,4628,22914,2290,20624,7622,788,6834,41005,8475,4946,3529,23012,3722,19290,9518,1932,7586,37,027,2022
"Carteret County, North Carolina",69380,68154,32140,6024,1768,4256,17756,1401,16355,8360,803,7557,36014,6064,2758,3306,19572,2516,17056,10378,1424,8954,37,031,2022
"Catawba County, North Carolina",163462,162135,81765,20933,10243,10690,46632,5207,41425,14200,825,13375,80370,16588,6414,10174,46755,7140,39615,17027,1956,15071,37,035,2022
"Chatham County, North Carolina",79864,79162,37784,8592,3572,5020,20147,2179,17968,9045,179,8866,41378,8369,2984,5385,21982,1202,20780,11027,637,10390,37,037,2022
"Cleveland County, North Carolina",100670,99715,47816,11569,7144,4425,27216,4334,22882,9031,1145,7886,51899,12260,5777,6483,29114,6131,22983,10525,2103,8422,37,045,2022
"Craven County, North Carolina",100874,93176,43415,12185,3477,8708,21913,1824,20089,9317,1118,8199,49761,10270,2189,8081,28337,4284,24053,11154,629,10525,37,049,2022
"Cumberland County, North Carolina",336699,298510,134594,44807,19213,25594,71754,10225,61529,18033,3668,14365,163916,43267,20985,22282,95202,19678,75524,25447,5035,20412,37,051,2022
"Davidson County, North Carolina",172586,171049,83918,20234,9331,10903,49210,4026,45184,14474,1655,12819,87131,19068,8850,10218,50167,7257,42910,17896,2322,15574,37,057,2022
"Durham County, North Carolina",332680,327415,153709,32137,12333,19804,101515,6908,94607,20057,1887,18170,173706,36625,13661,22964,109229,11685,97544,27852,2601,25251,37,063,2022
"Forsyth County, North Carolina",389157,386588,183226,46414,24524,21890,108853,10716,98137,27959,2607,25352,203362,46390,22937,23453,119578,18788,100790,37394,3999,33395,37,067,2022
"Franklin County, North Carolina",74539,73614,34581,6527,2844,3683,22221,2526,19695,5833,654,5179,39033,10307,3126,7181,21922,3538,18384,6804,1589,5215,37,069,2022
"Gaston County, North Carolina",234215,231954,112386,28155,14138,14017,68621,6556,62065,15610,2125,13485,119568,26519,11306,15213,71157,11699,59458,21892,2765,19127,37,071,2022
"Guilford County, North Carolina",546101,542016,257359,65673,29967,35706,154520,17461,137059,37166,3522,33644,284657,64517,29580,34937,171242,24763,146479,48898,6827,42071,37,081,2022
"Harnett County, North Carolina",138832,131786,62938,18178,6493,11685,36774,5515,31259,7986,929,7057,68848,18323,5831,12492,39781,5641,34140,10744,2155,8589,37,085,2022
"Henderson County, North Carolina",118106,116950,55237,10170,3536,6634,31534,1971,29563,13533,1070,12463,61713,11661,6217,5444,32661,4831,27830,17391,2021,15370,37,089,2022
"Iredell County, North Carolina",195897,193971,95186,22905,7877,15028,57080,5345,51735,15201,1064,14137,98785,22004,8133,13871,58402,9329,49073,18379,1706,16673,37,097,2022
"Johnston County, North Carolina",234778,232891,114600,31429,12623,18806,68697,3970,64727,14474,1771,12703,118291,29108,11513,17595,71082,9216,61866,18101,2430,15671,37,101,2022
"Lee County, North Carolina",65476,64621,31763,8294,3473,4821,18299,2278,16021,5170,420,4750,32858,8513,4481,4032,18149,3924,14225,6196,678,5518,37,105,2022
"Lincoln County, North Carolina",93095,92450,47100,11519,3237,8282,27297,2764,24533,8284,1167,7117,45350,8311,5358,2953,27630,3332,24298,9409,1057,8352,37,109,2022
"Mecklenburg County, North Carolina",1145392,1140026,551605,138806,49414,89392,354561,22253,332308,58238,5331,52907,588421,133982,41692,92290,376065,32161,343904,78374,10446,67928,37,119,2022
"Moore County, North Carolina",105531,99863,46457,12256,3481,8775,23491,2175,21316,10710,403,10307,53406,11323,4701,6622,28512,2999,25513,13571,707,12864,37,125,2022
"Nash County, North Carolina",95789,94825,46980,13049,5880,7169,25686,1991,23695,8245,943,7302,47845,9837,4792,5045,27607,3894,23713,10401,1717,8684,37,127,2022
"New Hanover County, North Carolina",234921,232633,109808,22510,7180,15330,68051,4827,63224,19247,1628,17619,122825,22206,7299,14907,75902,7887,68015,24717,2480,22237,37,129,2022
"Onslow County, North Carolina",207298,167001,77548,27073,10260,16813,40746,5386,35360,9729,914,8815,89453,24976,9751,15225,52919,10592,42327,11558,1261,10297,37,133,2022
"Orange County, North Carolina",150477,149549,69688,15537,3680,11857,43657,2114,41543,10494,513,9981,79861,16374,3240,13134,49877,3116,46761,13610,1387,12223,37,135,2022
"Pender County, North Carolina",65737,63869,31377,7331,3363,3968,18551,1936,16615,5495,847,4648,32492,7660,2382,5278,18524,2815,15709,6308,533,5775,37,141,2022
"Pitt County, North Carolina",173542,171897,81135,21303,7113,14190,49194,4258,44936,10638,1598,9040,90762,19207,7265,11942,57325,7606,49719,14230,1127,13103,37,147,2022
"Randolph County, North Carolina",146043,144909,71950,17536,9024,8512,42241,4712,37529,12173,1320,10853,72959,15775,9727,6048,42709,7339,35370,14475,911,13564,37,151,2022
"Robeson County, North Carolina",116663,114982,55161,15911,11560,4351,31336,5519,25817,7914,1259,6655,59821,15128,9862,5266,34166,9229,24937,10527,2510,8017,37,155,2022
"Rockingham County, North Carolina",91957,91069,45130,10870,7464,3406,25741,4422,21319,8519,638,7881,45939,8591,4767,3824,26816,6276,20540,10532,1419,9113,37,157,2022
"Rowan County, North Carolina",149645,147044,72345,16866,8698,8168,43380,5082,38298,12099,942,11157,74699,16692,7633,9059,43870,8592,35278,14137,1138,12999,37,159,2022
"Surry County, North Carolina",71403,70224,34777,7955,4865,3090,20363,1978,18385,6459,873,5586,35447,7320,3912,3408,20174,5278,14896,7953,1301,6652,37,171,2022
"Union County, North Carolina",249070,248162,124477,35621,7120,28501,74077,4351,69726,14779,719,14060,123685,32060,7526,24534,73293,6086,67207,18332,1468,16864,37,179,2022
"Wake County, North Carolina",1175021,1167802,573337,144636,33753,110883,362399,18240,344159,66302,6151,60151,594465,139001,32447,106554,370788,30662,340126,84676,8778,75898,37,183,2022
"Wayne County, North Carolina",117286,112252,54509,14486,9943,4543,31404,4209,27195,8619,1468,7151,57743,13873,9860,4013,32573,6969,25604,11297,2024,9273,37,191,2022
"Wilkes County, North Carolina",65784,64855,33393,8506,5375,3131,18376,3088,15288,6511,1059,5452,31462,4885,3352,1533,18123,4505,13618,8454,1662,6792,37,193,2022
"Wilson County, North Carolina",78449,77611,36836,9341,5493,3848,21003,2399,18604,6492,961,5531,40775,9399,5219,4180,22910,3468,19442,8466,1519,6947,37,195,2022
"Burleigh County, North Dakota",99280,97032,48432,12424,1959,10465,28266,2464,25802,7742,138,7604,48600,11839,1858,9981,27538,3458,24080,9223,429,8794,38,015,2022
"Cass County, North Dakota",192734,190893,98892,24432,5795,18637,63380,3543,59837,11080,899,10181,92001,20597,5711,14886,58218,6092,52126,13186,1437,11749,38,017,2022
"Grand Forks County, North Dakota",72413,70596,36301,8226,1832,6394,23713,1630,22083,4362,350,4012,34295,7730,1298,6432,21273,2825,18448,5292,493,4799,38,035,2022
"Ward County, North Dakota",68870,64086,31584,9016,1561,7455,18280,1129,17151,4288,44,4244,32502,7848,1220,6628,19700,3226,16474,4954,275,4679,38,101,2022
"Allen County, Ohio",101115,99403,50201,13615,5737,7878,28223,5277,22946,8363,679,7684,49202,11305,3655,7650,27967,7454,20513,9930,1215,8715,39,003,2022
"Ashtabula County, Ohio",97014,93817,46908,11522,6485,5037,26741,5029,21712,8645,887,7758,46909,10433,4718,5715,26284,7171,19113,10192,1189,9003,39,007,2022
"Belmont County, Ohio",65509,62134,30499,6706,2176,4530,17272,2575,14697,6521,535,5986,31635,6311,2433,3878,18098,5062,13036,7226,730,6496,39,013,2022
"Butler County, Ohio",388420,384513,189609,48076,16375,31701,113346,15453,97893,28187,2095,26092,194904,47643,15670,31973,114485,20845,93640,32776,2361,30415,39,017,2022
"Clark County, Ohio",134831,133054,65398,15588,7655,7933,37420,6343,31077,12390,1459,10931,67656,14730,5203,9527,38587,9535,29052,14339,2110,12229,39,023,2022
"Clermont County, Ohio",210805,209112,104373,25441,7249,18192,61677,6695,54982,17255,1808,15447,104739,23769,6242,17527,60518,10917,49601,20452,1664,18788,39,025,2022
"Columbiana County, Ohio",100511,97528,48675,10586,4690,5896,28472,4268,24204,9617,461,9156,48853,10726,4971,5755,26960,6881,20079,11167,910,10257,39,029,2022
"Cuyahoga County, Ohio",1236041,1220747,586291,134179,59204,74975,350679,65257,285422,101433,12502,88931,634456,130037,59724,70313,372079,96707,275372,132340,19321,113019,39,035,2022
"Delaware County, Ohio",226296,225270,112838,29983,3350,26633,67087,3469,63618,15768,807,14961,112432,28982,4323,24659,65555,5383,60172,17895,806,17089,39,041,2022
"Erie County, Ohio",74501,73127,35918,8254,3354,4900,20234,2469,17765,7430,722,6708,37209,7101,3167,3934,20878,4414,16464,9230,1427,7803,39,043,2022
"Fairfield County, Ohio",162898,158903,78717,20650,8057,12593,46382,6515,39867,11685,942,10743,80186,19446,7819,11627,46344,9224,37120,14396,2326,12070,39,045,2022
"Franklin County, Ohio",1321820,1311946,645276,162487,65650,96837,408402,55578,352824,74387,7954,66433,666670,157337,64171,93166,413916,79953,333963,95417,11288,84129,39,049,2022
"Geauga County, Ohio",95469,94626,47918,11216,1200,10016,26596,1036,25560,10106,403,9703,46708,11000,2273,8727,25086,2587,22499,10622,1032,9590,39,055,2022
"Greene County, Ohio",168456,165195,82483,20457,6212,14245,48446,6722,41724,13580,554,13026,82712,16704,5026,11678,48457,9019,39438,17551,1211,16340,39,057,2022
"Hamilton County, Ohio",825037,815418,396757,100144,35463,64681,238595,31724,206871,58018,5868,52150,418661,97457,33901,63556,246532,52796,193736,74672,10537,64135,39,061,2022
"Hancock County, Ohio",74861,74211,37102,8990,2098,6892,21967,1992,19975,6145,86,6059,37109,7983,2705,5278,21901,2481,19420,7225,723,6502,39,063,2022
"Lake County, Ohio",231842,229512,114338,24992,6312,18680,67234,6606,60628,22112,1240,20872,115174,22058,4892,17166,66087,10069,56018,27029,1575,25454,39,085,2022
"Licking County, Ohio",181359,180214,90040,22501,7209,15292,52850,8336,44514,14689,940,13749,90174,21183,6859,14324,52141,11114,41027,16850,1672,15178,39,089,2022
"Lorain County, Ohio",316268,310735,152188,37556,14699,22857,87594,12628,74966,27038,2011,25027,158547,35171,13512,21659,89313,19099,70214,34063,3433,30630,39,093,2022
"Lucas County, Ohio",426643,421853,205310,52145,20108,32037,121355,19916,101439,31810,3982,27828,216543,49742,22149,27593,126278,32609,93669,40523,5704,34819,39,095,2022
"Mahoning County, Ohio",225636,221336,108101,24132,13620,10512,62329,14451,47878,21640,3113,18527,113235,24212,12661,11551,61840,19278,42562,27183,4952,22231,39,099,2022
"Marion County, Ohio",64642,59451,28893,7032,3891,3141,16763,3895,12868,5098,518,4580,30558,7269,3593,3676,16890,5765,11125,6399,352,6047,39,101,2022
"Medina County, Ohio",183512,182309,91304,21008,4054,16954,53470,4582,48888,16826,937,15889,91005,19738,4050,15688,51851,6767,45084,19416,1673,17743,39,103,2022
"Miami County, Ohio",110247,109204,55268,13797,4727,9070,31778,3707,28071,9693,815,8878,53936,12864,3676,9188,29855,5333,24522,11217,1016,10201,39,109,2022
"Montgomery County, Ohio",533892,524422,253159,62637,26567,36070,149105,21208,127897,41417,3005,38412,271263,60099,23867,36232,156198,34047,122151,54966,7070,47896,39,113,2022
"Muskingum County, Ohio",86113,85406,41766,10110,4256,5854,24531,5142,19389,7125,1052,6073,43640,10218,4955,5263,24844,6815,18029,8578,1494,7084,39,119,2022
"Portage County, Ohio",161745,160658,78901,15562,4958,10604,49730,5837,43893,13609,1355,12254,81757,16435,4464,11971,49539,9796,39743,15783,1507,14276,39,133,2022
"Richland County, Ohio",125319,118639,58993,14109,6659,7450,34174,5885,28289,10710,375,10335,59646,13825,7383,6442,32499,9131,23368,13322,1165,12157,39,139,2022
"Ross County, Ohio",76606,71597,35515,8261,3400,4861,21500,4080,17420,5754,443,5311,36082,8151,4106,4045,20794,4576,16218,7137,1193,5944,39,141,2022
"Scioto County, Ohio",72194,70008,34611,8256,4588,3668,20764,5705,15059,5591,704,4887,35397,8176,4261,3915,19719,7207,12512,7502,1594,5908,39,145,2022
"Stark County, Ohio",372657,368614,180403,43387,17398,25989,103513,15442,88071,33503,2358,31145,188211,41036,16644,24392,106209,25410,80799,40966,4949,36017,39,151,2022
"Summit County, Ohio",535882,529833,258545,58244,22201,36043,154658,24605,130053,45643,4490,41153,271288,56708,21830,34878,158534,34324,124210,56046,7386,48660,39,153,2022
"Trumbull County, Ohio",200643,197240,97866,23374,11597,11777,54635,12497,42138,19857,1022,18835,99374,20273,10124,10149,54990,16174,38816,24111,2040,22071,39,155,2022
"Tuscarawas County, Ohio",91937,91056,45373,11253,3909,7344,25802,4315,21487,8318,870,7448,45683,10279,3313,6966,25482,6204,19278,9922,1319,8603,39,157,2022
"Union County, Ohio",66898,65289,32616,8488,953,7535,19660,1495,18165,4468,93,4375,32673,8094,1399,6695,19328,1865,17463,5251,735,4516,39,159,2022
"Warren County, Ohio",249778,244734,122932,32185,3450,28735,73160,4045,69115,17587,917,16670,121802,30185,3791,26394,70463,5328,65135,21154,1227,19927,39,165,2022
"Wayne County, Ohio",116559,115416,57292,14647,4459,10188,32856,3717,29139,9789,877,8912,58124,14588,4262,10326,31939,6518,25421,11597,1249,10348,39,169,2022
"Wood County, Ohio",131592,129999,65812,14508,3959,10549,41253,4132,37121,10051,264,9787,64187,13933,3491,10442,38633,6803,31830,11621,1737,9884,39,173,2022
"Canadian County, Oklahoma",169149,166976,82212,23010,8608,14402,48683,4571,44112,10519,364,10155,84764,22482,9379,13103,49717,5381,44336,12565,1356,11209,40,017,2022
"Cleveland County, Oklahoma",299587,293507,145189,33479,11019,22460,92596,7999,84597,19114,999,18115,148318,31892,11101,20791,92211,12948,79263,24215,1704,22511,40,027,2022
"Comanche County, Oklahoma",123046,108501,50580,15398,5476,9922,28378,4205,24173,6804,764,6040,57921,15247,6891,8356,33675,5892,27783,8999,1296,7703,40,031,2022
"Creek County, Oklahoma",72699,71943,35066,8750,4252,4498,20592,3074,17518,5724,457,5267,36877,8643,4708,3935,20739,4518,16221,7495,834,6661,40,037,2022
"Muskogee County, Oklahoma",66354,63178,30398,8053,5295,2758,17544,3686,13858,4801,248,4553,32780,9061,5805,3256,17763,4926,12837,5956,814,5142,40,101,2022
"Oklahoma County, Oklahoma",802559,790256,386686,108154,51948,56206,228323,24064,204259,50209,4388,45821,403570,101872,50546,51326,237648,38625,199023,64050,7681,56369,40,109,2022
"Payne County, Oklahoma",82794,81188,41363,9583,2146,7437,26583,2962,23621,5197,388,4809,39825,9329,3624,5705,24539,3863,20676,5957,197,5760,40,119,2022
"Pottawatomie County, Oklahoma",73533,71493,34972,9507,4866,4641,20121,2569,17552,5344,496,4848,36521,8365,3772,4593,21357,4698,16659,6799,1289,5510,40,125,2022
"Rogers County, Oklahoma",98836,97900,48825,12589,4650,7939,28471,2374,26097,7765,446,7319,49075,11464,4333,7131,28656,3779,24877,8955,980,7975,40,131,2022
"Tulsa County, Oklahoma",677358,670800,329330,90090,40088,50002,194531,20120,174411,44709,2843,41866,341470,85693,37679,48014,198727,30990,167737,57050,4609,52441,40,143,2022
"Wagoner County, Oklahoma",86644,86328,42977,11044,4267,6777,25060,2305,22755,6873,267,6606,43351,10130,3442,6688,25099,3336,21763,8122,425,7697,40,145,2022
"Benton County, Oregon",97630,97394,49177,9699,2751,6948,31305,4586,26719,8173,454,7719,48217,9327,3404,5923,29673,6307,23366,9217,871,8346,41,003,2022
"Clackamas County, Oregon",423177,420888,209834,49026,12898,36128,122545,18268,104277,38263,3516,34747,211054,43335,10483,32852,122697,20241,102456,45022,4469,40553,41,005,2022
"Deschutes County, Oregon",206549,205938,102239,20846,8924,11922,60210,9428,50782,21183,1770,19413,103699,19823,9085,10738,60843,11245,49598,23033,2244,20789,41,017,2022
"Douglas County, Oregon",112297,111598,56076,12043,7579,4464,29896,10645,19251,14137,1274,12863,55522,10434,5083,5351,29648,11003,18645,15440,1930,13510,41,019,2022
"Jackson County, Oregon",221644,220114,107952,24661,10827,13834,59603,14046,45557,23688,2515,21173,112162,22803,11666,11137,61780,20335,41445,27579,4102,23477,41,029,2022
"Josephine County, Oregon",87730,86948,42487,9316,6867,2449,22279,7584,14695,10892,2054,8838,44461,7976,4854,3122,23893,9611,14282,12592,2966,9626,41,033,2022
"Klamath County, Oregon",70212,69552,35182,8541,4248,4293,19445,6690,12755,7196,931,6265,34370,7445,2823,4622,18809,7413,11396,8116,853,7263,41,035,2022
"Lane County, Oregon",382353,380232,188056,36801,16188,20613,114668,24129,90539,36587,3987,32600,192176,34783,14706,20077,113728,27939,85789,43665,6205,37460,41,039,2022
"Linn County, Oregon",130467,129590,64911,15919,6420,9499,37578,8483,29095,11414,1179,10235,64679,13688,6781,6907,37142,9649,27493,13849,2415,11434,41,043,2022
"Marion County, Oregon",346703,340399,169855,44555,22404,22151,99684,17768,81916,25616,2618,22998,170544,41431,21694,19737,97270,27857,69413,31843,5012,26831,41,047,2022
"Multnomah County, Oregon",795083,789131,392264,74828,26267,48561,265097,47693,217404,52339,10699,41640,396867,72459,24218,48241,260258,50900,209358,64150,9850,54300,41,051,2022
"Polk County, Oregon",89614,88727,43423,11185,6153,5032,24614,5699,18915,7624,563,7061,45304,9953,5574,4379,26242,6377,19865,9109,823,8286,41,053,2022
"Umatilla County, Oregon",80215,76374,38729,10554,3776,6778,21877,3060,18817,6298,1355,4943,37645,9824,2591,7233,20742,4466,16276,7079,1105,5974,41,059,2022
"Washington County, Oregon",600176,597243,298759,68399,18366,50033,190899,19414,171485,39461,3658,35803,298484,67311,17417,49894,181981,27514,154467,49192,5769,43423,41,067,2022
"Yamhill County, Oregon",108226,106153,53142,12879,5377,7502,31149,5239,25910,9114,1199,7915,53011,11505,4953,6552,30536,8102,22434,10970,863,10107,41,071,2022
"Adams County, Pennsylvania",106027,104973,52482,11474,3627,7847,30411,3541,26870,10597,625,9972,52491,10060,2976,7084,30578,6663,23915,11853,988,10865,42,001,2022
"Allegheny County, Pennsylvania",1233253,1221791,596439,124824,43040,81784,365788,48613,317175,105827,9918,95909,625352,119642,39309,80333,367490,60506,306984,138220,17830,120390,42,003,2022
"Armstrong County, Pennsylvania",64747,64148,32293,6437,2542,3895,18725,3331,15394,7131,1361,5770,31855,6323,2501,3822,17526,3849,13677,8006,1833,6173,42,005,2022
"Beaver County, Pennsylvania",165677,164579,80372,17072,6301,10771,46577,6599,39978,16723,1274,15449,84207,16474,5690,10784,46883,8713,38170,20850,2452,18398,42,007,2022
"Berks County, Pennsylvania",430449,426164,211978,52134,20447,31687,125117,20333,104784,34727,3357,31370,214186,48753,21396,27357,123673,25116,98557,41760,5623,36137,42,011,2022
"Blair County, Pennsylvania",121032,119081,58710,13425,5672,7753,33930,6257,27673,11355,1585,9770,60371,12707,5671,7036,33770,8222,25548,13894,2701,11193,42,013,2022
"Bucks County, Pennsylvania",645054,638902,315922,67760,17125,50635,189426,17335,172091,58736,6040,52696,322980,66217,17600,48617,186519,20578,165941,70244,8125,62119,42,017,2022
"Butler County, Pennsylvania",197300,195323,97226,20708,4530,16178,58267,6572,51695,18251,1708,16543,98097,19312,4574,14738,57059,7896,49163,21726,2732,18994,42,019,2022
"Cambria County, Pennsylvania",131441,129051,64075,13868,6906,6962,36299,7233,29066,13908,2070,11838,64976,12987,6352,6635,35108,9567,25541,16881,3473,13408,42,021,2022
"Carbon County, Pennsylvania",65460,64753,32745,6344,2567,3777,19400,1858,17542,7001,1251,5750,32008,6263,2862,3401,18049,3476,14573,7696,802,6894,42,025,2022
"Centre County, Pennsylvania",158425,153030,78186,14782,2799,11983,51791,5745,46046,11613,942,10671,74844,16123,4549,11574,45811,6117,39694,12910,1964,10946,42,027,2022
"Chester County, Pennsylvania",545823,541516,268962,64163,14207,49956,161933,12031,149902,42866,2853,40013,272554,62262,10685,51577,158829,13721,145108,51463,5284,46179,42,029,2022
"Clearfield County, Pennsylvania",77904,74056,37094,7891,3839,4052,21295,4666,16629,7908,1182,6726,36962,7140,3776,3364,20966,6247,14719,8856,1476,7380,42,033,2022
"Crawford County, Pennsylvania",82670,80577,40699,8793,4021,4772,23102,4163,18939,8804,1116,7688,39878,8355,3275,5080,22470,6479,15991,9053,1977,7076,42,039,2022
"Cumberland County, Pennsylvania",268579,262163,127675,30005,8213,21792,75356,7053,68303,22314,1711,20603,134488,29685,7663,22022,77693,11092,66601,27110,2650,24460,42,041,2022
"Dauphin County, Pennsylvania",288800,284799,138407,33878,9735,24143,81812,10416,71396,22717,2417,20300,146392,32302,12303,19999,84978,16706,68272,29112,4059,25053,42,043,2022
"Delaware County, Pennsylvania",575182,569309,275696,68414,23691,44723,164351,24828,139523,42931,5771,37160,293613,65880,21937,43943,172180,31772,140408,55553,8101,47452,42,045,2022
"Erie County, Pennsylvania",267689,263016,129388,29224,14025,15199,77285,16529,60756,22879,3464,19415,133628,29879,12898,16981,75833,18482,57351,27916,4409,23507,42,049,2022
"Fayette County, Pennsylvania",125755,122700,60402,13124,7316,5808,34910,8408,26502,12368,2310,10058,62298,11912,5767,6145,35000,10403,24597,15386,3556,11830,42,051,2022
"Franklin County, Pennsylvania",156902,155708,77754,18871,6113,12758,44583,5240,39343,14300,1539,12761,77954,16124,4334,11790,44797,5230,39567,17033,1743,15290,42,055,2022
"Indiana County, Pennsylvania",82957,81196,40294,8494,3397,5097,23748,5412,18336,8052,1082,6970,40902,8580,3399,5181,23473,5857,17616,8849,1372,7477,42,063,2022
"Lackawanna County, Pennsylvania",215615,212306,105631,24468,8970,15498,62033,9156,52877,19130,1920,17210,106675,21866,9714,12152,62308,13030,49278,22501,3000,19501,42,069,2022
"Lancaster County, Pennsylvania",556629,549631,270639,68453,20627,47826,155451,16542,138909,46735,4150,42585,278992,65014,17922,47092,156138,23294,132844,57840,6002,51838,42,071,2022
"Lawrence County, Pennsylvania",84849,83961,40937,8936,4694,4242,23424,3856,19568,8577,983,7594,43024,8956,4800,4156,23560,7115,16445,10508,1383,9125,42,073,2022
"Lebanon County, Pennsylvania",144011,141907,69127,16542,4609,11933,39809,4010,35799,12776,1402,11374,72780,17371,5221,12150,40126,6068,34058,15283,2088,13195,42,075,2022
"Lehigh County, Pennsylvania",376317,372354,184338,45024,23070,21954,111313,16709,94604,28001,3315,24686,188016,43849,18341,25508,109785,22546,87239,34382,4945,29437,42,077,2022
"Luzerne County, Pennsylvania",326369,320049,158839,35501,18876,16625,95870,17090,78780,27468,3250,24218,161210,33644,17347,16297,92065,23876,68189,35501,5475,30026,42,079,2022
"Lycoming County, Pennsylvania",113104,110350,54614,12071,4168,7903,32351,4427,27924,10192,1253,8939,55736,12597,5257,7340,30943,7294,23649,12196,1209,10987,42,081,2022
"Mercer County, Pennsylvania",109220,106110,51802,10785,4246,6539,30161,5873,24288,10856,1055,9801,54308,10804,4557,6247,30324,7388,22936,13180,1828,11352,42,085,2022
"Monroe County, Pennsylvania",167198,166215,82016,16071,6560,9511,50633,7376,43257,15312,1616,13696,84199,17726,6128,11598,49762,10891,38871,16711,2533,14178,42,089,2022
"Montgomery County, Pennsylvania",864683,852026,416446,98306,23423,74883,248693,21444,227249,69447,5676,63771,435580,94059,21089,72970,252910,28707,224203,88611,10638,77973,42,091,2022
"Northampton County, Pennsylvania",318526,315062,156197,33256,12130,21126,94724,12492,82232,28217,2982,25235,158865,33479,11104,22375,91478,20330,71148,33908,3691,30217,42,095,2022
"Northumberland County, Pennsylvania",90133,85758,42785,9185,3821,5364,24640,4802,19838,8960,916,8044,42973,8243,2828,5415,24469,5101,19368,10261,1379,8882,42,097,2022
"Philadelphia County, Pennsylvania",1567258,1555901,736270,179336,113522,65814,464625,116495,348130,92309,25472,66837,819631,176211,106380,69831,510833,158013,352820,132587,37389,95198,42,101,2022
"Schuylkill County, Pennsylvania",143104,135738,67975,15819,7013,8806,39482,6350,33132,12674,1423,11251,67763,13995,5757,8238,37935,7685,30250,15833,2195,13638,42,107,2022
"Somerset County, Pennsylvania",72710,68688,34483,7519,2397,5122,18911,3106,15805,8053,936,7117,34205,6526,2316,4210,18820,3822,14998,8859,1265,7594,42,111,2022
"Washington County, Pennsylvania",210383,208331,102693,21344,7401,13943,61041,9827,51214,20308,1461,18847,105638,21645,6998,14647,58931,10116,48815,25062,3348,21714,42,125,2022
"Westmoreland County, Pennsylvania",352057,349114,172918,34042,12991,21051,100385,15555,84830,38491,3481,35010,176196,32824,11257,21567,97331,17222,80109,46041,5284,40757,42,129,2022
"York County, Pennsylvania",461058,456906,227253,53785,20772,33013,134933,20085,114848,38535,3811,34724,229653,51066,20086,30980,132570,25478,107092,46017,4488,41529,42,133,2022
"Kent County, Rhode Island",171275,169825,83625,16425,4971,11454,52158,8318,43840,15042,1561,13481,86200,15853,3250,12603,51487,9568,41919,18860,3376,15484,44,003,2022
"Newport County, Rhode Island",84481,81237,39363,7069,776,6293,22720,2655,20065,9574,980,8594,41874,7637,763,6874,22785,1884,20901,11452,927,10525,44,005,2022
"Providence County, Rhode Island",657288,647057,315894,71715,30646,41069,199264,39386,159878,44915,8237,36678,331163,69953,29889,40064,202213,51800,150413,58997,12076,46921,44,007,2022
"Washington County, Rhode Island",130330,129145,62843,12169,2172,9997,37381,4831,32550,13293,971,12322,66302,10754,2108,8646,38746,5434,33312,16802,1735,15067,44,009,2022
"Aiken County, South Carolina",174150,172783,83639,20056,11136,8920,47555,4564,42991,16028,1343,14685,89144,18100,8437,9663,50789,8043,42746,20255,2497,17758,45,003,2022
"Anderson County, South Carolina",209581,207934,100243,25150,9669,15481,58599,3787,54812,16494,1717,14777,107691,24060,9557,14503,61894,10262,51632,21737,3090,18647,45,007,2022
"Beaufort County, South Carolina",196371,186354,87612,17684,7005,10679,44462,3701,40761,25466,1587,23879,98742,18229,8156,10073,50434,6201,44233,30079,1552,28527,45,013,2022
"Berkeley County, South Carolina",245117,235136,113234,31111,13397,17714,65754,4221,61533,16369,2048,14321,121902,28980,9455,19525,72789,7866,64923,20133,3273,16860,45,015,2022
"Charleston County, South Carolina",419279,413481,199478,43914,14655,29259,122322,7412,114910,33242,3629,29613,214003,41054,13748,27306,131519,12501,119018,41430,4305,37125,45,019,2022
"Dorchester County, South Carolina",166133,162336,80040,23831,8713,15118,44729,2714,42015,11480,1103,10377,82296,18586,7006,11580,49739,6174,43565,13971,1100,12871,45,035,2022
"Florence County, South Carolina",136721,134849,63872,17952,8087,9865,35397,5256,30141,10523,1322,9201,70977,15477,9016,6461,42082,9027,33055,13418,2537,10881,45,041,2022
"Greenville County, South Carolina",547950,543215,264406,68157,22091,46066,156107,10323,145784,40142,3282,36860,278809,62659,22939,39720,165065,18888,146177,51085,5158,45927,45,045,2022
"Greenwood County, South Carolina",69267,67785,31075,7574,3566,4008,17029,2411,14618,6472,867,5605,36710,9377,5132,4245,19854,4675,15179,7479,383,7096,45,047,2022
"Horry County, South Carolina",383101,381610,183242,33854,13874,19980,101968,11192,90776,47420,3261,44159,198368,35432,19561,15871,109663,14694,94969,53273,4536,48737,45,051,2022
"Kershaw County, South Carolina",67751,67112,32392,8945,6313,2632,17889,1631,16258,5558,665,4893,34720,7111,3174,3937,20599,3330,17269,7010,1368,5642,45,055,2022
"Lancaster County, South Carolina",104577,102991,48812,11330,2260,9070,27532,2206,25326,9950,1798,8152,54179,12224,4293,7931,29285,4462,24823,12670,1112,11558,45,057,2022
"Laurens County, South Carolina",67965,67014,33107,7655,5224,2431,19473,1423,18050,5979,434,5545,33907,7458,4735,2723,19451,4727,14724,6998,671,6327,45,059,2022
"Lexington County, South Carolina",304797,301930,146733,36963,14269,22694,87001,6880,80121,22769,1580,21189,155197,35230,13639,21591,91131,14463,76668,28836,2628,26208,45,063,2022
"Oconee County, South Carolina",80180,79620,39743,8227,4414,3813,22341,2338,20003,9175,990,8185,39877,7105,2418,4687,22450,3430,19020,10322,823,9499,45,073,2022
"Orangeburg County, South Carolina",83094,82410,38922,9681,5917,3764,21728,4338,17390,7513,2309,5204,43488,9404,6352,3052,24498,6073,18425,9586,3273,6313,45,075,2022
"Pickens County, South Carolina",133462,132443,66514,14725,7103,7622,41395,4367,37028,10394,1578,8816,65929,14495,7183,7312,38873,6990,31883,12561,1940,10621,45,077,2022
"Richland County, South Carolina",421566,403706,189363,49330,19257,30073,115333,11568,103765,24700,3622,21078,214343,50023,19944,30079,130610,15706,114904,33710,4382,29328,45,079,2022
"Spartanburg County, South Carolina",345831,342116,166412,42166,22879,19287,99488,9139,90349,24758,2914,21844,175704,41734,19095,22639,102431,16174,86257,31539,5156,26383,45,083,2022
"Sumter County, South Carolina",104012,98369,46274,13356,7146,6210,25281,2714,22567,7637,1447,6190,52095,11733,5110,6623,30193,5802,24391,10169,1909,8260,45,085,2022
"York County, South Carolina",294248,292759,142160,36063,8890,27173,85323,4797,80526,20774,1404,19370,150599,35613,9213,26400,89614,9368,80246,25372,1891,23481,45,091,2022
"Lincoln County, South Dakota",70987,70762,35202,9980,1247,8733,20165,779,19386,5057,287,4770,35560,9644,2400,7244,20118,1509,18609,5798,239,5559,46,083,2022
"Minnehaha County, South Dakota",203971,200984,102560,27970,6955,21015,62015,2810,59205,12575,899,11676,98424,24780,6035,18745,58846,4790,54056,14798,2030,12768,46,099,2022
"Pennington County, South Dakota",114461,109834,54737,13374,4178,9196,30822,2120,28702,10541,960,9581,55097,13596,4642,8954,30150,3317,26833,11351,1812,9539,46,103,2022
"Anderson County, Tennessee",78913,77811,38540,9118,3977,5141,22408,2821,19587,7014,631,6383,39271,8176,2361,5815,22945,3577,19368,8150,1246,6904,47,001,2022
"Blount County, Tennessee",139958,138621,67948,15307,4842,10465,39614,3801,35813,13027,949,12078,70673,13468,5550,7918,40899,5629,35270,16306,1272,15034,47,009,2022
"Bradley County, Tennessee",110616,109697,53086,12939,5511,7428,31919,2107,29812,8228,404,7824,56611,12452,4742,7710,33442,5578,27864,10717,589,10128,47,011,2022
"Davidson County, Tennessee",708144,703265,339387,75821,30271,45550,223470,15611,207859,40096,4200,35896,363878,73796,33483,40313,237473,26896,210577,52609,5985,46624,47,037,2022
"Greene County, Tennessee",71405,70636,35110,7739,3047,4692,20416,2848,17568,6955,754,6201,35526,6424,3777,2647,20684,4122,16562,8418,1268,7150,47,059,2022
"Hamblen County, Tennessee",65168,64566,32201,7966,4603,3363,19281,2284,16997,4954,854,4100,32365,7177,3824,3353,18873,3658,15215,6315,685,5630,47,063,2022
"Hamilton County, Tennessee",374682,371573,180640,41797,14165,27632,109215,7024,102191,29628,2675,26953,190933,40519,13863,26656,111993,12958,99035,38421,4807,33614,47,065,2022
"Knox County, Tennessee",494574,491587,240904,55829,21053,34776,150067,11357,138710,35008,2856,32152,250683,52992,19388,33604,153054,17824,135230,44637,4929,39708,47,093,2022
"Madison County, Tennessee",99245,97440,45713,11054,4490,6564,26990,4335,22655,7669,855,6814,51727,12499,5767,6732,29474,7226,22248,9754,971,8783,47,113,2022
"Maury County, Tennessee",108159,107061,53139,13812,4175,9637,31076,3722,27354,8251,1137,7114,53922,11330,3525,7805,32791,4409,28382,9801,880,8921,47,119,2022
"Montgomery County, Tennessee",235201,218897,104273,33169,11156,22013,61076,3954,57122,10028,1305,8723,114624,31832,10511,21321,70179,10631,59548,12613,1801,10812,47,125,2022
"Putnam County, Tennessee",82382,81244,39855,10138,4393,5745,23713,1480,22233,6004,804,5200,41389,9705,4444,5261,23688,3735,19953,7996,1788,6208,47,141,2022
"Robertson County, Tennessee",75470,74845,37033,9795,3606,6189,22061,1083,20978,5177,316,4861,37812,9343,3834,5509,22327,2085,20242,6142,441,5701,47,147,2022
"Rutherford County, Tennessee",360619,358687,177960,47416,16177,31239,112579,8077,104502,17965,3383,14582,180727,44674,15740,28934,113613,15013,98600,22440,2742,19698,47,149,2022
"Sevier County, Tennessee",98789,97604,47876,10798,4163,6635,27920,2234,25686,9158,575,8583,49728,9633,3610,6023,29315,3335,25980,10780,580,10200,47,155,2022
"Shelby County, Tennessee",916371,903122,427126,121010,55779,65231,249303,28807,220496,56813,8117,48696,475996,116842,54785,62057,281998,54709,227289,77156,14498,62658,47,157,2022
"Sullivan County, Tennessee",160820,159291,78424,16435,9512,6923,46214,6149,40065,15775,1242,14533,80867,15164,9727,5437,46185,10138,36047,19518,2745,16773,47,163,2022
"Sumner County, Tennessee",203858,201810,97998,24485,5550,18935,58540,3473,55067,14973,1424,13549,103812,24278,6183,18095,60575,5248,55327,18959,1435,17524,47,165,2022
"Washington County, Tennessee",136172,134585,66215,14130,4716,9414,40731,2899,37832,11354,1348,10006,68370,13793,3533,10260,40482,4513,35969,14095,1925,12170,47,179,2022
"Williamson County, Tennessee",260815,259599,128144,36258,3890,32368,74701,2495,72206,17185,1277,15908,131455,34203,2779,31424,76908,4445,72463,20344,1473,18871,47,187,2022
"Wilson County, Tennessee",158555,157335,77889,18968,5010,13958,47702,3334,44368,11219,694,10525,79446,18657,5593,13064,47692,6288,41404,13097,1240,11857,47,189,2022
"Angelina County, Texas",87101,84743,41525,11905,4882,7023,23797,2884,20913,5823,1217,4606,43218,10870,5754,5116,24922,3308,21614,7426,995,6431,48,005,2022
"Bastrop County, Texas",106188,103517,51272,14103,5488,8615,29103,1446,27657,8066,845,7221,52245,14325,4087,10238,29627,3019,26608,8293,796,7497,48,021,2022
"Bell County, Texas",388386,362468,172760,55907,20379,35528,96936,6525,90411,19917,2318,17599,189708,55554,18218,37336,109724,11986,97738,24430,3778,20652,48,027,2022
"Bexar County, Texas",2059530,2018010,996913,271800,120741,151059,612302,43429,568873,112811,15271,97540,1021097,262502,115058,147444,614570,69180,545390,144025,23545,120480,48,029,2022
"Bowie County, Texas",92035,87073,40846,11046,4013,7033,22446,2600,19846,7354,572,6782,46227,11388,4406,6982,25370,4857,20513,9469,1134,8335,48,037,2022
"Brazoria County, Texas",388181,375463,184525,53770,11809,41961,108808,4734,104074,21947,2409,19538,190938,50251,11965,38286,114323,8726,105597,26364,3414,22950,48,039,2022
"Brazos County, Texas",242014,238854,119571,26992,8812,18180,81209,3449,77760,11370,1144,10226,119283,27903,8037,19866,77882,5306,72576,13498,1185,12313,48,041,2022
"Cameron County, Texas",425208,422672,208154,64651,39913,24738,117342,13182,104160,26161,5388,20773,214518,63990,39443,24547,117032,17099,99933,33496,11727,21769,48,061,2022
"Collin County, Texas",1158696,1154866,575939,153449,20760,132689,362512,10155,352357,59978,5418,54560,578927,147301,16288,131013,358219,12072,346147,73407,6402,67005,48,085,2022
"Comal County, Texas",184642,183288,91256,22196,4785,17411,53130,2098,51032,15930,1410,14520,92032,20961,4189,16772,53628,3849,49779,17443,1289,16154,48,091,2022
"Coryell County, Texas",85057,62856,28215,8895,2922,5973,15195,665,14530,4125,652,3473,34641,9616,2480,7136,19543,2315,17228,5482,1039,4443,48,099,2022
"Dallas County, Texas",2600840,2584012,1281740,349956,159563,190393,799031,44626,754405,132753,19981,112772,1302272,334135,148422,185713,799177,76309,722868,168960,25420,143540,48,113,2022
"Denton County, Texas",977281,973889,482476,122433,18580,103853,310415,12276,298139,49628,2816,46812,491413,117651,19214,98437,312537,14230,298307,61225,4962,56263,48,121,2022
"Ector County, Texas",160869,159538,80791,24240,7455,16785,49505,3428,46077,7046,843,6203,78747,24318,10311,14007,45884,5681,40203,8545,2027,6518,48,135,2022
"Ellis County, Texas",212182,210551,104360,29407,9718,19689,62498,2709,59789,12455,940,11515,106191,28670,9143,19527,62929,5315,57614,14592,1542,13050,48,139,2022
"El Paso County, Texas",868763,841877,409416,123057,62173,60884,239468,19836,219632,46891,11735,35156,432461,117190,63609,53581,250896,34786,216110,64375,18862,45513,48,141,2022
"Fort Bend County, Texas",889146,883553,435018,127303,28486,98817,257303,9648,247655,50412,6105,44307,448535,121566,29272,92294,267623,17506,250117,59346,7686,51660,48,157,2022
"Galveston County, Texas",357117,353581,175609,45966,15035,30931,103819,7518,96301,25824,2217,23607,177972,42046,14633,27413,106300,9832,96468,29626,2846,26780,48,167,2022
"Grayson County, Texas",143131,141762,69538,18389,5985,12404,39314,3589,35725,11835,773,11062,72224,17320,5453,11867,41080,5226,35854,13824,1850,11974,48,181,2022
"Gregg County, Texas",125443,123357,59967,17973,8755,9218,33268,2817,30451,8726,1457,7269,63390,17272,8867,8405,34845,6388,28457,11273,1329,9944,48,183,2022
"Guadalupe County, Texas",182760,180223,90266,24618,6834,17784,53330,2677,50653,12318,769,11549,89957,22022,6509,15513,53301,5045,48256,14634,1820,12814,48,187,2022
"Harris County, Texas",4780913,4755764,2364744,659121,296552,362569,1458788,91437,1367351,246835,32633,214202,2391020,636856,284549,352307,1450226,155384,1294842,303938,54372,249566,48,201,2022
"Harrison County, Texas",69955,69438,32824,7603,3989,3614,19845,1572,18273,5376,1016,4360,36614,9942,4767,5175,20152,2258,17894,6520,872,5648,48,203,2022
"Hays County, Texas",269225,266925,131903,31273,6523,24750,85742,4350,81392,14888,1485,13403,135022,32059,6765,25294,85731,5547,80184,17232,1395,15837,48,209,2022
"Henderson County, Texas",84511,83640,41559,9943,5544,4399,22517,2133,20384,9099,807,8292,42081,8615,3262,5353,23365,2820,20545,10101,1375,8726,48,213,2022
"Hidalgo County, Texas",888367,882982,434824,147226,92294,54932,243058,20108,222950,44540,13704,30836,448158,142123,88405,53718,249652,32691,216961,56383,20607,35776,48,215,2022
"Hood County, Texas",66373,65589,31885,7275,2693,4582,16764,1084,15680,7846,505,7341,33704,7099,1959,5140,17196,2740,14456,9409,886,8523,48,221,2022
"Hunt County, Texas",108282,107373,52712,14326,6623,7703,30902,2153,28749,7484,1336,6148,54661,13784,4812,8972,31899,3379,28520,8978,833,8145,48,231,2022
"Jefferson County, Texas",250830,235948,116428,33150,16833,16317,66962,4340,62622,16316,1772,14544,119520,29817,16872,12945,69144,11793,57351,20559,3534,17025,48,245,2022
"Johnson County, Texas",195506,192596,96161,27456,8631,18825,56997,3437,53560,11708,1152,10556,96435,24992,7188,17804,56261,5691,50570,15182,1748,13434,48,251,2022
"Kaufman County, Texas",172366,171286,85240,27489,5685,21804,49521,2849,46672,8230,877,7353,86046,24155,5236,18919,52296,3171,49125,9595,1448,8147,48,257,2022
"Liberty County, Texas",101992,96767,48309,15790,7644,8146,26949,3088,23861,5570,734,4836,48458,15482,7135,8347,26143,4957,21186,6833,647,6186,48,291,2022
"Lubbock County, Texas",317561,312255,152775,40815,14802,26013,94073,5879,88194,17887,2510,15377,159480,39100,13192,25908,97523,10109,87414,22857,4176,18681,48,303,2022
"McLennan County, Texas",266836,263566,130141,35197,17583,17614,77353,6730,70623,17591,1556,16035,133425,32170,12305,19865,79486,7983,71503,21769,2207,19562,48,309,2022
"Midland County, Texas",171999,170785,87277,27068,4156,22912,52483,1811,50672,7726,1293,6433,83508,23760,6209,17551,49403,5268,44135,10345,2329,8016,48,329,2022
"Montgomery County, Texas",678490,675383,335743,92131,22726,69405,200460,7497,192963,43152,3100,40052,339640,90942,23188,67754,198679,12533,186146,50019,3780,46239,48,339,2022
"Nueces County, Texas",351674,345015,171184,46299,21062,25237,100803,9662,91141,24082,4937,19145,173831,41271,17833,23438,102840,16448,86392,29720,6335,23385,48,355,2022
"Orange County, Texas",84934,84447,42501,11128,5618,5510,25008,1442,23566,6365,383,5982,41946,10762,4874,5888,23693,2532,21161,7491,1030,6461,48,361,2022
"Parker County, Texas",165834,163847,82922,22910,4991,17919,47742,2154,45588,12270,520,11750,80925,19568,4410,15158,47607,2181,45426,13750,630,13120,48,367,2022
"Potter County, Texas",115645,110546,55519,16463,7832,8631,32242,1970,30272,6814,1422,5392,55027,15900,7883,8017,30856,4954,25902,8271,1776,6495,48,375,2022
"Randall County, Texas",146140,145081,71855,20186,4278,15908,41839,2273,39566,9830,859,8971,73226,18217,2589,15628,42556,1941,40615,12453,1459,10994,48,381,2022
"Rockwall County, Texas",123208,122531,61953,18196,2395,15801,36306,720,35586,7451,1139,6312,60578,15795,923,14872,36611,1333,35278,8172,624,7548,48,397,2022
"San Patricio County, Texas",69954,69064,35413,10464,4730,5734,20085,1703,18382,4864,845,4019,33651,8719,4142,4577,19171,2173,16998,5761,900,4861,48,409,2022
"Smith County, Texas",241922,239589,117049,31944,13801,18143,66554,6444,60110,18551,1711,16840,122540,30243,12580,17663,69543,8535,61008,22754,2021,20733,48,423,2022
"Starr County, Texas",65728,65295,31743,11199,6751,4448,17498,2208,15290,3046,1692,1354,33552,10766,6105,4661,18554,5042,13512,4232,2443,1789,48,427,2022
"Tarrant County, Texas",2154595,2134795,1048934,291123,92323,198800,642238,33600,608638,115573,13646,101927,1085861,281593,89532,192061,660014,49374,610640,144254,17730,126524,48,439,2022
"Taylor County, Texas",145163,137911,65808,19648,6531,13117,36999,2194,34805,9161,851,8310,72103,17929,6939,10990,42782,3704,39078,11392,1695,9697,48,441,2022
"Tom Green County, Texas",118892,114326,56629,15318,7867,7451,32414,2069,30345,8897,384,8513,57697,14406,6050,8356,32851,4174,28677,10440,1758,8682,48,451,2022
"Travis County, Texas",1326436,1319854,675209,143731,39656,104075,466207,23652,442555,65271,6837,58434,644645,136921,32626,104295,430158,33077,397081,77566,9653,67913,48,453,2022
"Victoria County, Texas",91065,89928,45047,12306,4123,8183,25802,2729,23073,6939,835,6104,44881,11559,3019,8540,25168,3112,22056,8154,927,7227,48,469,2022
"Walker County, Texas",78870,64728,34510,8320,2221,6099,20613,2315,18298,5577,470,5107,30218,4697,1645,3052,19831,1715,18116,5690,523,5167,48,471,2022
"Webb County, Texas",267780,265816,131888,44848,25583,19265,76094,5941,70153,10946,4016,6930,133928,43234,28118,15116,75267,9296,65971,15427,6675,8752,48,479,2022
"Wichita County, Texas",129978,117600,56819,15603,8433,7170,32947,2651,30296,8269,979,7290,60781,15011,6445,8566,35078,4377,30701,10692,1061,9631,48,485,2022
"Williamson County, Texas",671418,666053,331618,85303,16816,68487,208904,7392,201512,37411,2473,34938,334435,81867,11202,70665,204862,9271,195591,47706,4719,42987,48,491,2022
"Wise County, Texas",74895,73804,37471,10104,2236,7868,21748,1512,20236,5619,466,5153,36333,9130,2896,6234,21327,1858,19469,5876,576,5300,48,497,2022
"Cache County, Utah",140173,139539,69830,22183,4454,17729,41090,2750,38340,6557,713,5844,69709,21186,4110,17076,41487,4377,37110,7036,871,6165,49,005,2022
"Davis County, Utah",369948,363933,183248,59266,4946,54320,105139,5722,99417,18843,1399,17444,180685,57497,5432,52065,102214,6948,95266,20974,2129,18845,49,011,2022
"Salt Lake County, Utah",1186257,1179771,597082,159690,31396,128294,372421,19196,353225,64971,5810,59161,582689,151491,28334,123157,354889,30468,324421,76309,8219,68090,49,035,2022
"Tooele County, Utah",79934,79527,40151,13412,2688,10724,23565,1830,21735,3174,222,2952,39376,12713,1703,11010,22873,2476,20397,3790,481,3309,49,045,2022
"Utah County, Utah",702434,700069,355332,120661,18101,102560,208744,13907,194837,25927,2018,23909,344737,116114,17280,98834,198698,17656,181042,29925,2853,27072,49,049,2022
"Washington County, Utah",197680,196367,97993,27458,9042,18416,49518,3946,45572,21017,1856,19161,98374,23741,6643,17098,51879,6839,45040,22754,1756,20998,49,053,2022
"Weber County, Utah",269561,266138,135369,38975,6295,32680,81119,5407,75712,15275,1456,13819,130769,35458,7378,28080,77654,7888,69766,17657,1783,15874,49,057,2022
"Chittenden County, Vermont",169301,167949,81843,15849,3566,12283,53104,6468,46636,12890,1306,11584,86106,16527,4897,11630,54188,7443,46745,15391,1940,13451,50,007,2022
"Albemarle County, Virginia",114534,112962,54475,12605,3199,9406,31637,1821,29816,10233,612,9621,58487,11834,2421,9413,33940,3677,30263,12713,516,12197,51,003,2022
"Arlington County, Virginia",234000,229526,114317,21325,3139,18186,80771,2305,78466,12221,548,11673,115209,22232,4412,17820,78127,4442,73685,14850,1051,13799,51,013,2022
"Augusta County, Virginia",78064,74862,36807,7522,2176,5346,21044,2885,18159,8241,575,7666,38055,7245,2012,5233,21560,3647,17913,9250,884,8366,51,015,2022
"Bedford County, Virginia",80848,80310,40302,8408,2837,5571,23049,2654,20395,8845,235,8610,40008,7831,2308,5523,22459,2624,19835,9718,803,8915,51,019,2022
"Chesterfield County, Virginia",378408,374718,179509,46697,12889,33808,105660,10715,94945,27152,2385,24767,195209,46513,10878,35635,114598,15378,99220,34098,3249,30849,51,041,2022
"Fairfax County, Virginia",1138331,1121897,558189,141335,23776,117559,337858,19980,317878,78996,5883,73113,563708,132198,23437,108761,340187,24134,316053,91323,8848,82475,51,059,2022
"Fauquier County, Virginia",74664,74435,37424,8461,1956,6505,23266,1129,22137,5697,388,5309,37011,8985,2532,6453,21155,2015,19140,6871,350,6521,51,061,2022
"Frederick County, Virginia",95051,93831,47174,13068,3825,9243,26103,2769,23334,8003,626,7377,46657,10015,2264,7751,27164,2885,24279,9478,714,8764,51,069,2022
"Hanover County, Virginia",112938,111861,54992,13285,2336,10949,31976,1702,30274,9731,719,9012,56869,12018,1925,10093,33345,2277,31068,11506,779,10727,51,085,2022
"Henrico County, Virginia",333962,330462,157452,38006,12349,25657,96016,11290,84726,23430,985,22445,173010,38323,10702,27621,103300,13684,89616,31387,2291,29096,51,087,2022
"James City County, Virginia",81199,78709,37206,8365,1436,6929,19126,1298,17828,9715,1197,8518,41503,7724,1230,6494,22269,2826,19443,11510,390,11120,51,095,2022
"Loudoun County, Virginia",432085,430471,215549,60745,7764,52981,134134,3998,130136,20670,1963,18707,214922,58155,5965,52190,131461,6744,124717,25306,2801,22505,51,107,2022
"Montgomery County, Virginia",98915,98202,50154,9644,1563,8081,34606,2755,31851,5904,213,5691,48048,9785,1297,8488,30717,2955,27762,7546,513,7033,51,121,2022
"Prince William County, Virginia",486943,479852,239527,68584,20004,48580,146572,11146,135426,24371,2729,21642,240325,65102,15816,49286,145591,12984,132607,29632,3193,26439,51,153,2022
"Roanoke County, Virginia",96914,95635,44907,9139,2722,6417,26619,2371,24248,9149,376,8773,50728,10347,3735,6612,28157,3066,25091,12224,1007,11217,51,161,2022
"Rockingham County, Virginia",85397,84700,41794,9719,4344,5375,24277,2563,21714,7798,286,7512,42906,9186,3687,5499,24730,4403,20327,8990,472,8518,51,165,2022
"Spotsylvania County, Virginia",146688,145730,72852,20364,6994,13370,42369,4650,37719,10119,696,9423,72878,17604,4671,12933,42784,6255,36529,12490,798,11692,51,177,2022
"Stafford County, Virginia",163380,157041,78079,23504,3178,20326,46242,2518,43724,8333,276,8057,78962,21911,4533,17378,46967,4312,42655,10084,421,9663,51,179,2022
"York County, Virginia",71341,66836,31915,8391,921,7470,18033,887,17146,5491,222,5269,34921,8401,930,7471,20064,1225,18839,6456,326,6130,51,199,2022
"Alexandria city, Virginia",155525,150807,73105,15374,5652,9722,49015,3783,45232,8716,713,8003,77702,13253,4364,8889,52888,3320,49568,11561,929,10632,51,510,2022
"Chesapeake city, Virginia",252488,239828,114127,31707,7542,24165,66717,5536,61181,15703,1536,14167,125701,31021,7685,23336,74298,9642,64656,20382,1956,18426,51,550,2022
"Hampton city, Virginia",138037,129396,60663,16143,7955,8188,34943,5291,29652,9577,972,8605,68733,15052,5270,9782,40954,10936,30018,12727,1611,11116,51,650,2022
"Lynchburg city, Virginia",79287,77633,36017,9056,4855,4201,22668,2916,19752,4293,450,3843,41616,8336,3450,4886,27174,6783,20391,6106,1005,5101,51,680,2022
"Newport News city, Virginia",184306,173260,80759,22992,10477,12515,47147,7452,39695,10620,1649,8971,92501,22153,10777,11376,55534,14994,40540,14814,2116,12698,51,700,2022
"Norfolk city, Virginia",232995,205893,97292,24747,10570,14177,60383,12648,47735,12162,947,11215,108601,24427,11116,13311,66877,16732,50145,17297,3239,14058,51,710,2022
"Portsmouth city, Virginia",97029,91596,43592,13195,7021,6174,24448,4782,19666,5949,558,5391,48004,10511,4902,5609,28910,8049,20861,8583,1055,7528,51,740,2022
"Richmond city, Virginia",229395,227375,107330,21561,12398,9163,72191,12803,59388,13578,2206,11372,120045,20457,10916,9541,80869,17550,63319,18719,2335,16384,51,760,2022
"Roanoke city, Virginia",97847,96444,43925,9774,7096,2678,27506,6073,21433,6645,886,5759,52519,13269,8542,4727,29722,8345,21377,9528,1383,8145,51,770,2022
"Suffolk city, Virginia",98537,93142,44513,12997,4405,8592,24961,2609,22352,6555,466,6089,48629,11201,3315,7886,29147,6728,22419,8281,837,7444,51,800,2022
"Virginia Beach city, Virginia",455618,430773,205225,52669,13059,39610,121370,10632,110738,31186,1676,29510,225548,50034,13436,36598,134846,18645,116201,40668,3813,36855,51,810,2022
"Benton County, Washington",212791,211382,107145,29282,11354,17928,62059,9070,52989,15804,1868,13936,104237,27750,11936,15814,59080,10856,48224,17407,3106,14301,53,005,2022
"Chelan County, Washington",79926,79333,39799,8971,4693,4278,23145,3032,20113,7683,1106,6577,39534,9266,4516,4750,21440,3178,18262,8828,1239,7589,53,007,2022
"Clallam County, Washington",77805,76056,36932,6839,2786,4053,18809,3234,15575,11284,968,10316,39124,6386,2959,3427,19421,3530,15891,13317,1344,11973,53,009,2022
"Clark County, Washington",516779,514066,255426,61465,25841,35624,154313,19308,135005,39648,3576,36072,258640,59095,20604,38491,151976,27843,124133,47569,6225,41344,53,011,2022
"Cowlitz County, Washington",111956,111144,55350,13358,6758,6600,31751,6999,24752,10241,1231,9010,55794,12538,5824,6714,31402,9464,21938,11854,1738,10116,53,015,2022
"Franklin County, Washington",98678,96384,48736,16293,10131,6162,27370,3668,23702,5073,1018,4055,47648,16478,8622,7856,25866,5928,19938,5304,873,4431,53,021,2022
"Grant County, Washington",101311,100951,51101,15106,7068,8038,29345,5614,23731,6650,997,5653,49850,14326,6975,7351,27879,6123,21756,7645,1525,6120,53,025,2022
"Grays Harbor County, Washington",77038,75044,37367,8278,5600,2678,20770,5372,15398,8319,1076,7243,37677,7691,5607,2084,20540,6290,14250,9446,839,8607,53,027,2022
"Island County, Washington",86625,79915,39102,8334,2485,5849,19871,2625,17246,10897,728,10169,40813,7035,1876,5159,21449,2820,18629,12329,1118,11211,53,029,2022
"King County, Washington",2266789,2253214,1144125,235501,69999,165502,765697,72366,693331,142927,16770,126157,1109089,225611,60728,164883,710154,97200,612954,173324,24997,148327,53,033,2022
"Kitsap County, Washington",277673,263453,132344,30042,10158,19884,76963,10204,66759,25339,1952,23387,131109,26681,6782,19899,75878,14356,61522,28550,2953,25597,53,035,2022
"Lewis County, Washington",85370,85029,42810,9905,4807,5098,24043,4754,19289,8862,799,8063,42219,9141,4312,4829,23378,6151,17227,9700,1862,7838,53,041,2022
"Mason County, Washington",68166,66323,33725,7049,3353,3696,18681,2935,15746,7995,921,7074,32598,6544,3338,3206,17484,3053,14431,8570,1282,7288,53,045,2022
"Pierce County, Washington",927380,895806,442441,112923,43534,69389,268009,41383,226626,61509,7570,53939,453365,106833,42511,64322,271849,51595,220254,74683,14269,60414,53,053,2022
"Skagit County, Washington",131179,129480,65790,15959,7778,8181,36320,6937,29383,13511,1086,12425,63690,12627,5239,7388,35574,7257,28317,15489,1519,13970,53,057,2022
"Snohomish County, Washington",840079,831325,417372,99625,33808,65817,262065,29393,232672,55682,7649,48033,413953,93623,30895,62728,252538,38915,213623,67792,9875,57917,53,061,2022
"Spokane County, Washington",549690,540160,266745,63146,32970,30176,160914,34891,126023,42685,4372,38313,273415,61193,26338,34855,160860,39928,120932,51362,7455,43907,53,063,2022
"Thurston County, Washington",298758,290184,140600,32824,12055,20769,82899,11467,71432,24877,2225,22652,149584,31740,10160,21580,86081,15378,70703,31763,3717,28046,53,067,2022
"Whatcom County, Washington",230677,228484,112231,22686,9658,13028,69491,11715,57776,20054,2389,17665,116253,23270,10908,12362,70015,12367,57648,22968,2671,20297,53,073,2022
"Yakima County, Washington",257001,255223,128952,40888,29046,11842,71000,16542,54458,17064,3183,13881,126271,36936,26172,10764,70386,21589,48797,18949,3807,15142,53,077,2022
"Berkeley County, West Virginia",129490,128174,63746,15775,6940,8835,38481,5254,33227,9490,760,8730,64428,14754,5888,8866,38755,7723,31032,10919,1614,9305,54,003,2022
"Cabell County, West Virginia",92730,90753,44087,10264,4935,5329,26315,5687,20628,7508,695,6813,46666,9236,3513,5723,27687,7159,20528,9743,1398,8345,54,011,2022
"Harrison County, West Virginia",64915,64122,31283,7129,3032,4097,18539,3656,14883,5615,562,5053,32839,6914,3293,3621,18572,4723,13849,7353,1450,5903,54,033,2022
"Kanawha County, West Virginia",175515,173279,82889,18572,9247,9325,47507,10415,37092,16810,2510,14300,90390,19108,10254,8854,49679,14051,35628,21603,3746,17857,54,039,2022
"Monongalia County, West Virginia",106869,105735,54506,11339,3573,7766,36537,4124,32413,6630,607,6023,51229,9850,3269,6581,33928,5469,28459,7451,899,6552,54,061,2022
"Raleigh County, West Virginia",72882,69997,33741,7628,4175,3453,18557,4627,13930,7556,1270,6286,36256,8134,4746,3388,19265,6235,13030,8857,889,7968,54,081,2022
"Wood County, West Virginia",83340,82496,40440,9266,5421,3845,23297,5013,18284,7877,864,7013,42056,9057,4282,4775,23246,6744,16502,9753,1618,8135,54,107,2022
"Brown County, Wisconsin",270036,267950,133106,33482,12461,21021,80060,10268,69792,19564,2120,17444,134844,32104,11608,20496,78817,14695,64122,23923,2870,21053,55,009,2022
"Chippewa County, Wisconsin",66807,64264,32834,7308,1717,5591,19358,3219,16139,6168,494,5674,31430,6984,2336,4648,17754,3090,14664,6692,1438,5254,55,017,2022
"Dane County, Wisconsin",568203,564306,282427,62966,10986,51980,180390,13993,166397,39071,2052,37019,281879,58518,11486,47032,176755,20567,156188,46606,3785,42821,55,025,2022
"Dodge County, Wisconsin",88282,84482,42415,8878,3110,5768,25892,3165,22727,7645,652,6993,42067,9014,3028,5986,24427,4404,20023,8626,1131,7495,55,027,2022
"Eau Claire County, Wisconsin",106837,105938,53238,12286,3721,8565,33051,3374,29677,7901,511,7390,52700,10907,3495,7412,31972,5118,26854,9821,885,8936,55,035,2022
"Fond du Lac County, Wisconsin",103836,101980,51472,12125,3792,8333,30103,3201,26902,9244,752,8492,50508,11022,3155,7867,28267,5271,22996,11219,1440,9779,55,039,2022
"Jefferson County, Wisconsin",85784,85523,43308,10343,2589,7754,25385,2218,23167,7580,597,6983,42215,9116,2780,6336,24631,3585,21046,8468,600,7868,55,055,2022
"Kenosha County, Wisconsin",167817,166827,83286,19507,6051,13456,51286,7690,43596,12493,1266,11227,83541,18137,6427,11710,51625,11503,40122,13779,1935,11844,55,059,2022
"La Crosse County, Wisconsin",120294,119068,59207,13738,3753,9985,35785,3762,32023,9684,579,9105,59861,11297,2731,8566,36652,4635,32017,11912,1622,10290,55,063,2022
"Manitowoc County, Wisconsin",81172,80535,40767,8656,3951,4705,23710,3224,20486,8401,1016,7385,39768,8009,3052,4957,22328,3669,18659,9431,1393,8038,55,071,2022
"Marathon County, Wisconsin",137958,136987,69499,17200,7140,10060,40090,4587,35503,12209,877,11332,67488,15166,4884,10282,38582,5437,33145,13740,1747,11993,55,073,2022
"Milwaukee County, Wisconsin",918661,912356,443764,116854,58682,58172,268431,54016,214415,58479,10535,47944,468592,112607,58103,54504,281068,72933,208135,74917,15981,58936,55,079,2022
"Outagamie County, Wisconsin",192127,190672,96202,23763,5742,18021,58130,5284,52846,14309,1640,12669,94470,22231,5144,17087,55090,6746,48344,17149,1926,15223,55,087,2022
"Ozaukee County, Wisconsin",93009,92526,45573,10535,2178,8357,25860,1501,24359,9178,653,8525,46953,9623,1186,8437,25999,2589,23410,11331,1518,9813,55,089,2022
"Portage County, Wisconsin",70718,70614,36076,7926,3263,4663,21951,2068,19883,6199,403,5796,34538,6964,2359,4605,20650,3403,17247,6924,526,6398,55,097,2022
"Racine County, Wisconsin",195846,191793,95592,25521,9488,16033,54168,7753,46415,15903,1822,14081,96201,22090,8367,13723,55720,8984,46736,18391,3189,15202,55,101,2022
"Rock County, Wisconsin",164060,163083,82230,20884,7962,12922,48379,7433,40946,12967,1583,11384,80853,17834,5136,12698,47672,7637,40035,15347,2096,13251,55,105,2022
"St. Croix County, Wisconsin",96017,95285,47671,11367,1207,10160,29259,2455,26804,7045,686,6359,47614,11586,1682,9904,28050,3472,24578,7978,744,7234,55,109,2022
"Sauk County, Wisconsin",65777,65257,32531,7554,2525,5029,18894,1750,17144,6083,562,5521,32726,7651,2546,5105,18230,2147,16083,6845,1062,5783,55,111,2022
"Sheboygan County, Wisconsin",117841,115571,58474,13881,4497,9384,33701,4133,29568,10892,1035,9857,57097,12454,3045,9409,32548,4253,28295,12095,1011,11084,55,117,2022
"Walworth County, Wisconsin",105380,104676,52709,11161,4731,6430,31496,2638,28858,10052,961,9091,51967,11014,3527,7487,30514,5030,25484,10439,1115,9324,55,127,2022
"Washington County, Wisconsin",137688,137208,69079,15464,2061,13403,40960,3840,37120,12655,1040,11615,68129,14678,1583,13095,39119,3725,35394,14332,1227,13105,55,131,2022
"Waukesha County, Wisconsin",410434,408437,204296,46489,7236,39253,119710,6530,113180,38097,3057,35040,204141,42622,5005,37617,116686,9396,107290,44833,3879,40954,55,133,2022
"Winnebago County, Wisconsin",170718,166428,83659,18988,5935,13053,51517,7250,44267,13154,698,12456,82769,17722,5361,12361,49190,7391,41799,15857,1482,14375,55,139,2022
"Wood County, Wisconsin",73993,73616,36674,8074,2868,5206,21116,3115,18001,7484,639,6845,36942,8702,3671,5031,19830,4200,15630,8410,629,7781,55,141,2022
"Laramie County, Wyoming",100723,96921,48848,12305,2935,9370,28635,1866,26769,7908,603,7305,48073,11330,2848,8482,27476,2843,24633,9267,1184,8083,56,021,2022
"Natrona County, Wyoming",79601,78656,39980,10411,1093,9318,22936,1081,21855,6633,497,6136,38676,9292,1945,7347,22479,1699,20780,6905,559,6346,56,025,2022
"Arecibo Municipio, Puerto Rico",86090,84008,40027,8512,5551,2961,22930,9244,13686,8585,1978,6607,43981,5644,3175,2469,26623,11402,15221,11714,3297,8417,72,013,2022
"Bayamón Municipio, Puerto Rico",181577,176538,80097,15483,8205,7278,46975,16617,30358,17639,4649,12990,96441,14979,10126,4853,55218,22539,32679,26244,9158,17086,72,021,2022
"Caguas Municipio, Puerto Rico",125136,124795,58317,11313,6120,5193,35804,11652,24152,11200,4468,6732,66478,9460,4361,5099,40150,15022,25128,16868,7133,9735,72,025,2022
"Carolina Municipio, Puerto Rico",151571,150856,68259,12706,6982,5724,40976,9847,31129,14577,2509,12068,82597,12140,6728,5412,47832,16882,30950,22625,5426,17199,72,031,2022
"Guaynabo Municipio, Puerto Rico",89057,88608,41513,6970,2838,4132,25261,7059,18202,9282,1903,7379,47095,6721,1680,5041,26915,7251,19664,13459,3523,9936,72,061,2022
"Mayagüez Municipio, Puerto Rico",70609,69808,33154,6461,4323,2138,19333,9702,9631,7360,2113,5247,36654,5602,4669,933,20046,11248,8798,11006,3699,7307,72,097,2022
"Ponce Municipio, Puerto Rico",132138,128038,58837,12222,9269,2953,33026,15468,17558,13589,7451,6138,69201,12107,9821,2286,37886,22954,14932,19208,10591,8617,72,113,2022
"San Juan Municipio, Puerto Rico",334776,331458,150191,27707,16529,11178,88076,26701,61375,34408,8887,25521,181267,27156,15526,11630,103892,37177,66715,50219,13025,37194,72,127,2022
"Toa Alta Municipio, Puerto Rico",66041,65611,30768,5441,2649,2792,20328,5022,15306,4999,1731,3268,34843,6143,4023,2120,22452,8226,14226,6248,1829,4419,72,135,2022
"Toa Baja Municipio, Puerto Rico",72783,72561,33998,6657,4813,1844,20688,6842,13846,6653,1755,4898,38563,5619,3381,2238,23495,9653,13842,9449,3003,6446,72,137,2022
"Trujillo Alto Municipio, Puerto Rico",66810,66604,31115,6105,1607,4498,19079,5653,13426,5931,1247,4684,35489,4962,1507,3455,21868,6055,15813,8659,1539,7120,72,139,2022
"Baldwin County, Alabama",253507,250117,121974,29440,11898,17542,67090,4515,62575,25444,2225,23219,128143,26109,8249,17860,71704,8585,63119,30330,1613,28717,01,003,2023
"Calhoun County, Alabama",116429,114027,54337,13526,5861,7665,31772,4153,27619,9039,1112,7927,59690,12835,6372,6463,34244,5576,28668,12611,1699,10912,01,015,2023
"Cullman County, Alabama",92016,91144,44695,10732,6016,4716,25807,2734,23073,8156,1147,7009,46449,10658,6540,4118,26213,3597,22616,9578,2031,7547,01,043,2023
"DeKalb County, Alabama",72569,71798,36015,10127,6822,3305,20165,2044,18121,5723,878,4845,35783,8638,5632,3006,20503,2986,17517,6642,985,5657,01,049,2023
"Elmore County, Alabama",90441,85557,40770,10744,3850,6894,23341,2161,21180,6685,365,6320,44787,9904,5022,4882,26554,3103,23451,8329,921,7408,01,051,2023
"Etowah County, Alabama",103241,101906,47728,10502,5078,5424,28232,5100,23132,8994,958,8036,54178,12924,8026,4898,30244,4985,25259,11010,1555,9455,01,055,2023
"Houston County, Alabama",108462,107165,51406,13362,6806,6556,29070,3038,26032,8974,755,8219,55759,12500,6204,6296,32256,5925,26331,11003,2529,8474,01,069,2023
"Jefferson County, Alabama",662895,655222,309459,79847,36040,43807,182470,19930,162540,47142,6694,40448,345763,78821,39020,39801,203603,33255,170348,63339,10939,52400,01,073,2023
"Lauderdale County, Alabama",96814,95862,45549,9866,4495,5371,26665,2785,23880,9018,693,8325,50313,10181,3237,6944,29387,3477,25910,10745,1557,9188,01,077,2023
"Lee County, Alabama",183215,181503,88083,21090,6914,14176,55946,3284,52662,11047,1615,9432,93420,20691,6700,13991,59008,5934,53074,13721,2577,11144,01,081,2023
"Limestone County, Alabama",114654,111481,54788,13296,3478,9818,33159,2405,30754,8333,1319,7014,56693,13727,5004,8723,33622,4132,29490,9344,952,8392,01,083,2023
"Madison County, Alabama",412600,408678,200338,46898,13513,33385,124047,7805,116242,29393,2620,26773,208340,47180,14885,32295,125834,11740,114094,35326,5025,30301,01,089,2023
"Marshall County, Alabama",100756,99758,49764,14225,5295,8930,27828,2589,25239,7711,1536,6175,49994,13082,5918,7164,27431,3684,23747,9481,2312,7169,01,095,2023
"Mobile County, Alabama",411640,407029,194005,51449,24548,26901,111148,10684,100464,31408,3675,27733,213024,48540,21532,27008,124157,20745,103412,40327,5902,34425,01,097,2023
"Montgomery County, Alabama",224980,217741,101430,29541,16535,13006,56523,4528,51995,15366,1957,13409,116311,26353,17048,9305,69580,11821,57759,20378,3580,16798,01,101,2023
"Morgan County, Alabama",125133,123236,59938,14629,5789,8840,35667,3557,32110,9642,1390,8252,63298,15281,5959,9322,35741,4047,31694,12276,1316,10960,01,103,2023
"St. Clair County, Alabama",95552,93492,45473,11213,2909,8304,26826,1278,25548,7434,961,6473,48019,10750,3020,7730,27931,2004,25927,9338,876,8462,01,115,2023
"Shelby County, Alabama",233000,230907,111891,28225,6973,21252,65846,2656,63190,17820,1031,16789,119016,27335,8057,19278,69531,4401,65130,22150,1438,20712,01,117,2023
"Talladega County, Alabama",81132,78609,37188,7716,3909,3807,22215,2498,19717,7257,861,6396,41421,9245,5595,3650,23788,6147,17641,8388,1159,7229,01,121,2023
"Tuscaloosa County, Alabama",237373,235341,113455,28328,11762,16566,70221,6350,63871,14906,1597,13309,121886,28776,12759,16017,74761,7758,67003,18349,2196,16153,01,125,2023
"Anchorage Municipality, Alaska",286075,273442,136908,36742,12280,24462,82307,10507,71800,17859,3560,14299,136534,33434,11879,21555,83835,13333,70502,19265,3494,15771,02,020,2023
"Fairbanks North Star Borough, Alaska",94840,84724,43436,13486,3134,10352,24297,3119,21178,5653,748,4905,41288,9783,1288,8495,25493,2225,23268,6012,956,5056,02,090,2023
"Matanuska-Susitna Borough, Alaska",115239,112218,57913,16079,5867,10212,34151,6142,28009,7683,1175,6508,54305,14667,5919,8748,31429,6294,25135,8209,1366,6843,02,170,2023
"Apache County, Arizona",65036,64403,31431,8503,5693,2810,17409,7249,10160,5519,1020,4499,32972,8804,6412,2392,17832,7911,9921,6336,1747,4589,04,001,2023
"Cochise County, Arizona",124640,117622,57071,13921,3833,10088,27866,6266,21600,15284,2490,12794,60551,12733,4559,8174,31400,9868,21532,16418,3382,13036,04,003,2023
"Coconino County, Arizona",144472,143970,71210,15824,6213,9611,44784,7621,37163,10602,1724,8878,72760,16701,5528,11173,44593,8949,35644,11466,1665,9801,04,005,2023
"Maricopa County, Arizona",4585871,4545035,2255107,549143,191076,358067,1362932,166950,1195982,343032,40386,302646,2289928,526325,173619,352706,1356075,219743,1136332,407528,50475,357053,04,013,2023
"Mohave County, Arizona",223682,219242,109292,19899,8013,11886,53292,12669,40623,36101,4708,31393,109950,17614,7294,10320,55061,15088,39973,37275,4981,32294,04,015,2023
"Navajo County, Arizona",109175,107059,53137,14959,9191,5768,27322,9676,17646,10856,1932,8924,53922,13046,7572,5474,28821,9547,19274,12055,2409,9646,04,017,2023
"Pima County, Arizona",1063162,1039761,506427,113436,42416,71020,288204,50919,237285,104787,13216,91571,533334,109536,38768,70768,297993,60404,237589,125805,17012,108793,04,019,2023
"Pinal County, Arizona",484239,470746,235591,55860,20323,35537,131502,21967,109535,48229,5161,43068,235155,54076,18104,35972,126417,25257,101160,54662,7762,46900,04,021,2023
"Yavapai County, Arizona",249081,247679,121052,18994,6486,12508,61172,8280,52892,40886,4122,36764,126627,20797,8216,12581,60920,10079,50841,44910,4631,40279,04,025,2023
"Yuma County, Arizona",213221,201017,98342,28476,17343,11133,48267,8870,39397,21599,4824,16775,102675,27223,14574,12649,51958,15297,36661,23494,4760,18734,04,027,2023
"Benton County, Arkansas",311013,309507,153763,40830,13091,27739,93972,6489,87483,18961,952,18009,155744,41013,12783,28230,91619,9852,81767,23112,1951,21161,05,007,2023
"Craighead County, Arkansas",113993,112713,55132,15303,8872,6431,32633,5143,27490,7196,953,6243,57581,14498,8174,6324,34613,7770,26843,8470,1811,6659,05,031,2023
"Faulkner County, Arkansas",129951,128757,62421,16191,6909,9282,38107,4801,33306,8123,802,7321,66336,15690,6774,8916,41147,6238,34909,9499,1035,8464,05,045,2023
"Garland County, Arkansas",99784,98882,47305,10469,5756,4713,25765,4304,21461,11071,1257,9814,51577,9841,5255,4586,27477,6279,21198,14259,1104,13155,05,051,2023
"Jefferson County, Arkansas",63661,59117,27929,7562,5916,1646,15432,3973,11459,4935,772,4163,31188,6369,5643,726,18139,5448,12691,6680,1407,5273,05,069,2023
"Lonoke County, Arkansas",75944,74098,35285,9482,1798,7684,20939,2251,18688,4864,348,4516,38813,10571,2027,8544,21957,3088,18869,6285,640,5645,05,085,2023
"Pulaski County, Arkansas",400009,391673,185256,49884,24868,25016,107570,19347,88223,27802,3229,24573,206417,47357,23641,23716,121400,25928,95472,37660,4804,32856,05,119,2023
"Saline County, Arkansas",129574,128190,62964,16381,5141,11240,35975,4361,31614,10608,963,9645,65226,14442,3943,10499,37672,5697,31975,13112,1225,11887,05,125,2023
"Sebastian County, Arkansas",129098,127882,62818,15747,8351,7396,36344,6235,30109,10727,1477,9250,65064,15758,6563,9195,37561,8407,29154,11745,2302,9443,05,131,2023
"Washington County, Arkansas",261549,259093,129970,34996,12566,22430,81025,8649,72376,13949,1311,12638,129123,32984,11183,21801,78850,11181,67669,17289,2448,14841,05,143,2023
"White County, Arkansas",78452,77935,38217,10021,3955,6066,22415,4126,18289,5781,915,4866,39718,9096,5670,3426,23308,6161,17147,7314,1208,6106,05,145,2023
"Alameda County, California",1622188,1608857,796551,171108,49414,121694,510218,84190,426028,115225,21892,93333,812306,162891,42275,120616,508938,90724,418214,140477,30362,110115,06,001,2023
"Butte County, California",207172,204829,101899,24177,12211,11966,60544,16437,44107,17178,2304,14874,102930,21320,9312,12008,61185,18883,42302,20425,3673,16752,06,007,2023
"Contra Costa County, California",1155025,1150107,564938,135480,39189,96291,338465,49750,288715,90993,12491,78502,585169,128505,39384,89121,345096,63244,281852,111568,17650,93918,06,013,2023
"El Dorado County, California",192215,191004,95141,20267,4129,16138,52772,8035,44737,22102,2047,20055,95863,18295,5313,12982,53530,6741,46789,24038,1915,22123,06,017,2023
"Fresno County, California",1017162,1003607,499397,150241,88465,61776,289448,87204,202244,59708,13946,45762,504210,143387,83594,59793,288468,109191,179277,72355,19514,52841,06,019,2023
"Humboldt County, California",133985,133168,65749,13462,8104,5358,39685,14175,25510,12602,2555,10047,67419,12828,7846,4982,39807,16065,23742,14784,3972,10812,06,023,2023
"Imperial County, California",179057,172895,84786,26328,17774,8554,47495,16710,30785,10963,3967,6996,88109,26250,16537,9713,48267,20809,27458,13592,6284,7308,06,025,2023
"Kern County, California",913820,898468,450554,139477,81573,57904,259721,79967,179754,51356,11583,39773,447914,133830,77585,56245,255141,99921,155220,58943,15667,43276,06,029,2023
"Kings County, California",152682,135323,67156,20666,10827,9839,38978,11726,27252,7512,1826,5686,68167,21076,9352,11724,38097,12536,25561,8994,3352,5642,06,031,2023
"Lake County, California",67878,67314,33076,8554,5486,3068,16307,6101,10206,8215,1519,6696,34238,7384,5274,2110,17571,7808,9763,9283,1824,7459,06,033,2023
"Los Angeles County, California",9663345,9596018,4739307,1061630,511685,549945,3019277,693631,2325646,658400,160871,497529,4856711,1012046,486283,525763,3013995,837713,2176282,830670,242057,588613,06,037,2023
"Madera County, California",162858,156268,77819,23751,14654,9097,42870,11989,30881,11198,2556,8642,78449,21754,13960,7794,45062,18056,27006,11633,3056,8577,06,039,2023
"Marin County, California",254407,250113,121560,26090,8006,18084,67967,11623,56344,27503,1835,25668,128553,26720,7411,19309,67762,10049,57713,34071,4056,30015,06,041,2023
"Mendocino County, California",89108,88387,44964,10744,5736,5008,23791,8474,15317,10429,1967,8462,43423,8163,5150,3013,23249,10459,12790,12011,2361,9650,06,045,2023
"Merced County, California",291920,289640,144832,45010,28483,16527,83930,26121,57809,15892,4902,10990,144808,44024,27711,16313,81765,34651,47114,19019,7384,11635,06,047,2023
"Monterey County, California",430723,413729,203178,58718,36781,21937,114331,25610,88721,30129,5428,24701,210551,56443,35824,20619,118853,37631,81222,35255,7547,27708,06,053,2023
"Napa County, California",133216,131922,65771,13286,4338,8948,39008,7518,31490,13477,1418,12059,66151,13131,3882,9249,37887,5940,31947,15133,1913,13220,06,055,2023
"Nevada County, California",102037,101344,48799,8550,3486,5064,26133,7214,18919,14116,683,13433,52545,9632,4632,5000,26706,5676,21030,16207,1205,15002,06,057,2023
"Orange County, California",3135755,3122040,1544204,351398,122940,228458,955066,159838,795228,237740,40343,197397,1577836,333909,114924,218985,957291,190775,766516,286636,59296,227340,06,059,2023
"Placer County, California",423561,420457,206591,49540,10541,38999,117825,13682,104143,39226,3181,36045,213866,47077,11849,35228,118095,18383,99712,48694,6115,42579,06,061,2023
"Riverside County, California",2492442,2469015,1231830,321782,154773,167009,730547,165165,565382,179501,28056,151445,1237185,307475,148214,159261,722481,203789,518692,207229,40415,166814,06,065,2023
"Sacramento County, California",1584288,1572196,770518,193868,81850,112018,468095,105664,362431,108555,19358,89197,801678,184298,79964,104334,479358,124650,354708,138022,29592,108430,06,067,2023
"San Benito County, California",68175,68063,34171,7809,2460,5349,21859,4359,17500,4503,614,3889,33892,9057,2477,6580,19946,3301,16645,4889,919,3970,06,069,2023
"San Bernardino County, California",2195611,2160983,1070741,297425,160875,136550,647706,152123,495583,125610,25517,100093,1090242,287080,148264,138816,650744,195988,454756,152418,35426,116992,06,071,2023
"San Diego County, California",3269973,3156405,1562012,370227,117555,252672,959867,154604,805263,231918,36700,195218,1594393,349769,111224,238545,965567,180482,785085,279057,52620,226437,06,073,2023
"San Francisco County, California",808988,805298,413882,60589,18420,42169,285323,39974,245349,67970,20169,47801,391416,57018,16516,40502,255044,35970,219074,79354,25260,54094,06,075,2023
"San Joaquin County, California",800965,793904,396324,110988,52416,58572,237559,57414,180145,47777,11616,36161,397580,105981,49237,56744,232488,66601,165887,59111,14406,44705,06,077,2023
"San Luis Obispo County, California",281639,276845,137532,28188,8713,19475,80516,14229,66287,28828,2835,25993,139313,26885,8679,18206,77682,15685,61997,34746,3917,30829,06,079,2023
"San Mateo County, California",726353,722727,360533,76231,17241,58990,224403,30201,194202,59899,8120,51779,362194,70053,15863,54190,218414,34961,183453,73727,10649,63078,06,081,2023
"Santa Barbara County, California",441257,433934,214214,56450,28323,28127,124428,24346,100082,33336,5280,28056,219720,54532,26774,27758,124430,26326,98104,40758,7648,33110,06,083,2023
"Santa Clara County, California",1877592,1867203,950667,206883,52244,154639,614506,66253,548253,129278,22033,107245,916536,194386,51642,142744,568145,80554,487591,154005,35690,118315,06,085,2023
"Santa Cruz County, California",261547,260488,130235,27439,11660,15779,78470,16383,62087,24326,3640,20686,130253,25133,9998,15135,78039,14016,64023,27081,4301,22780,06,087,2023
"Shasta County, California",180366,178673,86932,20492,10147,10345,48712,11561,37151,17728,2927,14801,91741,20586,9007,11579,50453,16505,33948,20702,3578,17124,06,089,2023
"Solano County, California",449218,437261,214183,52821,16363,36458,127057,23606,103451,34305,5857,28448,223078,49302,17673,31629,129593,30609,98984,44183,8093,36090,06,095,2023
"Sonoma County, California",481812,479124,235685,49451,16201,33250,137707,24928,112779,48527,5313,43214,243439,47059,16167,30892,138298,26799,111499,58082,8690,49392,06,097,2023
"Stanislaus County, California",551430,548482,273758,79069,44724,34345,160636,41068,119568,34053,6373,27680,274724,75829,39841,35988,157003,51409,105594,41892,9245,32647,06,099,2023
"Sutter County, California",97948,96618,46345,11245,6226,5019,27628,8909,18719,7472,1371,6101,50273,13844,8574,5270,27382,10511,16871,9047,1589,7458,06,101,2023
"Tehama County, California",64896,64438,32344,8684,5801,2883,17343,5414,11929,6317,778,5539,32094,7688,4557,3131,17393,6318,11075,7013,1585,5428,06,103,2023
"Tulare County, California",479468,475561,237250,76495,49333,27162,134582,43808,90774,26173,7402,18771,238311,71800,48769,23031,135802,58335,77467,30709,8714,21995,06,107,2023
"Ventura County, California",829590,821724,406132,96487,36332,60155,241304,42135,199169,68341,9090,59251,415592,91764,37825,53939,243693,48847,194846,80135,13282,66853,06,111,2023
"Yolo County, California",220544,218615,106605,24717,7227,17490,68497,9985,58512,13391,1461,11930,112010,24354,7426,16928,71006,11056,59950,16650,3148,13502,06,113,2023
"Yuba County, California",85722,82296,41355,13266,6569,6697,22743,4348,18395,5346,949,4397,40941,11376,6093,5283,23757,7174,16583,5808,1461,4347,06,115,2023
"Adams County, Colorado",533365,529901,269168,69012,28683,40329,172075,21440,150635,28081,4483,23598,260733,66302,29812,36490,162136,29850,132286,32295,4041,28254,08,001,2023
"Arapahoe County, Colorado",656061,650747,323447,77420,26170,51250,203017,26327,176690,43010,4360,38650,327300,76076,29215,46861,198375,33272,165103,52849,6953,45896,08,005,2023
"Boulder County, Colorado",326831,324828,163760,31418,6081,25337,107664,11183,96481,24678,2182,22496,161068,29984,6289,23695,101408,11354,90054,29676,3792,25884,08,013,2023
"Broomfield County, Colorado",76860,76426,38834,8916,1360,7556,24456,1948,22508,5462,400,5062,37592,7533,366,7167,22977,2230,20747,7082,466,6616,08,014,2023
"Denver County, Colorado",716577,708618,358795,69332,28069,41263,248947,33923,215024,40516,7555,32961,349823,63459,27278,36181,236607,40188,196419,49757,10847,38910,08,031,2023
"Douglas County, Colorado",383906,382471,191309,47922,5433,42489,118165,5610,112555,25222,1465,23757,191162,46671,3758,42913,115210,7030,108180,29281,2206,27075,08,035,2023
"El Paso County, Colorado",744215,702069,342587,92159,27845,64314,202952,26443,176509,47476,5064,42412,359482,85670,28483,57187,215886,38222,177664,57926,5612,52314,08,041,2023
"Jefferson County, Colorado",576366,570535,287570,57156,14132,43024,181982,18688,163294,48432,3276,45156,282965,53501,11421,42080,173830,21415,152415,55634,4560,51074,08,059,2023
"Larimer County, Colorado",370771,368296,184387,38626,11349,27277,115423,15707,99716,30338,2837,27501,183909,35348,12297,23051,114248,19076,95172,34313,3141,31172,08,069,2023
"Mesa County, Colorado",159681,158260,77726,16311,6424,9887,45861,8143,37718,15554,1688,13866,80534,17317,6595,10722,45128,11559,33569,18089,2720,15369,08,077,2023
"Pueblo County, Colorado",169422,164868,81539,19664,11875,7789,47284,13147,34137,14591,2966,11625,83329,18229,10509,7720,47153,16723,30430,17947,3169,14778,08,101,2023
"Weld County, Colorado",359442,357578,181574,49262,19650,29612,110585,15301,95284,21727,1682,20045,176004,46159,17322,28837,105062,19375,85687,24783,2079,22704,08,123,2023
"Capitol Planning Region, Connecticut",975328,961395,468007,105565,38803,66762,284592,48107,236485,77850,11885,65965,493388,103085,37905,65180,292580,57921,234659,97723,19909,77814,09,110,2023
"Greater Bridgeport Planning Region, Connecticut",327651,325222,159758,40282,15092,25190,95641,17080,78561,23835,4946,18889,165464,38390,14893,23497,97738,22490,75248,29336,6544,22792,09,120,2023
"Lower Connecticut River Valley Planning Region, Connecticut",176215,173916,85498,15773,3454,12319,52051,7247,44804,17674,1999,15675,88418,14988,3803,11185,52185,8002,44183,21245,3364,17881,09,130,2023
"Naugatuck Valley Planning Region, Connecticut",456128,451890,219879,50546,22010,28536,129828,27190,102638,39505,6801,32704,232011,47619,23257,24362,135532,32714,102818,48860,11097,37763,09,140,2023
"Northeastern Connecticut Planning Region, Connecticut",96692,95946,47980,9439,3551,5888,29500,5108,24392,9041,1200,7841,47966,8961,3253,5708,28563,7076,21487,10442,2358,8084,09,150,2023
"Northwest Hills Planning Region, Connecticut",113463,112511,56784,11286,3499,7787,33101,4536,28565,12397,1687,10710,55727,9606,3559,6047,32536,5969,26567,13585,2433,11152,09,160,2023
"South Central Connecticut Planning Region, Connecticut",568158,563425,271992,60112,27063,33049,164772,33048,131724,47108,6804,40304,291433,58972,25508,33464,173739,37736,136003,58722,11291,47431,09,170,2023
"Southeastern Connecticut Planning Region, Connecticut",279634,269949,134016,29440,12676,16764,79052,17318,61734,25524,2686,22838,135933,26789,12620,14169,80383,22512,57871,28761,6194,22567,09,180,2023
"Western Connecticut Planning Region, Connecticut",623907,619567,304862,72759,17372,55387,182084,19139,162945,50019,5893,44126,314705,70696,18101,52595,184095,28955,155140,59914,8187,51727,09,190,2023
"Kent County, Delaware",189789,185791,88217,23283,10588,12695,48985,8529,40456,15949,2407,13542,97574,23277,10587,12690,55204,13250,41954,19093,3460,15633,10,001,2023
"New Castle County, Delaware",578592,571933,276084,67086,21452,45634,164800,25281,139519,44198,4015,40183,295849,63782,22779,41003,176918,31429,145489,55149,6376,48773,10,003,2023
"Sussex County, Delaware",263509,260141,124907,24623,12276,12347,62350,10666,51684,37934,3008,34926,135234,24489,11525,12964,67321,16665,50656,43424,3826,39598,10,005,2023
"District of Columbia, District of Columbia",678972,669458,314783,67323,28263,39060,211263,38202,173061,36197,9207,26990,354675,66873,24034,42839,237277,47776,189501,50525,16017,34508,11,001,2023
"Alachua County, Florida",285994,283758,135566,30173,8849,21324,86350,7246,79104,19043,1778,17265,148192,32112,8750,23362,91540,7744,83796,24540,3471,21069,12,001,2023
"Bay County, Florida",190769,186695,90599,20920,7043,13877,53887,4656,49231,15792,2103,13689,96096,21197,6085,15112,56305,6475,49830,18594,2406,16188,12,005,2023
"Brevard County, Florida",643979,637396,313991,63483,22456,41027,176964,15375,161589,73544,6601,66943,323405,57879,21187,36692,180935,20596,160339,84591,8550,76041,12,009,2023
"Broward County, Florida",1962531,1949355,955235,217769,85913,131856,576663,51129,525534,160803,27654,133149,994120,207225,81215,126010,591540,65147,526393,195355,36730,158625,12,011,2023
"Charlotte County, Florida",206134,200994,97043,14153,4319,9834,42604,3848,38756,40286,3402,36884,103951,11416,3811,7605,49573,5954,43619,42962,3470,39492,12,015,2023
"Citrus County, Florida",166696,164545,80021,13925,8142,5783,37962,4675,33287,28134,2243,25891,84524,12439,7750,4689,40787,7114,33673,31298,2980,28318,12,017,2023
"Clay County, Florida",232439,228590,112256,28861,11948,16913,65679,5266,60413,17716,1703,16013,116334,26103,8443,17660,68863,7333,61530,21368,2616,18752,12,019,2023
"Collier County, Florida",404310,402172,198521,34936,13421,21515,97718,4725,92993,65867,5409,60458,203651,33727,12985,20742,98078,6771,91307,71846,6218,65628,12,021,2023
"Columbia County, Florida",73063,69489,33306,7800,2891,4909,19107,3206,15901,6399,660,5739,36183,8767,4033,4734,19704,2525,17179,7712,1712,6000,12,023,2023
"Duval County, Florida",1030822,1005506,482175,124362,49055,75307,289898,31005,258893,67915,10466,57449,523331,117677,44537,73140,316471,47909,268562,89183,13105,76078,12,031,2023
"Escambia County, Florida",326928,309777,148846,37977,14522,23455,84719,5864,78855,26150,2955,23195,160931,34508,15490,19018,94603,12102,82501,31820,5090,26730,12,033,2023
"Flagler County, Florida",131439,130853,63796,12587,5866,6721,31074,2694,28380,20135,1694,18441,67057,9635,3829,5806,35204,4491,30713,22218,2120,20098,12,035,2023
"Hernando County, Florida",212807,211068,100945,20057,8079,11978,55217,8741,46476,25671,2116,23555,110123,21488,11659,9829,58842,10514,48328,29793,3075,26718,12,053,2023
"Highlands County, Florida",107614,106047,51771,9041,5281,3760,23590,4207,19383,19140,2136,17004,54276,9683,5234,4449,24657,5384,19273,19936,2295,17641,12,055,2023
"Hillsborough County, Florida",1535564,1520898,746869,180413,71406,109007,463441,45768,417673,103015,18994,84021,774029,170416,64630,105786,476122,65541,410581,127491,23994,103497,12,057,2023
"Indian River County, Florida",169795,168019,80430,13618,7824,5794,38533,3796,34737,28279,2230,26049,87589,13681,5044,8637,42363,4659,37704,31545,3609,27936,12,061,2023
"Lake County, Florida",424462,420057,203898,43719,14398,29321,109079,12051,97028,51100,4529,46571,216159,40514,12149,28365,115979,14779,101200,59666,6001,53665,12,069,2023
"Lee County, Florida",834573,828558,407811,77206,31444,45762,216375,19854,196521,114230,11174,103056,420747,74204,31110,43094,222391,27613,194778,124152,11013,113139,12,071,2023
"Leon County, Florida",296913,292576,137859,31645,10738,20907,87136,7093,80043,19078,1774,17304,154717,32630,11345,21285,97182,13017,84165,24905,2528,22377,12,073,2023
"Manatee County, Florida",441095,437315,212139,40629,14044,26585,112843,8947,103896,58667,4354,54313,225176,38523,13008,25515,118888,13163,105725,67765,6285,61480,12,081,2023
"Marion County, Florida",409959,402440,196035,42012,22727,19285,100356,12848,87508,53667,5364,48303,206405,38594,20886,17708,105333,19968,85365,62478,9193,53285,12,083,2023
"Martin County, Florida",163315,160121,79385,14360,3748,10612,40477,3398,37079,24548,1841,22707,80736,12543,3729,8814,40170,2788,37382,28023,2671,25352,12,085,2023
"Miami-Dade County, Florida",2686867,2661445,1303499,288401,134589,153812,821418,86831,734587,193680,62754,130926,1357946,277533,130270,147263,816379,109829,706550,264034,102188,161846,12,086,2023
"Monroe County, Florida",80614,78640,40843,7753,3256,4497,22677,2020,20657,10413,2017,8396,37797,5739,2036,3703,22249,2411,19838,9809,955,8854,12,087,2023
"Nassau County, Florida",101501,100106,48906,10592,2918,7674,26967,2371,24596,11347,480,10867,51200,9614,2862,6752,28449,2191,26258,13137,1334,11803,12,089,2023
"Okaloosa County, Florida",218464,201352,96938,26786,8231,18555,52783,4022,48761,17369,2110,15259,104414,24495,6270,18225,59854,5546,54308,20065,3121,16944,12,091,2023
"Orange County, Florida",1471416,1458612,714636,169110,57525,111585,460655,34785,425870,84871,11748,73123,743976,164476,57451,107025,472032,49339,422693,107468,19532,87936,12,095,2023
"Osceola County, Florida",437784,436088,215679,56497,22845,33652,133337,17935,115402,25845,4270,21575,220409,53750,22052,31698,134575,20462,114113,32084,6040,26044,12,097,2023
"Palm Beach County, Florida",1533801,1519568,740452,155290,56199,99091,412547,33147,379400,172615,15677,156938,779116,148471,49300,99171,421501,39174,382327,209144,21250,187894,12,099,2023
"Pasco County, Florida",632996,628240,307164,68532,25347,43185,177218,19589,157629,61414,8253,53161,321076,65775,23064,42711,181582,24987,156595,73719,12418,61301,12,101,2023
"Pinellas County, Florida",961596,947522,457527,79916,34445,45471,263710,23268,240442,113901,13612,100289,489995,73864,26302,47562,277916,31061,246855,138215,20306,117909,12,103,2023
"Polk County, Florida",818330,811019,399854,97595,42998,54597,230085,25805,204280,72174,11790,60384,411165,91817,43531,48286,235460,35279,200181,83888,12490,71398,12,105,2023
"Putnam County, Florida",75955,74925,36458,8012,5017,2995,19683,4083,15600,8763,1624,7139,38467,8504,5456,3048,20888,5626,15262,9075,1267,7808,12,107,2023
"St. Johns County, Florida",320110,317809,155163,36520,6465,30055,87515,3645,83870,31128,2005,29123,162646,35929,5297,30632,90316,4640,85676,36401,4084,32317,12,109,2023
"St. Lucie County, Florida",373586,371351,181205,38366,15242,23124,99708,9633,90075,43131,5326,37805,190146,38293,15468,22825,103063,14255,88808,48790,7254,41536,12,111,2023
"Santa Rosa County, Florida",203162,194114,95829,24611,5421,19190,55522,4533,50989,15696,1162,14534,98285,21623,4535,17088,58466,7206,51260,18196,2552,15644,12,113,2023
"Sarasota County, Florida",469013,463103,221696,35174,10659,24515,106859,8186,98673,79663,4796,74867,241407,33468,7653,25815,114300,11318,102982,93639,5960,87679,12,115,2023
"Seminole County, Florida",484271,479952,233350,52998,18604,34394,144966,11134,133832,35386,4329,31057,246602,51122,14149,36973,150248,16219,134029,45232,5894,39338,12,117,2023
"Sumter County, Florida",151565,143617,66472,4805,2852,1953,21526,3169,18357,40141,1934,38207,77145,6419,3630,2789,24989,3362,21627,45737,4355,41382,12,119,2023
"Volusia County, Florida",590357,581683,284409,56108,25735,30373,160062,17391,142671,68239,7963,60276,297274,51488,22072,29416,166302,23773,142529,79484,12831,66653,12,127,2023
"Walton County, Florida",86354,84314,42720,10708,3970,6738,23835,2134,21701,8177,468,7709,41594,8235,2982,5253,24582,2886,21696,8777,1039,7738,12,131,2023
"Barrow County, Georgia",92792,92337,46512,13510,7762,5748,27930,1427,26503,5072,1101,3971,45825,10141,4906,5235,28903,4634,24269,6781,1072,5709,13,013,2023
"Bartow County, Georgia",115041,114208,56594,14033,3962,10071,34502,2336,32166,8059,874,7185,57614,13421,3152,10269,34633,3169,31464,9560,935,8625,13,015,2023
"Bibb County, Georgia",156512,152756,71291,21227,11034,10193,39880,6263,33617,10184,942,9242,81465,19009,10185,8824,47452,10202,37250,15004,2990,12014,13,021,2023
"Bulloch County, Georgia",84327,83417,40372,8818,4614,4204,26661,1890,24771,4893,875,4018,43045,8854,5840,3014,28718,4570,24148,5473,561,4912,13,031,2023
"Carroll County, Georgia",127098,126131,61333,16311,6444,9867,36905,3954,32951,8117,1653,6464,64798,15499,5809,9690,39428,3538,35890,9871,1923,7948,13,045,2023
"Catoosa County, Georgia",68910,68385,33794,8542,3110,5432,19256,2380,16876,5996,862,5134,34591,8105,3483,4622,19619,2379,17240,6867,934,5933,13,047,2023
"Chatham County, Georgia",303655,296341,139997,33489,16625,16864,84024,6817,77207,22484,4122,18362,156344,32325,16867,15458,95678,14680,80998,28341,4500,23841,13,051,2023
"Cherokee County, Georgia",286602,285014,140647,34264,9014,25250,85239,3824,81415,21144,1655,19489,144367,34011,7810,26201,84763,4952,79811,25593,2128,23465,13,057,2023
"Clarke County, Georgia",129933,129067,61290,13016,4284,8732,41334,1954,39380,6940,493,6447,67777,12118,3799,8319,46196,3663,42533,9463,1734,7729,13,059,2023
"Clayton County, Georgia",298300,294618,135971,41156,25459,15697,80066,9146,70920,14749,1793,12956,158647,40537,23740,16797,99044,15781,83263,19066,5736,13330,13,063,2023
"Cobb County, Georgia",776743,772334,375737,92490,26788,65702,235783,11717,224066,47464,3947,43517,396597,91478,25663,65815,244730,15693,229037,60389,7607,52782,13,067,2023
"Columbia County, Georgia",165162,160655,76599,21786,4688,17098,43795,2562,41233,11018,1383,9635,84056,21509,5398,16111,48982,4287,44695,13565,2940,10625,13,073,2023
"Coweta County, Georgia",155892,154916,76731,20815,6287,14528,45255,2047,43208,10661,1195,9466,78185,17132,4142,12990,47962,2645,45317,13091,1043,12048,13,077,2023
"DeKalb County, Georgia",762992,757480,359458,91696,38259,53437,223007,17049,205958,44755,6557,38198,398022,88502,36714,51788,247001,27031,219970,62519,12023,50496,13,089,2023
"Dougherty County, Georgia",82645,80513,35829,10094,7967,2127,19629,3293,16336,6106,1342,4764,44684,10132,7622,2510,26664,6752,19912,7888,2178,5710,13,095,2023
"Douglas County, Georgia",149160,147736,70799,20682,9626,11056,41925,2074,39851,8192,1303,6889,76937,18167,7611,10556,48027,4875,43152,10743,1893,8850,13,097,2023
"Effingham County, Georgia",71541,70788,33823,8903,1843,7060,20621,923,19698,4299,751,3548,36965,10819,2644,8175,21203,2602,18601,4943,740,4203,13,103,2023
"Fayette County, Georgia",123351,122559,58038,12549,1343,11206,33679,1245,32434,11810,592,11218,64521,15416,2548,12868,35349,1900,33449,13756,1072,12684,13,113,2023
"Floyd County, Georgia",100113,98574,48242,12123,7657,4466,28680,3380,25300,7439,1051,6388,50332,11919,6887,5032,29067,6083,22984,9346,1542,7804,13,115,2023
"Forsyth County, Georgia",272887,271967,136369,37671,3826,33845,82064,1166,80898,16634,1223,15411,135598,36187,4222,31965,80365,2235,78130,19046,2124,16922,13,117,2023
"Fulton County, Georgia",1079105,1069501,517413,120461,36724,83737,337427,20905,316522,59525,9851,49674,552088,117715,38928,78787,355286,35563,319723,79087,13435,65652,13,121,2023
"Glynn County, Georgia",86172,85284,41518,10650,3731,6919,22162,2067,20095,8706,917,7789,43766,7367,2766,4601,25135,4382,20753,11264,1564,9700,13,127,2023
"Gwinnett County, Georgia",983526,977491,478257,135303,58823,76480,291452,18010,273442,51502,6676,44826,499234,130722,54551,76171,305177,28135,277042,63335,7973,55362,13,135,2023
"Hall County, Georgia",217267,215520,106795,27068,10831,16237,63084,5461,57623,16643,2295,14348,108725,27018,12221,14797,62705,9222,53483,19002,2398,16604,13,139,2023
"Henry County, Georgia",254613,253085,119390,34442,13005,21437,71335,6113,65222,13613,1602,12011,133695,32998,12136,20862,82275,8137,74138,18422,2250,16172,13,151,2023
"Houston County, Georgia",171974,168521,82296,23642,10678,12964,47520,4392,43128,11134,1198,9936,86225,21319,9441,11878,51810,7243,44567,13096,2224,10872,13,153,2023
"Jackson County, Georgia",88615,88149,42621,11050,2706,8344,26021,1759,24262,5550,667,4883,45528,12643,4013,8630,25919,1589,24330,6966,1095,5871,13,157,2023
"Liberty County, Georgia",69210,61160,29162,10638,5163,5475,15448,2361,13087,3076,498,2578,31998,9166,3750,5416,19002,4773,14229,3830,1021,2809,13,179,2023
"Lowndes County, Georgia",120712,114994,53868,17049,8697,8352,29974,3535,26439,6845,637,6208,61126,14692,5598,9094,37400,6852,30548,9034,2285,6749,13,185,2023
"Muscogee County, Georgia",201877,191945,88471,26070,9372,16698,49046,8161,40885,13355,2851,10504,103474,25874,11096,14778,60212,11326,48886,17388,4277,13111,13,215,2023
"Newton County, Georgia",120135,118850,55002,15692,6424,9268,32326,3118,29208,6984,1053,5931,63848,15850,7425,8425,38728,5370,33358,9270,1257,8013,13,217,2023
"Paulding County, Georgia",183164,182323,89448,24940,7817,17123,54989,4339,50650,9519,947,8572,92875,23909,8191,15718,56695,4141,52554,12271,1210,11061,13,223,2023
"Richmond County, Georgia",205414,194004,88909,24614,14698,9916,51389,6848,44541,12906,1805,11101,105095,24011,13163,10848,62691,13616,49075,18393,3138,15255,13,245,2023
"Rockdale County, Georgia",95987,94780,44213,11890,6700,5190,25885,3070,22815,6438,1263,5175,50567,11601,4152,7449,30572,2225,28347,8394,1864,6530,13,247,2023
"Spalding County, Georgia",69946,69271,32627,9110,4399,4711,17774,1314,16460,5743,1048,4695,36644,8447,2686,5761,20727,3512,17215,7470,769,6701,13,255,2023
"Troup County, Georgia",70742,69356,32831,8944,3936,5008,19717,2855,16862,4170,346,3824,36525,8330,4086,4244,21545,4822,16723,6650,961,5689,13,285,2023
"Walker County, Georgia",69489,67781,33319,7918,2493,5425,19197,1539,17658,6204,870,5334,34462,7642,2795,4847,19694,3071,16623,7126,799,6327,13,295,2023
"Walton County, Georgia",106702,105819,52199,14647,3574,11073,29463,1842,27621,8089,622,7467,53620,12179,2907,9272,31937,3434,28503,9504,1652,7852,13,297,2023
"Whitfield County, Georgia",103687,102834,51351,13287,6834,6453,30872,2011,28861,7192,1078,6114,51483,13112,6063,7049,29104,4751,24353,9267,1769,7498,13,313,2023
"Hawaii County, Hawaii",207615,206052,101683,23285,11320,11965,54073,15012,39061,24325,3437,20888,104369,22350,11349,11001,56084,14717,41367,25935,4179,21756,15,001,2023
"Honolulu County, Hawaii",989408,936030,454543,109012,32120,76892,257429,39285,218144,88102,10793,77309,481487,103238,30281,72957,270020,43272,226748,108229,12880,95349,15,003,2023
"Kauai County, Hawaii",73851,73352,36266,8523,4214,4309,19789,2572,17217,7954,1331,6623,37086,7754,3787,3967,20323,4590,15733,9009,905,8104,15,007,2023
"Maui County, Hawaii",164244,162708,80599,18607,7446,11161,45452,7011,38441,16540,1370,15170,82109,17068,7413,9655,46839,10112,36727,18202,1782,16420,15,009,2023
"Ada County, Idaho",524673,514673,256357,60811,13190,47621,155565,13446,142119,39981,2307,37674,258316,58370,14922,43448,153769,17694,136075,46177,2956,43221,16,001,2023
"Bannock County, Idaho",90400,89248,44844,12323,3866,8457,25987,3977,22010,6534,794,5740,44404,11415,3031,8384,25425,4209,21216,7564,677,6887,16,005,2023
"Bonneville County, Idaho",131366,129953,63884,20032,7208,12824,35378,4647,30731,8474,476,7998,66069,20127,7545,12582,36675,7413,29262,9267,857,8410,16,019,2023
"Canyon County, Idaho",257674,255620,127482,37054,14480,22574,73185,8285,64900,17243,1521,15722,128138,34882,13469,21413,73309,12605,60704,19947,2464,17483,16,027,2023
"Kootenai County, Idaho",185010,183573,91995,22378,7858,14520,52185,6999,45186,17432,880,16552,91578,20334,7974,12360,51154,7282,43872,20090,1626,18464,16,055,2023
"Twin Falls County, Idaho",95156,94187,48559,13786,5202,8584,26893,5356,21537,7880,692,7188,45628,11670,3921,7749,26349,4855,21494,7609,1281,6328,16,083,2023
"Champaign County, Illinois",205644,203352,101042,23397,6305,17092,64083,5647,58436,13562,967,12595,102310,21313,5571,15742,64818,9233,55585,16179,1682,14497,17,019,2023
"Cook County, Illinois",5087072,5043278,2455111,570641,243468,327173,1528430,221201,1307229,356040,53651,302389,2588167,547452,227208,320244,1577065,301834,1275231,463650,77682,385968,17,031,2023
"DeKalb County, Illinois",100288,99662,51006,13276,5263,8013,30766,3906,26860,6964,466,6498,48656,10320,4855,5465,31311,5633,25678,7025,980,6045,17,037,2023
"DuPage County, Illinois",921213,915004,452908,108271,20812,87459,271306,20394,250912,73331,4454,68877,462096,105416,23395,82021,268401,29148,239253,88279,7892,80387,17,043,2023
"Kane County, Illinois",514982,511152,255998,65263,22103,43160,153792,15720,138072,36943,2692,34251,255154,61749,21380,40369,149160,19599,129561,44245,3476,40769,17,089,2023
"Kankakee County, Illinois",105940,104454,51982,13246,5847,7399,29783,6154,23629,8953,780,8173,52472,12190,5556,6634,30287,7237,23050,9995,1056,8939,17,091,2023
"Kendall County, Illinois",139976,139574,69707,20074,3313,16761,42014,1499,40515,7619,1195,6424,69867,18991,4401,14590,42195,4163,38032,8681,957,7724,17,093,2023
"Lake County, Illinois",708760,690354,342148,87051,22229,64822,203164,16583,186581,51933,4145,47788,348206,86726,23511,63215,200303,24211,176092,61177,7444,53733,17,097,2023
"LaSalle County, Illinois",108309,105386,53402,12606,4809,7797,30710,4929,25781,10086,1258,8828,51984,11491,4628,6863,29157,7942,21215,11336,1731,9605,17,099,2023
"McHenry County, Illinois",312800,311013,156327,38376,7635,30741,93296,6931,86365,24655,762,23893,154686,35561,8706,26855,90978,10192,80786,28147,1398,26749,17,111,2023
"McLean County, Illinois",170441,169256,82361,19710,4908,14802,51795,4795,47000,10856,502,10354,86895,20731,5185,15546,52916,7245,45671,13248,1875,11373,17,113,2023
"Macon County, Illinois",100591,99028,47679,12199,5450,6749,26205,4581,21624,9275,698,8577,51349,11614,6037,5577,28181,8578,19603,11554,1775,9779,17,115,2023
"Madison County, Illinois",262752,260208,128562,30752,9803,20949,76311,8203,68108,21499,1823,19676,131646,27884,8218,19666,76719,14751,61968,27043,2634,24409,17,119,2023
"Peoria County, Illinois",177513,175436,84270,21815,6553,15262,48041,7563,40478,14414,1576,12838,91166,22929,10498,12431,50310,12849,37461,17927,2559,15368,17,143,2023
"Rock Island County, Illinois",141236,138789,66851,16687,7274,9413,37499,5428,32071,12665,1151,11514,71938,17515,6962,10553,38821,8617,30204,15602,1703,13899,17,161,2023
"St. Clair County, Illinois",251018,243065,116019,30149,11768,18381,66773,11210,55563,19097,2363,16734,127046,28677,10452,18225,73875,15074,58801,24494,3083,21411,17,163,2023
"Sangamon County, Illinois",193491,191659,92047,22542,7849,14693,52863,6487,46376,16642,1544,15098,99612,21709,7412,14297,56699,10215,46484,21204,2505,18699,17,167,2023
"Tazewell County, Illinois",129541,126427,61739,15649,5040,10609,34872,4072,30800,11218,874,10344,64688,14243,3490,10753,36230,5781,30449,14215,1477,12738,17,179,2023
"Vermilion County, Illinois",71652,68577,32852,8349,4847,3502,18220,4127,14093,6283,869,5414,35725,8842,5740,3102,18610,7921,10689,8273,1248,7025,17,183,2023
"Will County, Illinois",700728,694037,344521,87519,21383,66136,209429,19580,189849,47573,3125,44448,349516,84072,21689,62383,209167,27344,181823,56277,5111,51166,17,197,2023
"Williamson County, Illinois",66706,64655,30979,7464,2853,4611,17602,3320,14282,5913,404,5509,33676,7357,3314,4043,19310,5161,14149,7009,1330,5679,17,199,2023
"Winnebago County, Illinois",280922,277681,135819,34909,16710,18199,76937,17070,59867,23973,3401,20572,141862,33731,16128,17603,79445,23777,55668,28686,4193,24493,17,201,2023
"Allen County, Indiana",394545,390839,194168,56258,22452,33806,111309,15017,96292,26601,2109,24492,196671,49023,17841,31182,114189,22864,91325,33459,3650,29809,18,003,2023
"Bartholomew County, Indiana",84003,83317,42997,11720,4672,7048,24651,2743,21908,6626,1188,5438,40320,9590,3575,6015,22873,2846,20027,7857,1560,6297,18,005,2023
"Boone County, Indiana",76120,75364,37281,10082,662,9420,21437,943,20494,5762,656,5106,38083,10524,749,9775,21051,1659,19392,6508,821,5687,18,011,2023
"Clark County, Indiana",125467,124132,60242,14628,4377,10251,36088,4657,31431,9526,1010,8516,63890,14036,4308,9728,36937,6712,30225,12917,1430,11487,18,019,2023
"Delaware County, Indiana",112321,110684,53720,11511,5478,6033,33745,7412,26333,8464,971,7493,56964,11194,5348,5846,35169,10463,24706,10601,1063,9538,18,035,2023
"Elkhart County, Indiana",206409,204930,103374,31307,11434,19873,57464,7311,50153,14603,1151,13452,101556,27440,11706,15734,57850,9200,48650,16266,1775,14491,18,039,2023
"Floyd County, Indiana",80809,79509,37795,9126,1911,7215,22549,2057,20492,6120,813,5307,41714,9882,2416,7466,23467,3754,19713,8365,1151,7214,18,043,2023
"Grant County, Indiana",66200,65458,31721,7325,4686,2639,18525,4226,14299,5871,1033,4838,33737,7657,4315,3342,19279,5945,13334,6801,994,5807,18,053,2023
"Hamilton County, Indiana",371645,368741,182055,51215,8187,43028,107551,7464,100087,23289,1248,22041,186686,46724,7705,39019,111442,10897,100545,28520,2711,25809,18,057,2023
"Hancock County, Indiana",86166,85374,42707,10168,2000,8168,25703,3214,22489,6836,415,6421,42667,9829,2234,7595,24906,3074,21832,7932,442,7490,18,059,2023
"Hendricks County, Indiana",186387,180769,89204,24820,3969,20851,51816,3187,48629,12568,650,11918,91565,22248,4142,18106,53986,5184,48802,15331,889,14442,18,063,2023
"Howard County, Indiana",83831,82684,40113,10959,5654,5305,22082,3949,18133,7072,514,6558,42571,9050,4154,4896,24056,6132,17924,9465,1475,7990,18,067,2023
"Johnson County, Indiana",167819,165156,82567,23269,6840,16429,47793,5105,42688,11505,1189,10316,82589,19235,5950,13285,49556,7556,42000,13798,722,13076,18,081,2023
"Kosciusko County, Indiana",80364,79714,39777,9593,4383,5210,23347,1632,21715,6837,336,6501,39937,10092,3043,7049,22538,2605,19933,7307,572,6735,18,085,2023
"Lake County, Indiana",500598,496189,240476,61467,27277,34190,139202,20959,118243,39807,4340,35467,255713,58770,25777,32993,147001,34113,112888,49942,5830,44112,18,089,2023
"LaPorte County, Indiana",111706,105026,51172,13062,4686,8376,28736,5110,23626,9374,616,8758,53854,11616,4757,6859,30550,6957,23593,11688,1220,10468,18,091,2023
"Madison County, Indiana",132504,128916,63546,15404,6623,8781,37146,8223,28923,10996,1276,9720,65370,14203,7163,7040,37399,10766,26633,13768,2151,11617,18,095,2023
"Marion County, Indiana",968460,958898,463150,128445,61546,66899,279385,46549,232836,55320,7494,47826,495748,123931,63549,60382,298995,67919,231076,72822,14288,58534,18,097,2023
"Monroe County, Indiana",139342,138249,69005,14492,4415,10077,45357,5576,39781,9156,672,8484,69244,13444,4277,9167,44299,6105,38194,11501,656,10845,18,105,2023
"Morgan County, Indiana",73227,72546,36388,8543,2176,6367,21518,2841,18677,6327,553,5774,36158,8168,3277,4891,21187,4114,17073,6803,702,6101,18,109,2023
"Porter County, Indiana",175335,173742,86270,20144,6421,13723,50910,7153,43757,15216,1072,14144,87472,19058,6257,12801,51238,9440,41798,17176,1623,15553,18,127,2023
"St. Joseph County, Indiana",272848,269509,132794,36357,15758,20599,76266,10918,65348,20171,1896,18275,136715,31909,12801,19108,79371,17015,62356,25435,3781,21654,18,141,2023
"Tippecanoe County, Indiana",188792,186930,96242,24466,6211,18255,61967,4861,57106,9809,727,9082,90688,20269,5768,14501,57664,8071,49593,12755,941,11814,18,157,2023
"Vanderburgh County, Indiana",179810,177254,87795,22262,8574,13688,50966,7897,43069,14567,1322,13245,89459,19277,7746,11531,52396,11747,40649,17786,2167,15619,18,163,2023
"Vigo County, Indiana",106153,102290,50037,11928,5385,6543,30453,5992,24461,7656,1329,6327,52253,10945,4762,6183,30831,9327,21504,10477,1778,8699,18,167,2023
"Warrick County, Indiana",65867,64934,32618,8125,2235,5890,18878,2985,15893,5615,170,5445,32316,7263,2217,5046,18705,3268,15437,6348,262,6086,18,173,2023
"Wayne County, Indiana",66127,64971,31759,7301,2236,5065,18819,3695,15124,5639,1342,4297,33212,7406,3193,4213,18906,4938,13968,6900,1309,5591,18,177,2023
"Black Hawk County, Iowa",130471,128580,63578,15157,7095,8062,38007,6505,31502,10414,1412,9002,65002,15207,6131,9076,38000,9330,28670,11795,1782,10013,19,013,2023
"Dallas County, Iowa",111092,110404,54415,15367,2834,12533,32482,2315,30167,6566,290,6276,55989,14668,2524,12144,33745,4233,29512,7576,1159,6417,19,049,2023
"Dubuque County, Iowa",98887,97602,48270,11462,2940,8522,28013,3532,24481,8795,443,8352,49332,11757,3342,8415,27382,4687,22695,10193,1284,8909,19,061,2023
"Johnson County, Iowa",157528,155998,75749,16282,4221,12061,49848,4322,45526,9619,941,8678,80249,17719,4514,13205,51375,4912,46463,11155,694,10461,19,103,2023
"Linn County, Iowa",228972,226572,112137,27459,9937,17522,66797,11369,55428,17881,1752,16129,114435,26341,10854,15487,66731,13646,53085,21363,2066,19297,19,113,2023
"Polk County, Iowa",505255,500186,249472,65229,27469,37760,153402,21015,132387,30841,2670,28171,250714,61747,24846,36901,150407,28320,122087,38560,3682,34878,19,153,2023
"Pottawattamie County, Iowa",93179,90819,44312,10552,4808,5744,26135,3530,22605,7625,1038,6587,46507,11794,6010,5784,26021,5632,20389,8692,1126,7566,19,155,2023
"Scott County, Iowa",174270,172884,85520,21410,6629,14781,50509,5765,44744,13601,1048,12553,87364,20642,5722,14920,50532,10665,39867,16190,1249,14941,19,163,2023
"Story County, Iowa",98566,97991,51456,10156,2968,7188,35098,3021,32077,6202,372,5830,46535,9067,2909,6158,30680,3299,27381,6788,332,6456,19,169,2023
"Woodbury County, Iowa",105951,104891,53474,14607,7669,6938,31054,5797,25257,7813,1104,6709,51417,13610,7191,6419,29212,8451,20761,8595,2040,6555,19,193,2023
"Butler County, Kansas",68632,65639,32237,9086,2118,6968,17945,1420,16525,5206,512,4694,33402,8647,2403,6244,18790,1867,16923,5965,754,5211,20,015,2023
"Douglas County, Kansas",120553,119799,59916,12623,3738,8885,39923,2893,37030,7370,327,7043,59883,11973,2136,9837,38859,3416,35443,9051,759,8292,20,045,2023
"Johnson County, Kansas",622237,617581,305460,77645,11647,65998,182339,6855,175484,45476,2862,42614,312121,73759,9163,64596,183459,7535,175924,54903,4388,50515,20,091,2023
"Leavenworth County, Kansas",83518,77670,38687,11106,2168,8938,20956,2033,18923,6625,701,5924,38983,9183,2303,6880,22604,3065,19539,7196,1195,6001,20,103,2023
"Riley County, Kansas",71402,63275,31745,7502,1160,6342,20498,1125,19373,3745,1081,2664,31530,6108,795,5313,21110,515,20595,4312,1019,3293,20,161,2023
"Sedgwick County, Kansas",528469,519820,257259,70965,27051,43914,148073,10157,137916,38221,2866,35355,262561,66015,25036,40979,150530,20690,129840,46016,4140,41876,20,173,2023
"Shawnee County, Kansas",177746,174453,86155,22282,8817,13465,48014,5470,42544,15859,696,15163,88298,20141,6924,13217,49837,7389,42448,18320,1303,17017,20,177,2023
"Wyandotte County, Kansas",165281,163787,81493,23334,10898,12436,46918,5165,41753,11241,1448,9793,82294,22447,14036,8411,47665,7793,39872,12182,1246,10936,20,209,2023
"Boone County, Kentucky",140496,139077,68588,19048,3559,15489,40362,3463,36899,9178,605,8573,70489,17421,3891,13530,41523,5546,35977,11545,1197,10348,21,015,2023
"Bullitt County, Kentucky",84863,84341,42156,10059,2728,7331,25093,4891,20202,7004,800,6204,42185,8794,2590,6204,25499,4321,21178,7892,676,7216,21,029,2023
"Campbell County, Kentucky",93702,92890,46093,10168,2770,7398,28572,2659,25913,7353,537,6816,46797,9506,2497,7009,28098,4120,23978,9193,810,8383,21,037,2023
"Christian County, Kentucky",72032,63018,29566,11278,4321,6957,14153,2311,11842,4135,1003,3132,33452,10339,3780,6559,17908,4496,13412,5205,938,4267,21,047,2023
"Daviess County, Kentucky",103458,102179,49604,13031,7859,5172,28448,6688,21760,8125,866,7259,52575,12944,7430,5514,29512,10745,18767,10119,1021,9098,21,059,2023
"Fayette County, Kentucky",320154,314976,154312,35939,13908,22031,97539,12557,84982,20834,2215,18619,160664,35384,14883,20501,99000,19851,79149,26280,2958,23322,21,067,2023
"Hardin County, Kentucky",112273,108559,52963,14225,5304,8921,31010,5371,25639,7728,1093,6635,55596,13729,6211,7518,32214,8258,23956,9653,1420,8233,21,093,2023
"Jefferson County, Kentucky",772144,763992,370714,91819,42568,49251,219817,40011,179806,59078,6875,52203,393278,87520,42020,45500,231197,59333,171864,74561,10672,63889,21,111,2023
"Kenton County, Kentucky",171321,170496,83974,20432,6532,13900,50924,7862,43062,12618,1528,11090,86522,20891,8326,12565,50902,10628,40274,14729,1544,13185,21,117,2023
"McCracken County, Kentucky",67428,66488,31906,7716,4189,3527,17884,3810,14074,6306,832,5474,34582,8007,2770,5237,18780,5661,13119,7795,1078,6717,21,145,2023
"Madison County, Kentucky",96735,95809,46673,11430,5293,6137,28825,4748,24077,6418,385,6033,49136,10633,4227,6406,30870,7069,23801,7633,906,6727,21,151,2023
"Oldham County, Kentucky",70183,66257,33730,9418,1716,7702,19511,1414,18097,4801,700,4101,32527,8698,1216,7482,18570,2243,16327,5259,632,4627,21,185,2023
"Pulaski County, Kentucky",66191,65123,32272,8276,5126,3150,18038,5766,12272,5958,520,5438,32851,7083,4302,2781,18960,7407,11553,6808,1114,5694,21,199,2023
"Warren County, Kentucky",142229,140925,68220,17989,7259,10730,41375,7392,33983,8856,1011,7845,72705,17605,8997,8608,44564,9201,35363,10536,2034,8502,21,227,2023
"Ascension Parish, Louisiana",131632,130595,64186,18731,6282,12449,37304,4713,32591,8151,1441,6710,66409,18041,5865,12176,39059,7114,31945,9309,1001,8308,22,005,2023
"Bossier Parish, Louisiana",129795,124698,60574,16858,7082,9776,35101,5016,30085,8615,918,7697,64124,15387,6895,8492,37527,10194,27333,11210,1737,9473,22,015,2023
"Caddo Parish, Louisiana",226386,221028,103272,28533,17116,11417,57019,16000,41019,17720,3031,14689,117756,26676,17532,9144,67156,25282,41874,23924,5880,18044,22,017,2023
"Calcasieu Parish, Louisiana",203761,201993,99294,27235,15260,11975,56729,11228,45501,15330,2135,13195,102699,25335,13654,11681,58618,16914,41704,18746,2764,15982,22,019,2023
"East Baton Rouge Parish, Louisiana",448467,444385,211459,55925,27494,28431,125196,23799,101397,30338,4396,25942,232926,55557,30037,25520,137771,36222,101549,39598,6371,33227,22,033,2023
"Iberia Parish, Louisiana",67659,66896,32730,9811,7334,2477,17552,4373,13179,5367,1327,4040,34166,8621,5920,2701,19143,8255,10888,6402,1569,4833,22,045,2023
"Jefferson Parish, Louisiana",421777,417815,202859,50588,26873,23715,116110,21807,94303,36161,6689,29472,214956,47956,27470,20486,122335,36358,85977,44665,8541,36124,22,051,2023
"Lafayette Parish, Louisiana",249750,247935,120117,32069,16005,16064,71068,13970,57098,16980,2733,14247,127818,30798,14674,16124,76765,20696,56069,20255,2546,17709,22,055,2023
"Lafourche Parish, Louisiana",95056,93927,46349,12352,7407,4945,26344,6140,20204,7653,825,6828,47578,10897,7070,3827,28210,10098,18112,8471,1700,6771,22,057,2023
"Livingston Parish, Louisiana",150145,148934,72960,20878,10313,10565,42477,8746,33731,9605,463,9142,75974,19728,10547,9181,45120,12652,32468,11126,720,10406,22,063,2023
"Orleans Parish, Louisiana",364136,359552,167342,37345,20996,16349,102061,23877,78184,27936,6804,21132,192210,37838,17936,19902,117776,30930,86846,36596,10628,25968,22,071,2023
"Ouachita Parish, Louisiana",157568,154863,72650,19081,10970,8111,42726,11231,31495,10843,1619,9224,82213,20447,11228,9219,47322,14759,32563,14444,2791,11653,22,073,2023
"Rapides Parish, Louisiana",126260,123759,60221,17132,9465,7667,33745,8799,24946,9344,1476,7868,63538,15483,9544,5939,35599,12651,22948,12456,2464,9992,22,079,2023
"St. Landry Parish, Louisiana",81464,80405,38407,11403,6062,5341,20896,5704,15192,6108,1079,5029,41998,11571,6417,5154,22866,7289,15577,7561,1974,5587,22,097,2023
"St. Tammany Parish, Louisiana",275583,270665,131443,36080,14011,22069,72020,12688,59332,23343,2608,20735,139222,32162,11115,21047,78968,17831,61137,28092,3430,24662,22,103,2023
"Tangipahoa Parish, Louisiana",138064,136824,65730,17720,11190,6530,38696,8837,29859,9314,1040,8274,71094,18395,11678,6717,40618,15621,24997,12081,1210,10871,22,105,2023
"Terrebonne Parish, Louisiana",103616,102266,51894,14958,7547,7411,29380,5641,23739,7556,554,7002,50372,11246,5363,5883,30169,9429,20740,8957,1570,7387,22,109,2023
"Androscoggin County, Maine",113765,112023,55269,13134,5538,7596,32803,6703,26100,9332,1578,7754,56754,11771,5289,6482,34056,9112,24944,10927,2387,8540,23,001,2023
"Aroostook County, Maine",67351,66235,33285,7006,2784,4222,18587,4510,14077,7692,1625,6067,32950,6119,2862,3257,18193,5155,13038,8638,1953,6685,23,003,2023
"Cumberland County, Maine",310230,306351,148176,30430,6659,23771,90268,9776,80492,27478,2700,24778,158175,28863,7248,21615,94545,10537,84008,34767,4475,30292,23,005,2023
"Kennebec County, Maine",127259,125698,61406,12998,5206,7792,36220,7299,28921,12188,1556,10632,64292,12077,5399,6678,37772,7811,29961,14443,3182,11261,23,011,2023
"Penobscot County, Maine",155312,153524,75977,14958,4767,10191,46736,11026,35710,14283,3303,10980,77547,14301,5401,8900,46608,12955,33653,16638,3704,12934,23,019,2023
"York County, Maine",218586,217216,106962,20407,6214,14193,63171,8481,54690,23384,2076,21308,110254,18203,5458,12745,65562,9594,55968,26489,3387,23102,23,031,2023
"Allegany County, Maryland",67273,62866,30860,6692,4393,2299,17973,4833,13140,6195,497,5698,32006,5940,3030,2910,18452,6246,12206,7614,1178,6436,24,001,2023
"Anne Arundel County, Maryland",594582,575585,278425,69799,15414,54385,165435,17362,148073,43191,3267,39924,297160,69238,17882,51356,175123,20263,154860,52799,5309,47490,24,003,2023
"Baltimore County, Maryland",844703,838761,399037,98592,32845,65747,233937,34697,199240,66508,6350,60158,439724,95205,34507,60698,257060,49236,207824,87459,10280,77179,24,005,2023
"Calvert County, Maryland",94728,93428,45129,11266,2019,9247,26896,1225,25671,6967,778,6189,48299,12275,2558,9717,27400,3213,24187,8624,1412,7212,24,009,2023
"Carroll County, Maryland",176639,173649,85893,20809,2888,17921,50552,4643,45909,14532,659,13873,87756,20139,4057,16082,51144,5150,45994,16473,1413,15060,24,013,2023
"Cecil County, Maryland",105672,104269,51946,12460,3391,9069,31007,4170,26837,8479,1105,7374,52323,11712,4257,7455,30722,6088,24634,9889,1553,8336,24,015,2023
"Charles County, Maryland",171973,168767,80320,21717,5582,16135,47948,4463,43485,10655,1451,9204,88447,21161,6297,14864,54266,8057,46209,13020,1547,11473,24,017,2023
"Frederick County, Maryland",293391,290555,143768,37103,10334,26769,86230,8237,77993,20435,1885,18550,146787,36121,9281,26840,86279,9544,76735,24387,2500,21887,24,021,2023
"Harford County, Maryland",264644,262179,129116,32520,4808,27712,75519,7381,68138,21077,1861,19216,133063,29180,5951,23229,77771,11097,66674,26112,2615,23497,24,025,2023
"Howard County, Maryland",336001,331396,161523,42613,6270,36343,95193,8035,87158,23717,2068,21649,169873,41677,6248,35429,99488,8001,91487,28708,3468,25240,24,027,2023
"Montgomery County, Maryland",1058474,1048986,509635,129877,35843,94034,297900,36508,261392,81858,8483,73375,539351,121907,30077,91830,315860,42757,273103,101584,13438,88146,24,031,2023
"Prince George's County, Maryland",947430,937038,451748,112083,50189,61894,279121,38996,240125,60544,7460,53084,485290,106356,45718,60638,295282,48792,246490,83652,11904,71748,24,033,2023
"St. Mary's County, Maryland",115281,110768,53678,13642,2802,10840,31774,3822,27952,8262,1003,7259,57090,14159,4091,10068,34436,4877,29559,8495,1170,7325,24,037,2023
"Washington County, Maryland",155813,149401,73346,17520,7143,10377,43370,7965,35405,12456,1187,11269,76055,17502,7804,9698,43212,9768,33444,15341,2250,13091,24,043,2023
"Wicomico County, Maryland",104800,103909,49548,12531,7869,4662,29747,6074,23673,7270,524,6746,54361,12220,7281,4939,32076,8830,23246,10065,1634,8431,24,045,2023
"Baltimore city, Maryland",565239,558706,256091,61502,35241,26261,158185,37370,120815,36404,9536,26868,302615,64422,31856,32566,186310,56818,129492,51883,14378,37505,24,510,2023
"Barnstable County, Massachusetts",231735,228532,110196,17983,5480,12503,57068,10430,46638,35145,3636,31509,118336,15196,4784,10412,60360,12464,47896,42780,4806,37974,25,001,2023
"Berkshire County, Massachusetts",126818,125192,61370,10800,4556,6244,35894,8439,27455,14676,2200,12476,63822,10319,4411,5908,36238,10056,26182,17265,2674,14591,25,003,2023
"Bristol County, Massachusetts",581841,576380,281988,63878,29140,34738,171760,37337,134423,46350,10106,36244,294392,61310,27326,33984,176284,52891,123393,56798,13169,43629,25,005,2023
"Essex County, Massachusetts",810089,804247,390136,90942,35467,55475,232762,52501,180261,66432,10917,55515,414111,87246,34263,52983,242986,60929,182057,83879,16216,67663,25,009,2023
"Franklin County, Massachusetts",70836,70234,34670,6620,2044,4576,19799,4715,15084,8251,1191,7060,35564,5725,2239,3486,20122,5685,14437,9717,1693,8024,25,011,2023
"Hampden County, Massachusetts",460291,456081,222747,52367,26340,26027,132728,38792,93936,37652,7319,30333,233334,47627,27925,19702,139350,49606,89744,46357,11435,34922,25,013,2023
"Hampshire County, Massachusetts",162502,161199,73544,12996,4231,8765,46523,7266,39257,14025,1593,12432,87655,15446,4315,11131,54976,10682,44294,17233,1361,15872,25,015,2023
"Middlesex County, Massachusetts",1623952,1608611,792052,172145,39370,132775,500713,72968,427745,119194,16108,103086,816559,164342,45459,118883,503978,79420,424558,148239,24285,123954,25,017,2023
"Norfolk County, Massachusetts",727473,720201,348466,79404,14146,65258,211864,30119,181745,57198,6668,50530,371735,76703,16093,60610,223379,31665,191714,71653,12337,59316,25,021,2023
"Plymouth County, Massachusetts",535308,528217,255920,57762,17471,40291,151233,30109,121124,46925,7353,39572,272297,56977,19195,37782,156440,34460,121980,58880,9457,49423,25,023,2023
"Suffolk County, Massachusetts",768425,764006,368254,68987,39089,29898,254381,56794,197587,44886,13728,31158,395752,66256,32252,34004,270110,68218,201892,59386,22014,37372,25,025,2023
"Worcester County, Massachusetts",866866,856061,424114,95826,36266,59560,259955,54740,205215,68333,11872,56461,431947,91387,32613,58774,260872,64570,196302,79688,18673,61015,25,027,2023
"Allegan County, Michigan",121939,121228,61110,15211,5018,10193,35325,4446,30879,10574,1248,9326,60118,14065,5434,8631,34091,7036,27055,11962,1390,10572,26,005,2023
"Bay County, Michigan",102500,101922,49575,10173,4346,5827,28905,6452,22453,10497,1511,8986,52347,10880,5399,5481,28935,8492,20443,12532,2456,10076,26,017,2023
"Berrien County, Michigan",152261,151030,72895,16273,6474,9799,41656,7629,34027,14966,1780,13186,78135,17594,7012,10582,42476,10168,32308,18065,2934,15131,26,021,2023
"Calhoun County, Michigan",133366,131748,63553,16106,6974,9132,36589,7086,29503,10858,1297,9561,68195,16294,6347,9947,38291,9822,28469,13610,2776,10834,26,025,2023
"Clinton County, Michigan",79720,78887,39574,9102,1386,7716,23312,2799,20513,7160,277,6883,39313,8473,1624,6849,23113,3028,20085,7727,425,7302,26,037,2023
"Eaton County, Michigan",108820,107792,53455,11653,3660,7993,31706,5487,26219,10096,1302,8794,54337,11845,4310,7535,30370,6782,23588,12122,1535,10587,26,045,2023
"Genesee County, Michigan",401522,398632,193945,48567,23441,25126,110151,30033,80118,35227,5664,29563,204687,44740,23127,21613,118010,38121,79889,41937,5288,36649,26,049,2023
"Grand Traverse County, Michigan",96421,95476,46894,9922,2867,7055,27072,4093,22979,9900,914,8986,48582,9332,3218,6114,27304,4598,22706,11946,1459,10487,26,055,2023
"Ingham County, Michigan",284637,283096,137516,31169,9528,21641,87336,13666,73670,19011,2675,16336,145580,31838,10256,21582,90385,16104,74281,23357,3079,20278,26,065,2023
"Ionia County, Michigan",66262,62354,31413,8227,2893,5334,18266,2550,15716,4920,591,4329,30941,7447,2312,5135,17959,4396,13563,5535,911,4624,26,067,2023
"Jackson County, Michigan",159424,152299,75767,18471,8885,9586,43890,8881,35009,13406,1439,11967,76532,16413,7543,8870,43592,12186,31406,16527,1784,14743,26,075,2023
"Kalamazoo County, Michigan",262215,260483,128143,31355,10697,20658,77859,11461,66398,18929,1890,17039,132340,28515,9997,18518,80495,18706,61789,23330,3654,19676,26,077,2023
"Kent County, Michigan",661354,656045,325361,83139,27235,55904,196659,27108,169551,45563,5171,40392,330684,79468,23322,56146,197619,33711,163908,53597,6686,46911,26,081,2023
"Lapeer County, Michigan",88977,87897,44211,9697,3102,6595,25927,4683,21244,8587,943,7644,43686,9422,3551,5871,24981,5124,19857,9283,1016,8267,26,087,2023
"Lenawee County, Michigan",97520,94960,47365,10439,4271,6168,27308,3968,23340,9618,864,8754,47595,10578,3486,7092,26688,5729,20959,10329,1120,9209,26,091,2023
"Livingston County, Michigan",196757,195566,98372,21399,4221,17178,57688,4298,53390,19285,1785,17500,97194,19943,4437,15506,56079,6328,49751,21172,2453,18719,26,093,2023
"Macomb County, Michigan",875101,868416,423151,96082,37951,58131,255101,46034,209067,71968,9893,62075,445265,91639,33432,58207,263563,61738,201825,90063,12224,77839,26,099,2023
"Marquette County, Michigan",66999,65425,33003,6403,3030,3373,19880,3404,16476,6720,604,6116,32422,6384,1976,4408,19469,4456,15013,6569,670,5899,26,103,2023
"Midland County, Michigan",84039,83150,41343,9550,3594,5956,24093,5179,18914,7700,711,6989,41807,8648,2602,6046,24155,5098,19057,9004,778,8226,26,111,2023
"Monroe County, Michigan",155045,153931,76678,17785,7094,10691,43976,6439,37537,14917,1378,13539,77253,16002,5616,10386,44157,9599,34558,17094,2410,14684,26,115,2023
"Montcalm County, Michigan",68154,65793,34725,8104,3646,4458,20551,4043,16508,6070,698,5372,31068,7068,3250,3818,17523,4200,13323,6477,961,5516,26,117,2023
"Muskegon County, Michigan",176564,172217,84480,20932,9711,11221,48444,11071,37373,15104,1556,13548,87737,20060,10817,9243,50628,16825,33803,17049,2014,15035,26,121,2023
"Oakland County, Michigan",1270426,1263275,623867,136514,30824,105690,380436,46752,333684,106917,11326,95591,639408,131788,31717,100071,376472,54869,321603,131148,17468,113680,26,125,2023
"Ottawa County, Michigan",303372,301543,149195,38434,10503,27931,87233,7850,79383,23528,1443,22085,152348,36928,9095,27833,87910,11301,76609,27510,2296,25214,26,139,2023
"Saginaw County, Michigan",187782,184717,88012,20997,9805,11192,49674,11680,37994,17341,1925,15416,96705,21395,11626,9769,54068,17066,37002,21242,2964,18278,26,145,2023
"St. Clair County, Michigan",159874,158751,78810,16285,5339,10946,46676,7810,38866,15849,2110,13739,79941,16981,7456,9525,45510,10320,35190,17450,2412,15038,26,147,2023
"Shiawassee County, Michigan",68025,67559,33292,7367,2337,5030,19932,3878,16054,5993,435,5558,34267,7120,2871,4249,19582,5902,13680,7565,704,6861,26,155,2023
"Van Buren County, Michigan",75798,75404,37459,9339,3730,5609,20644,3766,16878,7476,749,6727,37945,8821,3588,5233,20779,5001,15778,8345,1157,7188,26,159,2023
"Washtenaw County, Michigan",365536,360265,179675,38137,7950,30187,115088,15017,100071,26450,1761,24689,180590,38092,9859,28233,110468,16615,93853,32030,3078,28952,26,161,2023
"Wayne County, Michigan",1751169,1741555,841584,221136,123931,97205,492069,140728,351341,128379,24120,104259,899971,211342,112500,98842,522804,182980,339824,165825,35014,130811,26,163,2023
"Anoka County, Minnesota",372441,369852,183715,45849,15393,30456,110384,14950,95434,27482,1306,26176,186137,46660,18017,28643,108188,21969,86219,31289,2844,28445,27,003,2023
"Blue Earth County, Minnesota",70006,69420,34768,7564,1676,5888,22216,2332,19884,4988,368,4620,34652,8269,1360,6909,20805,2369,18436,5578,538,5040,27,013,2023
"Carver County, Minnesota",111057,110642,55618,15343,2431,12912,32208,2152,30056,8067,223,7844,55024,14153,1971,12182,32346,2980,29366,8525,349,8176,27,019,2023
"Clay County, Minnesota",66258,65652,32362,8226,2074,6152,19549,3118,16431,4587,453,4134,33290,8991,3453,5538,19168,3666,15502,5131,708,4423,27,027,2023
"Crow Wing County, Minnesota",68304,67462,33659,6985,2566,4419,18894,2980,15914,7780,819,6961,33803,7041,2538,4503,18019,3663,14356,8743,656,8087,27,035,2023
"Dakota County, Minnesota",447440,445443,219863,55949,13840,42109,131888,15565,116323,32026,1496,30530,225580,54299,14067,40232,131395,17908,113487,39886,3861,36025,27,037,2023
"Hennepin County, Minnesota",1258713,1248534,620395,145665,44462,101203,384873,48091,336782,89857,8637,81220,628139,140550,40606,99944,379897,59479,320418,107692,11179,96513,27,053,2023
"Olmsted County, Minnesota",164784,162861,78784,20589,4682,15907,45584,5633,39951,12611,652,11959,84077,19753,3345,16408,49279,5608,43671,15045,923,14122,27,109,2023
"Ramsey County, Minnesota",536075,531147,261223,65088,28656,36432,158201,27960,130241,37934,4735,33199,269924,63807,29124,34683,159970,35512,124458,46147,6489,39658,27,123,2023
"Rice County, Minnesota",67948,65324,32086,8699,2300,6399,18364,1849,16515,5023,257,4766,33238,8466,1788,6678,18811,4359,14452,5961,601,5360,27,131,2023
"St. Louis County, Minnesota",200514,198101,99470,20553,8524,12029,58768,9768,49000,20149,1576,18573,98631,19741,7344,12397,56489,11948,44541,22401,2205,20196,27,137,2023
"Scott County, Minnesota",155814,154621,77535,20880,4071,16809,47250,4949,42301,9405,550,8855,77086,20569,3735,16834,45900,5358,40542,10617,1027,9590,27,139,2023
"Sherburne County, Minnesota",102206,100194,50595,14380,3215,11165,30123,2908,27215,6092,593,5499,49599,13586,3331,10255,29379,3631,25748,6634,621,6013,27,141,2023
"Stearns County, Minnesota",160977,160052,81882,21023,9164,11859,48492,7945,40547,12367,1061,11306,78170,20137,6222,13915,44792,7956,36836,13241,1039,12202,27,145,2023
"Washington County, Minnesota",278936,276463,137401,36056,6460,29596,79333,7042,72291,22012,807,21205,139062,33197,5917,27280,80456,11151,69305,25409,2068,23341,27,163,2023
"Wright County, Minnesota",151150,150075,76271,22316,6253,16063,44172,4366,39806,9783,616,9167,73804,20241,3970,16271,42887,6271,36616,10676,605,10071,27,171,2023
"DeSoto County, Mississippi",193247,192166,91705,24420,6697,17723,55549,3308,52241,11736,1652,10084,100461,25498,4972,20526,60755,5523,55232,14208,1735,12473,28,033,2023
"Forrest County, Mississippi",78208,77309,35055,8827,4545,4282,21671,2137,19534,4557,657,3900,42254,10366,3819,6547,25916,4674,21242,5972,2174,3798,28,035,2023
"Harrison County, Mississippi",210612,203108,95798,24983,10980,14003,55015,6160,48855,15800,2298,13502,107310,26323,12155,14168,61596,10900,50696,19391,2551,16840,28,047,2023
"Hinds County, Mississippi",214870,212705,99131,26535,14809,11726,57800,7023,50777,14796,2972,11824,113574,26412,15784,10628,66846,9026,57820,20316,5579,14737,28,049,2023
"Jackson County, Mississippi",146389,144007,69524,17821,5905,11916,40049,3850,36199,11654,2032,9622,74483,17038,7554,9484,43910,5641,38269,13535,1777,11758,28,059,2023
"Jones County, Mississippi",66250,65435,30659,7798,3671,4127,17445,1692,15753,5416,1123,4293,34776,8776,3013,5763,19572,3238,16334,6428,1257,5171,28,067,2023
"Lamar County, Mississippi",66217,65713,31819,8006,3954,4052,19131,1852,17279,4682,748,3934,33894,7277,3095,4182,21002,3229,17773,5615,1263,4352,28,073,2023
"Lauderdale County, Mississippi",70527,67604,32120,8879,4607,4272,17598,2030,15568,5643,1216,4427,35484,8145,4233,3912,20146,4887,15259,7193,1056,6137,28,075,2023
"Lee County, Mississippi",82799,81579,39484,11652,4808,6844,22676,2305,20371,5156,603,4553,42095,9930,3501,6429,24675,2987,21688,7490,1208,6282,28,081,2023
"Madison County, Mississippi",112511,111203,52965,15046,4794,10252,30319,2105,28214,7600,906,6694,58238,13633,3813,9820,35174,2618,32556,9431,1597,7834,28,089,2023
"Rankin County, Mississippi",160417,155300,76146,20051,7259,12792,44449,3999,40450,11646,559,11087,79154,16503,4794,11709,47244,3191,44053,15407,2055,13352,28,121,2023
"Boone County, Missouri",189463,188040,90917,20896,6083,14813,58981,5335,53646,11040,585,10455,97123,20573,6156,14417,62539,8006,54533,14011,907,13104,29,019,2023
"Buchanan County, Missouri",82956,80383,41269,10447,4998,5449,23657,2126,21531,7165,641,6524,39114,8909,3727,5182,22300,5056,17244,7905,1288,6617,29,021,2023
"Cape Girardeau County, Missouri",82984,82059,39794,10301,4827,5474,22696,1055,21641,6797,527,6270,42265,9624,3133,6491,24535,2621,21914,8106,776,7330,29,031,2023
"Cass County, Missouri",111732,110751,54827,14396,4203,10193,31461,1312,30149,8970,278,8692,55924,13187,3740,9447,31652,3361,28291,11085,443,10642,29,037,2023
"Christian County, Missouri",94422,93924,45905,12973,4284,8689,25557,2580,22977,7375,140,7235,48019,12150,5109,7041,27095,4519,22576,8774,803,7971,29,043,2023
"Clay County, Missouri",259772,258536,128726,33874,9460,24414,77137,5035,72102,17715,831,16884,129810,30448,10281,20167,77727,7771,69956,21635,1258,20377,29,047,2023
"Cole County, Missouri",77278,74155,36490,8516,2088,6428,21970,1843,20127,6004,238,5766,37665,8650,2788,5862,21266,2241,19025,7749,788,6961,29,051,2023
"Franklin County, Missouri",106404,105557,52696,12431,3904,8527,30805,2968,27837,9460,530,8930,52861,11501,4811,6690,30473,4529,25944,10887,516,10371,29,071,2023
"Greene County, Missouri",304611,300653,145880,33936,15415,18521,89197,8740,80457,22747,1944,20803,154773,34217,16865,17352,91626,18312,73314,28930,3372,25558,29,077,2023
"Jackson County, Missouri",718560,713741,346538,88223,32153,56070,208005,17564,190441,50310,5883,44427,367203,84552,31164,53388,218629,30895,187734,64022,5660,58362,29,095,2023
"Jasper County, Missouri",125056,124099,61151,16501,7898,8603,36064,5116,30948,8586,820,7766,62948,15129,7398,7731,36568,7390,29178,11251,1732,9519,29,097,2023
"Jefferson County, Missouri",231230,229658,114481,27381,8213,19168,69069,5495,63574,18031,1050,16981,115177,26233,7684,18549,68274,7297,60977,20670,1240,19430,29,099,2023
"Platte County, Missouri",111940,110589,53981,13313,2034,11279,31942,1042,30900,8726,310,8416,56608,13076,1461,11615,33002,2201,30801,10530,322,10208,29,165,2023
"St. Charles County, Missouri",416659,414498,205098,49628,8507,41121,123067,4221,118846,32403,1144,31259,209400,47075,6545,40530,122826,9380,113446,39499,1574,37925,29,183,2023
"St. Francois County, Missouri",67058,62119,31155,7381,3283,4098,18795,2750,16045,4979,411,4568,30964,7258,3987,3271,17735,4571,13164,5971,845,5126,29,187,2023
"St. Louis County, Missouri",987059,976175,466811,117106,33369,83737,268930,21579,247351,80775,4176,76599,509364,110795,27938,82857,291974,33146,258828,106595,6737,99858,29,189,2023
"St. Louis city, Missouri",281754,278442,133841,28363,15459,12904,84871,8890,75981,20607,5107,15500,144601,25601,13135,12466,93950,17888,76062,25050,5768,19282,29,510,2023
"Cascade County, Montana",84900,81072,40332,10624,3638,6986,22055,3757,18298,7653,882,6771,40740,8971,3286,5685,23038,4472,18566,8731,732,7999,30,013,2023
"Flathead County, Montana",113679,112562,55959,12850,4451,8399,31865,4777,27088,11244,465,10779,56603,12295,4711,7584,32242,6436,25806,12066,952,11114,30,029,2023
"Gallatin County, Montana",126409,125745,66768,13372,3579,9793,45082,3589,41493,8314,836,7478,58977,11935,2739,9196,38015,3718,34297,9027,562,8465,30,031,2023
"Lewis and Clark County, Montana",75011,73386,34958,7725,2848,4877,19833,4017,15816,7400,668,6732,38428,8785,2688,6097,21491,4998,16493,8152,465,7687,30,049,2023
"Missoula County, Montana",121849,120861,60422,11879,4317,7562,38762,4056,34706,9781,608,9173,60439,11524,4556,6968,37611,6690,30921,11304,1502,9802,30,063,2023
"Yellowstone County, Montana",170843,168445,83420,20279,7254,13025,48573,6122,42451,14568,1088,13480,85025,19880,6510,13370,48263,10575,37688,16882,1975,14907,30,111,2023
"Douglas County, Nebraska",589540,583404,288434,78683,27817,50866,172431,17499,154932,37320,3905,33415,294970,76389,25884,50505,172436,25670,146766,46145,6924,39221,31,055,2023
"Lancaster County, Nebraska",326716,322343,160997,40344,11528,28816,97389,9305,88084,23264,1689,21575,161346,37623,12197,25426,95819,12460,83359,27904,2287,25617,31,109,2023
"Sarpy County, Nebraska",199886,195881,97866,28305,5575,22730,57771,2796,54975,11790,1059,10731,98015,26613,6249,20364,57521,5100,52421,13881,1436,12445,31,153,2023
"Clark County, Nevada",2336573,2309900,1149002,276740,115688,161052,696410,102374,594036,175852,21441,154411,1160898,260909,106242,154667,698130,131395,566735,201859,31643,170216,32,003,2023
"Washoe County, Nevada",498022,494233,249355,54545,16601,37944,152113,16367,135746,42697,3958,38739,244878,53179,15107,38072,145067,22059,123008,46632,3747,42885,32,031,2023
"Belknap County, New Hampshire",65027,64191,31233,5522,2033,3489,18444,1464,16980,7267,285,6982,32958,6001,2325,3676,18761,2134,16627,8196,433,7763,33,001,2023
"Cheshire County, New Hampshire",77703,77150,38326,7716,2833,4883,22452,1765,20687,8158,366,7792,38824,6959,2108,4851,22639,2052,20587,9226,847,8379,33,005,2023
"Grafton County, New Hampshire",93146,92443,45457,8294,2036,6258,26855,2378,24477,10308,816,9492,46986,7905,2307,5598,27799,3191,24608,11282,757,10525,33,009,2023
"Hillsborough County, New Hampshire",427354,422895,211903,45286,11933,33353,132360,10890,121470,34257,2373,31884,210992,42829,13527,29302,128585,12693,115892,39578,3389,36189,33,011,2023
"Merrimack County, New Hampshire",157103,154735,77492,15453,5189,10264,47965,4735,43230,14074,1075,12999,77243,14725,4787,9938,45965,6509,39456,16553,1461,15092,33,013,2023
"Rockingham County, New Hampshire",320689,318366,157857,32421,6450,25971,94509,6851,87658,30927,1755,29172,160509,29632,4948,24684,96248,7594,88654,34629,1585,33044,33,015,2023
"Strafford County, New Hampshire",133243,131589,64870,13467,5072,8395,41276,4089,37187,10127,614,9513,66719,12750,4787,7963,41764,5941,35823,12205,1044,11161,33,017,2023
"Atlantic County, New Jersey",275213,271028,131212,31825,13458,18367,74347,13491,60856,25040,3087,21953,139816,28698,11576,17122,80597,18684,61913,30521,3523,26998,34,001,2023
"Bergen County, New Jersey",957736,951466,466386,106036,21853,84183,281928,28482,253446,78422,8606,69816,485080,102386,22309,80077,285827,35965,249862,96867,12929,83938,34,003,2023
"Burlington County, New Jersey",469167,456984,221848,52060,13782,38278,131924,16631,115293,37864,2265,35599,235136,49469,11916,37553,137351,18377,118974,48316,4527,43789,34,005,2023
"Camden County, New Jersey",527196,522661,252854,64688,24945,39743,149914,24554,125360,38252,4295,33957,269807,61403,23724,37679,159230,38383,120847,49174,6824,42350,34,007,2023
"Cape May County, New Jersey",94610,93483,45306,7784,2391,5393,24416,2515,21901,13106,737,12369,48177,7866,2437,5429,24773,4020,20753,15538,1657,13881,34,009,2023
"Cumberland County, New Jersey",152326,147316,71434,18441,12044,6397,42382,8714,33668,10611,2772,7839,75882,19798,11999,7799,42833,13562,29271,13251,3649,9602,34,011,2023
"Essex County, New Jersey",851117,839829,404411,108489,43449,65040,244783,38423,206360,51139,6545,44594,435418,103383,44566,58817,261551,64465,197086,70484,17054,53430,34,013,2023
"Gloucester County, New Jersey",308423,307320,151584,36919,11142,25777,91414,11800,79614,23251,1893,21358,155736,33084,8882,24202,93101,14355,78746,29551,3726,25825,34,015,2023
"Hudson County, New Jersey",705472,701752,350702,75059,36095,38964,236463,34103,202360,39180,9518,29662,351050,69655,32350,37305,229488,45464,184024,51907,15184,36723,34,017,2023
"Hunterdon County, New Jersey",130183,128627,63736,12412,1701,10711,38403,2525,35878,12921,577,12344,64891,13447,2390,11057,37131,2333,34798,14313,1365,12948,34,019,2023
"Mercer County, New Jersey",381671,376815,184754,45431,15992,29439,111909,12864,99045,27414,2586,24828,192061,43168,16287,26881,114912,16087,98825,33981,6507,27474,34,021,2023
"Middlesex County, New Jersey",863623,856219,423839,100053,26084,73969,260068,25354,234714,63718,7843,55875,432380,96909,30122,66787,257531,34743,222788,77940,10972,66968,34,023,2023
"Monmouth County, New Jersey",642799,639136,314028,72637,15428,57209,184707,17285,167422,56684,3909,52775,325108,68314,11354,56960,188539,20926,167613,68255,5971,62284,34,025,2023
"Morris County, New Jersey",514423,510853,253807,58419,6933,51486,153264,8078,145186,42124,2678,39446,257046,53772,7728,46044,151860,11338,140522,51414,4073,47341,34,027,2023
"Ocean County, New Jersey",659197,653227,317404,87915,46436,41479,165282,28442,136840,64207,4758,59449,335823,83878,41159,42719,168001,35327,132674,83944,8156,75788,34,029,2023
"Passaic County, New Jersey",513395,510624,250907,64072,32736,31336,150228,29121,121107,36607,6437,30170,259717,62255,32971,29284,151633,44383,107250,45829,10952,34877,34,031,2023
"Salem County, New Jersey",65338,64159,29501,6143,2594,3549,18092,2896,15196,5266,335,4931,34658,8832,3769,5063,19054,3600,15454,6772,540,6232,34,033,2023
"Somerset County, New Jersey",348842,346052,170957,39474,5761,33713,104321,7291,97030,27162,2399,24763,175095,37270,5863,31407,105428,8828,96600,32397,3933,28464,34,035,2023
"Sussex County, New Jersey",146132,145528,73695,15563,4885,10678,44713,4816,39897,13419,1285,12134,71833,14210,3008,11202,43039,5461,37578,14584,922,13662,34,037,2023
"Union County, New Jersey",572726,570595,282109,72825,23770,49055,170744,17650,153094,38540,4811,33729,288486,68725,27154,41571,170535,25771,144764,49226,7235,41991,34,039,2023
"Warren County, New Jersey",111252,110463,55126,11533,3567,7966,33369,3586,29783,10224,1128,9096,55337,11138,3228,7910,32271,4565,27706,11928,971,10957,34,041,2023
"Bernalillo County, New Mexico",671586,663499,325827,73757,41079,32678,196700,43582,153118,55370,8394,46976,337672,68260,36633,31627,199697,60020,139677,69715,11102,58613,35,001,2023
"Doña Ana County, New Mexico",225210,220901,109108,28258,19480,8778,62244,18029,44215,18606,2455,16151,111793,26697,17682,9015,64193,19989,44204,20903,4541,16362,35,013,2023
"Lea County, New Mexico",72101,70688,36085,11146,6437,4709,20902,3925,16977,4037,1034,3003,34603,10544,5674,4870,19544,5821,13723,4515,1015,3500,35,025,2023
"McKinley County, New Mexico",68797,68249,32306,9305,7518,1787,19062,10123,8939,3939,1558,2381,35943,9557,8087,1470,20332,10505,9827,6054,2183,3871,35,031,2023
"Otero County, New Mexico",68835,63055,30430,7149,4017,3132,17708,4790,12918,5573,969,4604,32625,7809,5722,2087,18191,6585,11606,6625,1225,5400,35,035,2023
"Sandoval County, New Mexico",155936,155025,76414,17822,11098,6724,43986,11410,32576,14606,1908,12698,78611,17652,9507,8145,43775,14512,29263,17184,3328,13856,35,043,2023
"San Juan County, New Mexico",120675,119751,58783,16053,10637,5416,33258,9463,23795,9472,1154,8318,60968,15931,10794,5137,33664,13108,20556,11373,2663,8710,35,045,2023
"Santa Fe County, New Mexico",155956,155068,75088,12645,6378,6267,41678,7017,34661,20765,2294,18471,79980,13060,7288,5772,42476,9181,33295,24444,2917,21527,35,049,2023
"Valencia County, New Mexico",79141,77324,37485,9687,6714,2973,20871,5895,14976,6927,1659,5268,39839,9756,6436,3320,22322,8803,13519,7761,1882,5879,35,061,2023
"Albany County, New York",316659,313017,151755,32125,10530,21595,94284,16789,77495,25346,3159,22187,161262,31414,11277,20137,98065,18766,79299,31783,4995,26788,36,001,2023
"Bronx County, New York",1356476,1341331,632728,176002,129583,46419,377698,165997,211701,79028,33914,45114,708603,164126,117827,46299,426107,220972,205135,118370,59766,58604,36,005,2023
"Broome County, New York",196077,193024,95856,20758,8085,12673,57479,15018,42461,17619,3038,14581,97168,21253,10873,10380,55350,14456,40894,20565,3044,17521,36,007,2023
"Cattaraugus County, New York",75600,74747,36881,8852,5395,3457,20663,6427,14236,7366,1176,6190,37866,8656,4554,4102,20872,7083,13789,8338,1533,6805,36,009,2023
"Cayuga County, New York",74485,72041,35883,7552,4657,2895,20797,5371,15426,7534,715,6819,36158,7113,3678,3435,20605,6398,14207,8440,944,7496,36,011,2023
"Chautauqua County, New York",124891,122840,59947,13397,6097,7300,33971,9929,24042,12579,1783,10796,62893,13833,6614,7219,35141,11645,23496,13919,1746,12173,36,013,2023
"Chemung County, New York",81325,79384,39076,8770,4947,3823,22923,6295,16628,7383,1120,6263,40308,8821,4231,4590,22662,6059,16603,8825,2262,6563,36,015,2023
"Clinton County, New York",78115,75610,37378,7467,3062,4405,22744,6013,16731,7167,927,6240,38232,7778,3995,3783,22688,6064,16624,7766,974,6792,36,019,2023
"Dutchess County, New York",297150,290973,142954,28775,8050,20725,87387,13452,73935,26792,3651,23141,148019,30095,7919,22176,87581,15698,71883,30343,4122,26221,36,027,2023
"Erie County, New York",946147,939039,456321,102395,41970,60425,273143,60242,212901,80783,11984,68799,482718,101361,43749,57612,278983,74736,204247,102374,16420,85954,36,029,2023
"Jefferson County, New York",114787,102302,49337,15157,6737,8420,26170,5294,20876,8010,1273,6737,52965,13377,5473,7904,30589,7425,23164,8999,1658,7341,36,045,2023
"Kings County, New York",2561225,2546527,1210738,295440,175198,120242,744118,224939,519179,171180,61824,109356,1335789,285099,164647,120452,815590,275262,540328,235100,96923,138177,36,047,2023
"Madison County, New York",66921,66437,32667,6972,2534,4438,19112,3281,15831,6583,890,5693,33770,6947,2725,4222,19435,4142,15293,7388,1135,6253,36,053,2023
"Monroe County, New York",748482,741314,359178,83753,35993,47760,212931,42195,170736,62494,8767,53727,382136,79757,33911,45846,225157,60458,164699,77222,13040,64182,36,055,2023
"Nassau County, New York",1381715,1373135,676744,161762,38959,122803,398063,56384,341679,116919,16318,100601,696391,151621,33935,117686,402270,60355,341915,142500,24001,118499,36,059,2023
"New York County, New York",1597451,1590419,757620,116897,38385,78512,517119,94210,422909,123604,33263,90341,832799,116180,36040,80140,545558,105238,440320,171061,51062,119999,36,061,2023
"Niagara County, New York",209457,207571,102318,22172,8708,13464,59845,13137,46708,20301,2271,18030,105253,21362,8992,12370,60987,15700,45287,22904,4486,18418,36,063,2023
"Oneida County, New York",227555,221106,109761,26749,14341,12408,62396,17538,44858,20616,3229,17387,111345,24984,12918,12066,62943,19884,43059,23418,3676,19742,36,065,2023
"Onondaga County, New York",467873,461504,224114,53999,23881,30118,130956,27546,103410,39159,5598,33561,237390,52913,22980,29933,137578,36064,101514,46899,6413,40486,36,067,2023
"Ontario County, New York",112494,111575,55098,11440,3369,8071,32305,5449,26856,11353,1062,10291,56477,11220,3014,8206,31200,6161,25039,14057,2104,11953,36,069,2023
"Orange County, New York",407470,399699,198524,57437,29110,28327,113925,25405,88520,27162,3212,23950,201175,51654,27533,24121,116920,32473,84447,32601,6921,25680,36,071,2023
"Oswego County, New York",118162,117406,58972,13217,5436,7781,35390,7536,27854,10365,1556,8809,58434,12660,6446,6214,34681,9336,25345,11093,2011,9082,36,075,2023
"Putnam County, New York",98060,97624,47750,9679,2572,7107,29236,3126,26110,8835,348,8487,49874,9379,1021,8358,29791,3759,26032,10704,794,9910,36,079,2023
"Queens County, New York",2252196,2238623,1091839,233533,120776,112757,678986,188413,490573,179320,49596,129724,1146784,221606,118361,103245,692973,217576,475397,232205,74927,157278,36,081,2023
"Rensselaer County, New York",159305,158025,79116,17399,7051,10348,48258,8973,39285,13459,1109,12350,78909,15458,5609,9849,47625,10362,37263,15826,2112,13714,36,083,2023
"Richmond County, New York",490687,487243,238625,56477,20127,36350,144371,30755,113616,37777,5659,32118,248618,53705,17589,36116,147627,34563,113064,47286,8818,38468,36,085,2023
"Rockland County, New York",340807,338867,169122,55137,33538,21599,90420,25711,64709,23565,3742,19823,169745,51532,31829,19703,88545,25351,63194,29668,5866,23802,36,087,2023
"St. Lawrence County, New York",106940,104705,52619,12124,5226,6898,30571,9001,21570,9924,2225,7699,52086,11217,5066,6151,30148,8942,21206,10721,1793,8928,36,089,2023
"Saratoga County, New York",238711,237258,117436,24159,7286,16873,70410,9408,61002,22867,2857,20010,119822,23383,5536,17847,70071,10670,59401,26368,3146,23222,36,091,2023
"Schenectady County, New York",159902,158249,78113,19210,5799,13411,46028,10438,35590,12875,1942,10933,80136,17929,8411,9518,47228,12035,35193,14979,2388,12591,36,093,2023
"Steuben County, New York",92162,91233,44414,10210,5200,5010,25660,6395,19265,8544,1004,7540,46819,9952,4129,5823,26195,6810,19385,10672,1774,8898,36,101,2023
"Suffolk County, New York",1523170,1513639,750739,170091,45065,125026,455805,61937,393868,124843,19336,105507,762900,161168,41191,119977,451010,78396,372614,150722,22273,128449,36,103,2023
"Sullivan County, New York",79920,78003,40384,10081,4203,5878,22933,7044,15889,7370,1924,5446,37619,8236,3770,4466,21900,7963,13937,7483,1037,6446,36,105,2023
"Tompkins County, New York",103558,102738,50152,8737,2384,6353,33184,4317,28867,8231,1218,7013,52586,8216,1751,6465,35110,4617,30493,9260,1535,7725,36,109,2023
"Ulster County, New York",182333,178537,87672,16477,7805,8672,52777,9644,43133,18418,2331,16087,90865,16914,6557,10357,53157,13070,40087,20794,2499,18295,36,111,2023
"Warren County, New York",65380,64744,31623,6259,2793,3466,17664,2981,14683,7700,1271,6429,33121,5044,2081,2963,19595,4998,14597,8482,1425,7057,36,113,2023
"Wayne County, New York",90829,90266,45270,10023,4527,5496,26207,5211,20996,9040,1063,7977,44996,9116,3345,5771,25894,6278,19616,9986,983,9003,36,117,2023
"Westchester County, New York",990817,980385,477152,114145,32056,82089,284096,42232,241864,78911,11456,67455,503233,107126,29318,77808,294439,56587,237852,101668,16616,85052,36,119,2023
"Alamance County, North Carolina",179165,178088,86529,22260,9099,13161,51039,5085,45954,13230,1669,11561,91559,19237,8212,11025,55068,9067,46001,17254,2238,15016,37,001,2023
"Brunswick County, North Carolina",159964,159051,77369,12932,6926,6006,38530,4696,33834,25907,2147,23760,81682,10289,5087,5202,42800,6033,36767,28593,2944,25649,37,019,2023
"Buncombe County, North Carolina",275901,272107,131767,27663,9075,18588,77542,6876,70666,26562,2727,23835,140340,24015,8188,15827,83639,9440,74199,32686,4104,28582,37,021,2023
"Burke County, North Carolina",88338,86152,42250,8361,4580,3781,25347,2657,22690,8542,1275,7267,43902,8208,4461,3747,25045,4499,20546,10649,724,9925,37,023,2023
"Cabarrus County, North Carolina",240016,238464,119053,33907,14237,19670,70409,6590,63819,14737,1353,13384,119411,29150,10902,18248,72119,10170,61949,18142,1421,16721,37,025,2023
"Caldwell County, North Carolina",80574,79901,40039,9121,4374,4747,23099,1659,21440,7819,1061,6758,39862,7082,3491,3591,22960,5200,17760,9820,1371,8449,37,027,2023
"Carteret County, North Carolina",69615,67926,33603,5512,2144,3368,19402,2606,16796,8689,997,7692,34323,4994,1450,3544,19141,2074,17067,10188,748,9440,37,031,2023
"Catawba County, North Carolina",164645,163005,79284,18688,8546,10142,46827,3426,43401,13769,1405,12364,83721,18179,7263,10916,48358,4929,43429,17184,2353,14831,37,035,2023
"Chatham County, North Carolina",81624,80792,39007,7825,2982,4843,21930,1129,20801,9252,564,8688,41785,8263,3500,4763,21853,2391,19462,11669,1058,10611,37,037,2023
"Cleveland County, North Carolina",101378,100484,48528,11835,5929,5906,28195,2956,25239,8498,1174,7324,51956,11325,5697,5628,30234,5919,24315,10397,1490,8907,37,045,2023
"Craven County, North Carolina",102391,95312,45188,11832,5289,6543,23221,3783,19438,10135,600,9535,50124,10739,6153,4586,27657,5843,21814,11728,1324,10404,37,049,2023
"Cumberland County, North Carolina",337890,301489,135348,45453,20345,25108,71196,12164,59032,18699,3504,15195,166141,44245,22162,22083,96904,22062,74842,24992,5451,19541,37,051,2023
"Davidson County, North Carolina",174804,173223,85015,19898,10917,8981,49671,5473,44198,15446,2134,13312,88208,18407,9834,8573,50832,10129,40703,18969,2658,16311,37,057,2023
"Durham County, North Carolina",336892,332343,159111,36926,12217,24709,102018,9348,92670,20167,1277,18890,173232,33679,10368,23311,111141,9501,101640,28412,2866,25546,37,063,2023
"Forsyth County, North Carolina",392921,389514,184707,48363,21949,26414,107341,10417,96924,29003,3885,25118,204807,46472,21343,25129,121032,16489,104543,37303,5576,31727,37,067,2023
"Franklin County, North Carolina",77001,75790,37303,8825,3466,5359,22517,2827,19690,5961,696,5265,38487,8304,3461,4843,22923,3016,19907,7260,1558,5702,37,069,2023
"Gaston County, North Carolina",237242,235130,113166,27942,13502,14440,68735,7532,61203,16489,2525,13964,121964,26746,12483,14263,73060,11793,61267,22158,3694,18464,37,071,2023
"Guilford County, North Carolina",549866,545507,258587,66939,29902,37037,153432,17610,135822,38216,5174,33042,286920,63761,27295,36466,174086,28285,145801,49073,8732,40341,37,081,2023
"Harnett County, North Carolina",141477,135871,65530,19436,6642,12794,37640,3977,33663,8454,1036,7418,70341,17381,7107,10274,42003,4061,37942,10957,1734,9223,37,085,2023
"Henderson County, North Carolina",119230,118016,57373,11935,7258,4677,30997,4541,26456,14441,546,13895,60643,10509,5899,4610,32790,5989,26801,17344,1191,16153,37,089,2023
"Iredell County, North Carolina",199710,198543,99257,25574,6353,19221,58236,4804,53432,15447,1365,14082,99286,21498,6159,15339,59733,5681,54052,18055,2263,15792,37,097,2023
"Johnston County, North Carolina",241955,239943,118407,32136,13072,19064,71808,6981,64827,14463,1611,12852,121536,30476,11635,18841,73162,8607,64555,17898,1445,16453,37,101,2023
"Lee County, North Carolina",67059,66124,33525,9343,3704,5639,18776,2095,16681,5406,763,4643,32599,6962,3516,3446,19192,4557,14635,6445,744,5701,37,105,2023
"Lincoln County, North Carolina",95675,95088,47040,10187,4550,5637,28267,2195,26072,8586,598,7988,48048,10024,4370,5654,27458,3626,23832,10566,1118,9448,37,109,2023
"Mecklenburg County, North Carolina",1163701,1158029,558945,142417,46681,95736,355700,21594,334106,60828,6144,54684,599084,136340,47300,89040,382458,33880,348578,80286,9769,70517,37,119,2023
"Moore County, North Carolina",106898,102453,48207,12072,4277,7795,24779,2671,22108,11356,1028,10328,54246,11798,3033,8765,28589,3490,25099,13859,1113,12746,37,125,2023
"Nash County, North Carolina",96551,95389,46123,11713,5258,6455,26420,4816,21604,7990,1079,6911,49266,11162,5766,5396,27607,5094,22513,10497,2011,8486,37,127,2023
"New Hanover County, North Carolina",238852,237193,113742,23745,9500,14245,69706,4796,64910,20291,2110,18181,123451,20438,6706,13732,77663,9561,68102,25350,3008,22342,37,129,2023
"Onslow County, North Carolina",213676,175199,84006,28285,11928,16357,45558,6759,38799,10163,1514,8649,91193,25582,9486,16096,53083,10034,43049,12528,2163,10365,37,133,2023
"Orange County, North Carolina",150626,149531,70062,14154,2381,11773,44919,2774,42145,10989,408,10581,79469,17261,3642,13619,49021,1788,47233,13187,1379,11808,37,135,2023
"Pender County, North Carolina",68521,67062,33337,9019,3057,5962,18682,2356,16326,5636,447,5189,33725,7508,2768,4740,19435,2798,16637,6782,459,6323,37,141,2023
"Pitt County, North Carolina",175119,172795,81032,21022,8296,12726,49009,6668,42341,11001,1489,9512,91763,19754,9196,10558,57377,8061,49316,14632,3070,11562,37,147,2023
"Randolph County, North Carolina",147458,146210,72402,18159,9841,8318,41877,4732,37145,12366,1081,11285,73808,16016,6968,9048,42139,8875,33264,15653,2606,13047,37,151,2023
"Robeson County, North Carolina",117365,115438,55490,17020,12635,4385,30591,6062,24529,7879,1419,6460,59948,15754,11601,4153,33726,10445,23281,10468,2340,8128,37,155,2023
"Rockingham County, North Carolina",92518,91769,45253,10320,5048,5272,25881,4404,21477,9052,1164,7888,46516,8513,4321,4192,26932,5707,21225,11071,2516,8555,37,157,2023
"Rowan County, North Carolina",151661,149576,75396,20728,10084,10644,42604,5431,37173,12064,1285,10779,74180,15587,7520,8067,43998,8764,35234,14595,2173,12422,37,159,2023
"Rutherford County, North Carolina",65507,64395,30511,6656,4050,2606,17662,1283,16379,6193,693,5500,33884,7145,3784,3361,18609,2813,15796,8130,1217,6913,37,161,2023
"Stanly County, North Carolina",65699,64286,31332,6969,3085,3884,18765,2000,16765,5598,647,4951,32954,7485,2921,4564,18854,3333,15521,6615,971,5644,37,167,2023
"Surry County, North Carolina",71462,70808,35045,8404,4754,3650,20211,2536,17675,6430,756,5674,35763,6870,3563,3307,20597,3951,16646,8296,1211,7085,37,171,2023
"Union County, North Carolina",256452,255403,127894,36314,11504,24810,75358,5569,69789,16222,1687,14535,127509,32858,8842,24016,76343,7100,69243,18308,2280,16028,37,179,2023
"Wake County, North Carolina",1190275,1182147,578498,145446,34252,111194,364104,16579,347525,68948,6539,62409,603649,139316,35573,103743,376315,28646,347669,88018,8194,79824,37,183,2023
"Wayne County, North Carolina",118686,114083,53854,14417,8561,5856,30401,4146,26255,9036,1165,7871,60229,15774,10013,5761,32871,7726,25145,11584,1740,9844,37,191,2023
"Wilkes County, North Carolina",66013,64720,31925,7808,4870,2938,17214,2597,14617,6903,671,6232,32795,6233,3679,2554,18415,3591,14824,8147,1671,6476,37,193,2023
"Wilson County, North Carolina",78970,78012,37150,10097,5715,4382,20730,2540,18190,6323,1096,5227,40862,8383,4258,4125,24187,5043,19144,8292,1353,6939,37,195,2023
"Burleigh County, North Dakota",100012,97168,48738,11955,3189,8766,28690,2131,26559,8093,655,7438,48430,11927,2668,9259,26774,3184,23590,9729,388,9341,38,015,2023
"Cass County, North Dakota",196362,194514,98377,23558,5752,17806,63090,3394,59696,11729,828,10901,96137,23403,5974,17429,59303,4637,54666,13431,1916,11515,38,017,2023
"Grand Forks County, North Dakota",72708,70310,34354,7875,640,7235,21705,1472,20233,4774,298,4476,35956,8537,1845,6692,22015,2472,19543,5404,684,4720,38,035,2023
"Ward County, North Dakota",68332,62333,30453,9153,1642,7511,16676,1232,15444,4624,365,4259,31880,7993,1108,6885,18479,1829,16650,5408,269,5139,38,101,2023
"Allen County, Ohio",100838,99449,50326,13261,7010,6251,28530,5430,23100,8535,764,7771,49123,11748,4174,7574,27410,7722,19688,9965,933,9032,39,003,2023
"Ashtabula County, Ohio",96845,93638,47452,11500,6804,4696,26840,7176,19664,9112,1029,8083,46186,10580,5516,5064,25759,7529,18230,9847,1415,8432,39,007,2023
"Belmont County, Ohio",64918,61407,30696,6991,3404,3587,17389,3942,13447,6316,648,5668,30711,6190,2773,3417,16987,4953,12034,7534,1011,6523,39,013,2023
"Butler County, Ohio",393043,387864,192589,49913,18213,31700,113926,18602,95324,28750,2802,25948,195275,47424,15454,31970,113222,22409,90813,34629,4360,30269,39,017,2023
"Clark County, Ohio",134610,133022,65436,16546,8234,8312,36567,7178,29389,12323,1709,10614,67586,15446,7248,8198,37764,11212,26552,14376,2379,11997,39,023,2023
"Clermont County, Ohio",211972,210295,103763,24526,7886,16640,61129,5006,56123,18108,992,17116,106532,23901,7812,16089,61490,10645,50845,21141,1625,19516,39,025,2023
"Columbiana County, Ohio",100182,96972,48317,10888,4478,6410,27352,5091,22261,10077,1491,8586,48655,9580,3705,5875,27066,7370,19696,12009,1637,10372,39,029,2023
"Cuyahoga County, Ohio",1233088,1218816,583595,134680,62181,72499,345226,66455,278771,103689,14819,88870,635221,130481,57356,73125,370054,95378,274676,134686,20873,113813,39,035,2023
"Delaware County, Ohio",231636,230404,115476,31828,3245,28583,67099,3314,63785,16549,1521,15028,114928,29276,3767,25509,66470,4331,62139,19182,1868,17314,39,041,2023
"Erie County, Ohio",74035,72749,36512,8378,3433,4945,20359,3130,17229,7775,555,7220,36237,6481,2731,3750,20399,4714,15685,9357,583,8774,39,043,2023
"Fairfield County, Ohio",165360,161724,80827,22631,6928,15703,45922,5922,40000,12274,1238,11036,80897,19077,6653,12424,47003,7511,39492,14817,1388,13429,39,045,2023
"Franklin County, Ohio",1326063,1316656,645770,165784,67534,98250,403515,55635,347880,76471,8619,67852,670886,158782,68422,90360,414068,81628,332440,98036,11557,86479,39,049,2023
"Geauga County, Ohio",95407,94585,47725,11364,1194,10170,26173,1571,24602,10188,607,9581,46860,10865,1218,9647,24936,2292,22644,11059,941,10118,39,055,2023
"Greene County, Ohio",169691,165219,80608,18556,4098,14458,47372,4141,43231,14680,1377,13303,84611,18632,4878,13754,48784,6629,42155,17195,1586,15609,39,057,2023
"Hamilton County, Ohio",827058,816221,395982,103632,38300,65332,233341,31089,202252,59009,5993,53016,420239,100026,31833,68193,244441,49177,195264,75772,9837,65935,39,061,2023
"Hancock County, Ohio",74704,74068,37391,8032,1721,6311,23198,2412,20786,6161,328,5833,36677,7852,1740,6112,20988,2467,18521,7837,1136,6701,39,063,2023
"Lake County, Ohio",231640,229437,112951,23721,7735,15986,66450,6345,60105,22780,2047,20733,116486,22374,7526,14848,66921,10426,56495,27191,2358,24833,39,085,2023
"Licking County, Ohio",183201,182122,89955,22737,6805,15932,51839,6700,45139,15379,2109,13270,92167,21676,6025,15651,52647,10833,41814,17844,2756,15088,39,089,2023
"Lorain County, Ohio",317910,312746,153594,36942,11623,25319,88187,9608,78579,28465,2846,25619,159152,34107,12810,21297,89866,17007,72859,35179,3071,32108,39,093,2023
"Lucas County, Ohio",425484,420478,203886,53627,25710,27917,117326,22300,95026,32933,3473,29460,216592,49332,21996,27336,125862,35626,90236,41398,5676,35722,39,095,2023
"Mahoning County, Ohio",225596,221351,107945,24084,12516,11568,61578,13698,47880,22283,2375,19908,113406,23754,12254,11500,62329,19766,42563,27323,3665,23658,39,099,2023
"Marion County, Ohio",64851,59286,30074,7697,3326,4371,16974,4263,12711,5403,360,5043,29212,7276,4144,3132,15444,4552,10892,6492,878,5614,39,101,2023
"Medina County, Ohio",184042,182812,90869,20883,6103,14780,52546,6597,45949,17440,951,16489,91943,20027,5867,14160,52393,8486,43907,19523,892,18631,39,103,2023
"Miami County, Ohio",110876,109613,54203,14301,3982,10319,30280,5755,24525,9622,703,8919,55410,12777,3195,9582,30184,6059,24125,12449,917,11532,39,109,2023
"Montgomery County, Ohio",533796,524591,252500,64058,26275,37783,146252,25331,120921,42190,3783,38407,272091,60849,28357,32492,155605,36343,119262,55637,6230,49407,39,113,2023
"Muskingum County, Ohio",86305,85629,41689,9919,4232,5687,24368,6197,18171,7402,896,6506,43940,10062,6170,3892,25137,7585,17552,8741,1247,7494,39,119,2023
"Portage County, Ohio",162665,161200,80060,16595,5284,11311,49022,5746,43276,14443,1148,13295,81140,16009,4737,11272,49706,8865,40841,15425,1453,13972,39,133,2023
"Richland County, Ohio",125064,118265,58395,14454,7198,7256,32400,7322,25078,11541,934,10607,59870,13403,6080,7323,32551,8112,24439,13916,2453,11463,39,139,2023
"Ross County, Ohio",76501,71526,34959,8384,4429,3955,20712,3870,16842,5863,700,5163,36567,8790,3524,5266,20480,5056,15424,7297,1098,6199,39,141,2023
"Scioto County, Ohio",71969,69374,33831,7765,3704,4061,19980,5302,14678,6086,309,5777,35543,8587,3861,4726,20012,6574,13438,6944,633,6311,39,145,2023
"Stark County, Ohio",372716,368826,180085,43403,16188,27215,103021,16580,86441,33661,3662,29999,188741,40865,16273,24592,105706,26265,79441,42170,4073,38097,39,151,2023
"Summit County, Ohio",535733,530495,258363,58226,21671,36555,154018,25880,128138,46119,3982,42137,272132,57848,25366,32482,157088,32923,124165,57196,5533,51663,39,153,2023
"Trumbull County, Ohio",200373,196765,96728,22366,11233,11133,54574,12520,42054,19788,2744,17044,100037,20533,9104,11429,55691,15647,40044,23813,2391,21422,39,155,2023
"Tuscarawas County, Ohio",91874,90986,45057,10930,3159,7771,25551,3962,21589,8576,822,7754,45929,10859,4359,6500,25228,6208,19020,9842,843,8999,39,157,2023
"Union County, Ohio",69637,67288,33623,8742,2286,6456,20777,1924,18853,4104,124,3980,33665,8911,2252,6659,19994,1900,18094,4760,249,4511,39,159,2023
"Warren County, Ohio",252148,247595,122629,31891,5474,26417,72440,4203,68237,18298,708,17590,124966,31219,5791,25428,72086,6767,65319,21661,1544,20117,39,165,2023
"Wayne County, Ohio",116510,115258,57144,14476,4287,10189,32966,3791,29175,9702,537,9165,58114,14743,4257,10486,31392,4566,26826,11979,1233,10746,39,169,2023
"Wood County, Ohio",132650,131414,65100,14904,3882,11022,40315,3412,36903,9881,918,8963,66314,14327,3408,10919,40230,5675,34555,11757,1021,10736,39,173,2023
"Canadian County, Oklahoma",175829,173077,85984,24834,5495,19339,49662,3306,46356,11488,453,11035,87093,22496,5658,16838,51989,6011,45978,12608,1494,11114,40,017,2023
"Cleveland County, Oklahoma",301193,295649,144856,34062,12129,21933,90715,10660,80055,20079,1916,18163,150793,33508,10154,23354,91862,15226,76636,25423,3712,21711,40,027,2023
"Comanche County, Oklahoma",121574,106762,49958,15352,7550,7802,26837,4208,22629,7769,747,7022,56804,14817,6676,8141,32808,8432,24376,9179,1619,7560,40,031,2023
"Creek County, Oklahoma",73332,72505,35775,8812,3919,4893,20708,2761,17947,6255,648,5607,36730,8956,5400,3556,20231,3617,16614,7543,521,7022,40,037,2023
"Muskogee County, Oklahoma",66677,63463,31592,8815,5492,3323,17793,3500,14293,4984,737,4247,31871,8206,5000,3206,17423,5005,12418,6242,1092,5150,40,101,2023
"Oklahoma County, Oklahoma",808866,795883,387904,110723,52621,58102,224844,24914,199930,52337,4150,48187,407979,104199,50367,53832,239665,39345,200320,64115,7157,56958,40,109,2023
"Payne County, Oklahoma",83352,82709,41234,8401,2738,5663,28072,3191,24881,4761,115,4646,41475,9897,2756,7141,25892,3670,22222,5686,167,5519,40,119,2023
"Pottawatomie County, Oklahoma",73791,71428,34729,9065,5383,3682,20042,4099,15943,5622,439,5183,36699,8972,5005,3967,20967,5590,15377,6760,477,6283,40,125,2023
"Rogers County, Oklahoma",100248,98947,48816,12523,4917,7606,28527,2894,25633,7766,378,7388,50131,12391,5787,6604,28331,4309,24022,9409,848,8561,40,131,2023
"Tulsa County, Oklahoma",682868,676451,330727,91255,42520,48735,194540,22337,172203,44932,3148,41784,345724,87457,41583,45874,200543,34932,165611,57724,5961,51763,40,143,2023
"Wagoner County, Oklahoma",89280,89030,44749,11849,3843,8006,25665,2082,23583,7235,831,6404,44281,10208,2988,7220,26049,3079,22970,8024,774,7250,40,145,2023
"Benton County, Oregon",97713,97551,48847,8492,1994,6498,31748,5405,26343,8607,416,8191,48704,8582,3223,5359,31153,6320,24833,8969,822,8147,41,003,2023
"Clackamas County, Oregon",423173,421158,207760,46405,12390,34015,122708,16806,105902,38647,3317,35330,213398,44781,9488,35293,122006,19767,102239,46611,4900,41711,41,005,2023
"Deschutes County, Oregon",208513,207901,102647,19636,6815,12821,62041,7925,54116,20970,3835,17135,105254,19792,6834,12958,62299,11539,50760,23163,3626,19537,41,017,2023
"Douglas County, Oregon",112435,111697,54275,10579,6823,3756,29407,6579,22828,14289,2637,11652,57422,11876,5779,6097,29567,10895,18672,15979,3741,12238,41,019,2023
"Jackson County, Oregon",220768,219687,106650,23097,11881,11216,59887,16086,43801,23666,3330,20336,113037,23562,12073,11489,61248,18443,42805,28227,3307,24920,41,029,2023
"Josephine County, Oregon",87821,86881,42494,9250,4490,4760,22590,6063,16527,10654,1950,8704,44387,7934,4169,3765,23486,7673,15813,12967,2926,10041,41,033,2023
"Klamath County, Oregon",70003,69505,35406,8798,6022,2776,19375,7042,12333,7233,826,6407,34099,7251,4239,3012,18834,8147,10687,8014,1792,6222,41,035,2023
"Lane County, Oregon",381181,379042,187136,36772,16488,20284,113733,25502,88231,36631,4737,31894,191906,35272,16982,18290,112623,31218,81405,44011,6565,37446,41,039,2023
"Linn County, Oregon",131496,130577,65021,15511,8187,7324,37731,7989,29742,11779,2203,9576,65556,14725,7441,7284,37266,11600,25666,13565,2762,10803,41,043,2023
"Marion County, Oregon",346741,340662,168014,43076,21061,22015,98943,15111,83832,25995,3376,22619,172648,41560,20500,21060,98912,25693,73219,32176,4239,27937,41,047,2023
"Multnomah County, Oregon",789698,784474,390608,74846,25360,49486,262125,48765,213360,53637,9630,44007,393866,69735,24176,45559,260174,56471,203703,63957,12257,51700,41,051,2023
"Polk County, Oregon",89805,88887,44221,11248,6040,5208,25613,6257,19356,7360,934,6426,44666,9357,5203,4154,26151,8360,17791,9158,2391,6767,41,053,2023
"Umatilla County, Oregon",80053,76775,37765,8992,5429,3563,22506,3628,18878,6267,1461,4806,39010,11378,6330,5048,20737,6780,13957,6895,1177,5718,41,059,2023
"Washington County, Oregon",598865,595144,298540,68911,22332,46579,189249,21028,168221,40380,4353,36027,296604,64691,20166,44525,181850,26697,155153,50063,5723,44340,41,067,2023
"Yamhill County, Oregon",108644,105851,52601,12224,4303,7921,30471,6116,24355,9906,1537,8369,53250,11765,4454,7311,30283,6127,24156,11202,2036,9166,41,071,2023
"Adams County, Pennsylvania",106748,105728,52282,11120,4065,7055,30348,3564,26784,10814,733,10081,53446,10804,4522,6282,29862,4893,24969,12780,1829,10951,42,001,2023
"Allegheny County, Pennsylvania",1224825,1213938,591911,124527,43268,81259,359002,42078,316924,108382,11403,96979,622027,118312,38356,79956,364205,59773,304432,139510,17790,121720,42,003,2023
"Armstrong County, Pennsylvania",64074,63461,31711,6634,3155,3479,17674,3095,14579,7403,1091,6312,31750,6013,2239,3774,17616,4169,13447,8121,1400,6721,42,005,2023
"Beaver County, Pennsylvania",165631,164454,81272,17204,6861,10343,47348,5697,41651,16720,1737,14983,83182,15509,5353,10156,46869,10632,36237,20804,3989,16815,42,007,2023
"Berks County, Pennsylvania",432821,428327,211793,51703,20701,31002,125096,18542,106554,34994,4078,30916,216534,48681,22002,26679,125673,26612,99061,42180,6069,36111,42,011,2023
"Blair County, Pennsylvania",120273,118333,58901,13433,6212,7221,34381,8024,26357,11087,1455,9632,59432,12079,5303,6776,33138,9364,23774,14215,2504,11711,42,013,2023
"Bucks County, Pennsylvania",645984,639827,317805,70759,19177,51582,185055,20107,164948,61991,5902,56089,322022,64492,14884,49608,185558,23488,162070,71972,7805,64167,42,017,2023
"Butler County, Pennsylvania",198413,196228,97659,20884,7578,13306,57755,6262,51493,19020,2989,16031,98569,20004,5763,14241,56449,8678,47771,22116,3538,18578,42,019,2023
"Cambria County, Pennsylvania",130668,128056,63204,14001,6860,7141,34998,7107,27891,14205,2247,11958,64852,12673,5592,7081,35235,9248,25987,16944,2854,14090,42,021,2023
"Carbon County, Pennsylvania",65458,64706,33069,6743,3088,3655,18999,3873,15126,7327,1019,6308,31637,5826,2569,3257,18229,4876,13353,7582,1696,5886,42,025,2023
"Centre County, Pennsylvania",157795,152220,77319,13697,3089,10608,51631,4092,47539,11991,1079,10912,74901,16350,2484,13866,45746,7004,38742,12805,1798,11007,42,027,2023
"Chester County, Pennsylvania",549784,545424,270046,64219,10826,53393,160312,11588,148724,45515,3106,42409,275378,63657,11752,51905,159072,15638,143434,52649,4608,48041,42,029,2023
"Clearfield County, Pennsylvania",77090,73081,36513,7739,2984,4755,21170,3872,17298,7604,1149,6455,36568,7334,2761,4573,19924,5628,14296,9310,1326,7984,42,033,2023
"Columbia County, Pennsylvania",65439,64791,31487,6201,1665,4536,19572,2506,17066,5714,442,5272,33304,6645,2055,4590,19541,2685,16856,7118,1125,5993,42,037,2023
"Crawford County, Pennsylvania",82001,79963,39832,8972,3457,5515,21943,3325,18618,8917,1257,7660,40131,8989,2697,6292,21617,4943,16674,9525,1346,8179,42,039,2023
"Cumberland County, Pennsylvania",270738,265492,130518,30741,6587,24154,77123,7451,69672,22654,2353,20301,134974,29669,7925,21744,77321,9681,67640,27984,3217,24767,42,041,2023
"Dauphin County, Pennsylvania",289234,285787,139193,34463,13637,20826,81528,11557,69971,23202,2388,20814,146594,32992,17169,15823,84412,16296,68116,29190,3663,25527,42,043,2023
"Delaware County, Pennsylvania",576720,570730,276011,69214,21978,47236,163196,26245,136951,43601,4850,38751,294719,66091,21206,44885,171468,29867,141601,57160,8290,48870,42,045,2023
"Erie County, Pennsylvania",267571,262930,131155,31089,16835,14254,75138,15288,59850,24928,3728,21200,131775,27442,12463,14979,75836,21255,54581,28497,4455,24042,42,049,2023
"Fayette County, Pennsylvania",123915,120784,59101,12565,7115,5450,33681,8824,24857,12855,1491,11364,61683,12206,6205,6001,34076,11799,22277,15401,3232,12169,42,051,2023
"Franklin County, Pennsylvania",157854,156829,77258,17773,6545,11228,44973,5781,39192,14512,1170,13342,79571,17860,5353,12507,44337,6918,37419,17374,1408,15966,42,055,2023
"Indiana County, Pennsylvania",83094,81382,40295,8623,4359,4264,23734,4784,18950,7938,1696,6242,41087,9097,3120,5977,23028,6299,16729,8962,2071,6891,42,063,2023
"Lackawanna County, Pennsylvania",216123,212592,104844,24912,11487,13425,60478,12206,48272,19454,3223,16231,107748,22808,13100,9708,60965,16381,44584,23975,4638,19337,42,069,2023
"Lancaster County, Pennsylvania",558589,551415,270897,68441,23865,44576,153679,17467,136212,48777,3578,45199,280518,66586,19764,46822,155186,25797,129389,58746,5829,52917,42,071,2023
"Lawrence County, Pennsylvania",84472,83474,40709,8747,3816,4931,23003,3806,19197,8959,1153,7806,42765,8616,3336,5280,23376,5678,17698,10773,1782,8991,42,073,2023
"Lebanon County, Pennsylvania",144252,142112,70356,17373,6745,10628,40059,5357,34702,12924,684,12240,71756,16402,5824,10578,39590,7615,31975,15764,1909,13855,42,075,2023
"Lehigh County, Pennsylvania",377754,373619,184092,44971,22932,22039,109509,17971,91538,29612,2793,26819,189527,43913,22331,21582,109430,26450,82980,36184,4953,31231,42,077,2023
"Luzerne County, Pennsylvania",327388,321172,158984,35543,20043,15500,94719,19390,75329,28722,3040,25682,162188,34258,19819,14439,92620,27091,65529,35310,4148,31162,42,079,2023
"Lycoming County, Pennsylvania",112724,109971,54825,12637,4986,7651,31967,5509,26458,10221,1136,9085,55146,11591,4491,7100,31216,7573,23643,12339,1324,11015,42,081,2023
"Mercer County, Pennsylvania",108503,105329,51810,11634,4874,6760,29200,4551,24649,10976,1736,9240,53519,10437,4605,5832,30007,7387,22620,13075,2590,10485,42,085,2023
"Monroe County, Pennsylvania",166053,165054,84193,18529,7432,11097,49636,9026,40610,16028,1906,14122,80861,15288,5400,9888,48312,10520,37792,17261,2128,15133,42,089,2023
"Montgomery County, Pennsylvania",868742,855748,417710,99710,24666,75044,245911,23284,222627,72089,5956,66133,438038,95763,22752,73011,251912,27954,223958,90363,8190,82173,42,091,2023
"Northampton County, Pennsylvania",319091,315329,156045,34545,12366,22179,92687,9766,82921,28813,2754,26059,159284,31942,10202,21740,91824,14404,77420,35518,4631,30887,42,095,2023
"Northumberland County, Pennsylvania",90120,87001,43690,9704,4807,4897,24678,5395,19283,9308,990,8318,43311,8869,4150,4719,24317,5671,18646,10125,999,9126,42,097,2023
"Philadelphia County, Pennsylvania",1550542,1538559,725279,175657,104403,71254,455088,99243,355845,94534,26433,68101,813280,172279,101218,71061,504616,149744,354872,136385,39820,96565,42,101,2023
"Schuylkill County, Pennsylvania",143786,137051,68754,14683,7823,6860,40481,6723,33758,13590,1728,11862,68297,14820,7386,7434,38000,9596,28404,15477,2171,13306,42,107,2023
"Somerset County, Pennsylvania",72197,68172,33929,6920,3129,3791,19297,3795,15502,7712,1035,6677,34243,6781,2775,4006,18695,4719,13976,8767,1186,7581,42,111,2023
"Washington County, Pennsylvania",210232,208029,102469,21584,8959,12625,59860,7184,52676,21025,1863,19162,105560,21647,9015,12632,59128,10889,48239,24785,2714,22071,42,125,2023
"Westmoreland County, Pennsylvania",351163,348212,172005,33952,13289,20663,98522,14671,83851,39531,3867,35664,176207,33179,12812,20367,96591,21153,75438,46437,5258,41179,42,129,2023
"York County, Pennsylvania",464640,460129,229083,54855,20950,33905,134139,16423,117716,40089,2885,37204,231046,52512,19173,33339,131710,25524,106186,46824,4557,42267,42,133,2023
"Kent County, Rhode Island",171278,169796,82004,16044,3486,12558,50686,7512,43174,15274,1912,13362,87792,15385,4116,11269,52178,9280,42898,20229,3310,16919,44,003,2023
"Newport County, Rhode Island",83832,80254,38483,7285,2043,5242,21158,3397,17761,10040,1119,8921,41771,6390,1453,4937,23511,4023,19488,11870,1161,10709,44,005,2023
"Providence County, Rhode Island",660615,651624,319657,71973,32938,39035,200063,41036,159027,47621,7866,39755,331967,71170,30583,40587,202273,50529,151744,58524,14076,44448,44,007,2023
"Washington County, Rhode Island",129982,128810,61607,10689,1971,8718,36951,3633,33318,13967,1178,12789,67203,11852,3169,8683,38502,5819,32683,16849,1256,15593,44,009,2023
"Aiken County, South Carolina",177130,175883,84840,20833,9836,10997,47725,3144,44581,16282,1409,14873,91043,19278,7759,11519,51579,7937,43642,20186,2310,17876,45,003,2023
"Anderson County, South Carolina",213076,211536,102218,25201,12155,13046,60037,5413,54624,16980,1967,15013,109318,24355,10360,13995,63345,10935,52410,21618,2492,19126,45,007,2023
"Beaufort County, South Carolina",198979,185946,87217,16773,5794,10979,43417,3686,39731,27027,1409,25618,98729,17257,4614,12643,50541,4196,46345,30931,2505,28426,45,013,2023
"Berkeley County, South Carolina",255217,248658,121137,32641,9362,23279,71486,5178,66308,17010,1594,15416,127521,30472,9188,21284,76063,7965,68098,20986,3255,17731,45,015,2023
"Charleston County, South Carolina",424367,418006,202276,44941,16569,28372,122835,9628,113207,34500,3698,30802,215730,42661,14077,28584,131426,13585,117841,41643,5179,36464,45,019,2023
"Dorchester County, South Carolina",169833,166208,80058,21999,9061,12938,46507,4890,41617,11552,965,10587,86150,21550,8559,12991,50240,8704,41536,14360,1696,12664,45,035,2023
"Florence County, South Carolina",137214,135628,61888,15766,8148,7618,35556,4205,31351,10566,1190,9376,73740,17595,9780,7815,42385,8153,34232,13760,2154,11606,45,041,2023
"Georgetown County, South Carolina",65731,65332,30951,5967,3011,2956,15510,1196,14314,9474,468,9006,34381,5677,2805,2872,17560,4444,13116,11144,1593,9551,45,043,2023
"Greenville County, South Carolina",558036,552699,266878,68241,24621,43620,157707,10237,147470,40930,4901,36029,285821,64949,21304,43645,168317,19962,148355,52555,6081,46474,45,045,2023
"Greenwood County, South Carolina",69460,68151,30578,7317,3241,4076,17541,1432,16109,5720,632,5088,37573,8758,4149,4609,21470,2924,18546,7345,1036,6309,45,047,2023
"Horry County, South Carolina",397478,395391,191333,37317,20432,16885,103119,12526,90593,50897,4548,46349,204058,35306,14506,20800,112325,19139,93186,56427,4487,51940,45,051,2023
"Kershaw County, South Carolina",69905,68960,34535,10003,4673,5330,18753,3159,15594,5779,319,5460,34425,7326,3554,3772,19697,3113,16584,7402,315,7087,45,055,2023
"Lancaster County, South Carolina",108215,106472,51437,12970,5139,7831,28524,2028,26496,9943,297,9646,55035,11751,3496,8255,30254,2785,27469,13030,731,12299,45,057,2023
"Laurens County, South Carolina",68873,68081,32761,7672,4880,2792,19183,2046,17137,5906,918,4988,35320,8073,4012,4061,20339,4069,16270,6908,1002,5906,45,059,2023
"Lexington County, South Carolina",309528,306829,148990,36406,14345,22061,88512,7239,81273,24072,2499,21573,157839,36709,15448,21261,91978,14124,77854,29152,3271,25881,45,063,2023
"Oconee County, South Carolina",81221,80649,39664,7901,4579,3322,21975,3232,18743,9788,1166,8622,40985,8540,4912,3628,22099,4731,17368,10346,1032,9314,45,073,2023
"Orangeburg County, South Carolina",82820,82094,37762,9499,6900,2599,20950,3862,17088,7313,1008,6305,44332,9702,6479,3223,24654,7172,17482,9976,2404,7572,45,075,2023
"Pickens County, South Carolina",135495,134427,66642,14617,5367,9250,40709,2927,37782,11316,1531,9785,67785,15208,6073,9135,39396,5882,33514,13181,1698,11483,45,077,2023
"Richland County, South Carolina",425138,408155,191007,50731,22230,28501,114670,12660,102010,25606,3558,22048,217148,49428,19691,29737,133763,23087,110676,33957,5896,28061,45,079,2023
"Spartanburg County, South Carolina",356698,352824,171926,45052,22410,22642,101181,10801,90380,25693,2454,23239,180898,43245,21304,21941,106226,19095,87131,31427,4124,27303,45,083,2023
"Sumter County, South Carolina",104165,97479,44646,13415,5213,8202,23479,4388,19091,7752,1210,6542,52833,12811,6726,6085,29676,7399,22277,10346,2497,7849,45,085,2023
"York County, South Carolina",298320,296896,143187,36839,10033,26806,85789,6886,78903,20559,2489,18070,153709,38010,11348,26662,90237,8608,81629,25462,2768,22694,45,091,2023
"Lincoln County, South Dakota",73238,72966,35769,10243,1302,8941,20578,343,20235,4948,745,4203,37197,9997,1019,8978,21152,712,20440,6048,896,5152,46,083,2023
"Minnehaha County, South Dakota",206930,203033,104833,29787,7327,22460,61775,2967,58808,13271,1194,12077,98200,25125,5479,19646,57360,4667,52693,15715,2418,13297,46,099,2023
"Pennington County, South Dakota",115903,112628,56625,13734,4125,9609,32052,1967,30085,10839,855,9984,56003,12910,3382,9528,31105,3873,27232,11988,994,10994,46,103,2023
"Anderson County, Tennessee",80234,79409,38990,8815,4682,4133,22974,3398,19576,7201,1610,5591,40419,8799,4767,4032,22867,4659,18208,8753,1621,7132,47,001,2023
"Blount County, Tennessee",141456,140324,68177,14800,3484,11316,39799,3943,35856,13578,812,12766,72147,14675,5886,8789,41155,5684,35471,16317,1074,15243,47,009,2023
"Bradley County, Tennessee",111579,110524,53926,13006,7298,5708,32301,3181,29120,8619,1236,7383,56598,12503,5655,6848,33503,5638,27865,10592,1520,9072,47,011,2023
"Davidson County, Tennessee",712334,707932,341493,77546,35569,41977,223885,12714,211171,40062,4293,35769,366439,75725,30964,44761,237611,23254,214357,53103,7804,45299,47,037,2023
"Greene County, Tennessee",72577,71877,36474,7308,3956,3352,21671,3687,17984,7495,675,6820,35403,6648,2739,3909,20287,5834,14453,8468,1847,6621,47,059,2023
"Hamblen County, Tennessee",66216,65851,31602,7776,5454,2322,18082,1385,16697,5744,1009,4735,34249,7570,4265,3305,19515,4798,14717,7164,619,6545,47,063,2023
"Hamilton County, Tennessee",379864,376482,183113,43047,15992,27055,108706,7549,101157,31360,3107,28253,193369,40922,14496,26426,113746,13325,100421,38701,4335,34366,47,065,2023
"Knox County, Tennessee",500669,497092,245652,58276,18193,40083,151127,11694,139433,36249,3163,33086,251440,52738,19229,33509,153781,17489,136292,44921,4626,40295,47,093,2023
"Madison County, Tennessee",99193,97399,46500,12392,4934,7458,26269,4151,22118,7839,610,7229,50899,11030,3742,7288,29838,6783,23055,10031,1734,8297,47,113,2023
"Maury County, Tennessee",110760,109620,53927,14207,4969,9238,31238,2052,29186,8482,718,7764,55693,12346,5227,7119,32798,7223,25575,10549,1033,9516,47,119,2023
"Montgomery County, Tennessee",239872,225695,110370,35087,13679,21408,64673,7552,57121,10610,1766,8844,115325,30627,9732,20895,71165,9246,61919,13533,1874,11659,47,125,2023
"Putnam County, Tennessee",83844,83178,40932,9610,2298,7312,25297,3100,22197,6025,621,5404,42246,9829,5615,4214,24802,3780,21022,7615,912,6703,47,141,2023
"Robertson County, Tennessee",76776,76055,37344,9650,2512,7138,22299,1300,20999,5395,581,4814,38711,9532,2373,7159,23066,2481,20585,6113,803,5310,47,147,2023
"Rutherford County, Tennessee",367101,365642,178482,47598,18420,29178,112392,7240,105152,18492,1665,16827,187160,47166,18169,28997,116795,11584,105211,23199,2745,20454,47,149,2023
"Sevier County, Tennessee",99415,98880,48125,10602,5112,5490,27705,2768,24937,9818,1070,8748,50755,10649,5761,4888,29165,3619,25546,10941,1438,9503,47,155,2023
"Shelby County, Tennessee",910042,898922,422450,122012,56437,65575,243317,25502,217815,57121,9678,47443,476472,119070,54642,64428,278832,52766,226066,78570,14325,64245,47,157,2023
"Sullivan County, Tennessee",162135,160390,79004,16879,8007,8872,45798,6557,39241,16327,1636,14691,81386,15237,6226,9011,46671,9279,37392,19478,3030,16448,47,163,2023
"Sumner County, Tennessee",207994,206344,101562,26235,10588,15647,60284,4960,55324,15043,1355,13688,104782,23304,9513,13791,62615,7697,54918,18863,1926,16937,47,165,2023
"Washington County, Tennessee",138420,136951,67391,13950,5430,8520,41271,4660,36611,12170,1624,10546,69560,13089,5042,8047,42515,6472,36043,13956,1530,12426,47,179,2023
"Williamson County, Tennessee",264460,263489,129989,36658,5595,31063,74662,3014,71648,18669,788,17881,133500,34488,4630,29858,77386,4256,73130,21626,1425,20201,47,187,2023
"Wilson County, Tennessee",163674,162311,80092,20164,4582,15582,48071,3298,44773,11857,1216,10641,82219,19287,3222,16065,48586,4212,44374,14346,1105,13241,47,189,2023
"Angelina County, Texas",87319,85245,40843,11701,6866,4835,23114,2091,21023,6028,1260,4768,44402,11336,5541,5795,25176,4205,20971,7890,878,7012,48,005,2023
"Bastrop County, Texas",110778,107477,53247,14867,5909,8958,30258,822,29436,8122,375,7747,54230,15554,4381,11173,29889,2539,27350,8787,561,8226,48,021,2023
"Bell County, Texas",393193,369179,177018,56462,16463,39999,99004,8111,90893,21552,2873,18679,192161,55540,19308,36232,111500,11685,99815,25121,2567,22554,48,027,2023
"Bexar County, Texas",2087679,2039207,1000929,273103,111855,161248,609727,47608,562119,118099,17578,100521,1038278,263564,107054,156510,625150,74305,550845,149564,23114,126450,48,029,2023
"Bowie County, Texas",91687,86415,40656,11441,5034,6407,22472,2189,20283,6743,1235,5508,45759,11297,5497,5800,25286,3958,21328,9176,1178,7998,48,037,2023
"Brazoria County, Texas",398938,384879,187987,54793,17072,37721,109974,5631,104343,23220,2460,20760,196892,51254,15548,35706,118365,10466,107899,27273,3498,23775,48,039,2023
"Brazos County, Texas",244703,241441,121231,29593,11740,17853,80275,4071,76204,11363,1858,9505,120210,28198,10732,17466,77830,6985,70845,14182,1225,12957,48,041,2023
"Cameron County, Texas",426710,423351,208019,64899,36037,28862,116281,9115,107166,26839,6884,19955,215332,61073,37359,23714,120265,14737,105528,33994,10767,23227,48,061,2023
"Collin County, Texas",1195359,1191305,593410,158806,23900,134906,371733,10941,360792,62871,4454,58417,597895,151377,24452,126925,369418,17587,351831,77100,5445,71655,48,085,2023
"Comal County, Texas",193928,191639,94681,21291,5103,16188,56154,3599,52555,17236,1570,15666,96958,22502,6576,15926,55486,2733,52753,18970,2312,16658,48,091,2023
"Coryell County, Texas",84878,64270,27316,8926,2738,6188,14297,1776,12521,4093,842,3251,36954,9675,3917,5758,22029,3091,18938,5250,598,4652,48,099,2023
"Dallas County, Texas",2606358,2587702,1278807,346709,132969,213740,793504,46325,747179,138594,18941,119653,1308895,332250,131258,200992,803348,74122,729226,173297,27493,145804,48,113,2023
"Denton County, Texas",1007703,1003982,496588,125204,18830,106374,318257,10552,307705,53127,4662,48465,507394,120025,18920,101105,321722,14742,306980,65647,5515,60132,48,121,2023
"Ector County, Texas",164494,162937,84525,27961,7293,20668,49181,2417,46764,7383,1142,6241,78412,23843,6176,17667,45471,3204,42267,9098,1205,7893,48,135,2023
"Ellis County, Texas",222829,221363,109187,31653,9788,21865,64558,3580,60978,12976,2618,10358,112176,29587,7841,21746,66952,4535,62417,15637,1832,13805,48,139,2023
"El Paso County, Texas",869880,844930,412517,121653,54185,67468,241552,20765,220787,49312,9684,39628,432413,114058,50907,63151,252752,29013,223739,65603,17463,48140,48,141,2023
"Fort Bend County, Texas",916778,910764,446113,127862,22253,105609,263817,11136,252681,54434,6831,47603,464651,125131,24482,100649,276396,15515,260881,63124,8645,54479,48,157,2023
"Galveston County, Texas",361744,357477,174845,44550,10513,34037,103528,6555,96973,26767,2764,24003,182632,44103,12953,31150,107822,8758,99064,30707,3314,27393,48,167,2023
"Grayson County, Texas",146907,145545,70235,18803,5579,13224,40230,1983,38247,11202,637,10565,75310,19068,4619,14449,42332,3712,38620,13910,867,13043,48,181,2023
"Gregg County, Texas",126243,124258,60393,17338,7797,9541,34042,2351,31691,9013,633,8380,63865,17557,7133,10424,35899,4455,31444,10409,944,9465,48,183,2023
"Guadalupe County, Texas",188454,185624,91702,23844,6858,16986,55021,1711,53310,12837,269,12568,93922,22056,4876,17180,56445,4329,52116,15421,1280,14141,48,187,2023
"Harris County, Texas",4835125,4806260,2379408,663970,273634,390336,1454641,94800,1359841,260797,33677,227120,2426852,638342,267186,371156,1471958,157413,1314545,316552,50344,266208,48,201,2023
"Harrison County, Texas",70895,70388,34344,8785,3027,5758,19812,2683,17129,5747,386,5361,36044,8460,3195,5265,20536,3779,16757,7048,1597,5451,48,203,2023
"Hays County, Texas",280486,278409,138744,34358,7626,26732,88329,3037,85292,16057,814,15243,139665,32074,4861,27213,88756,4905,83851,18835,1096,17739,48,209,2023
"Henderson County, Texas",86158,85310,41144,9478,5221,4257,22631,2907,19724,9035,988,8047,44166,9593,4799,4794,23728,2880,20848,10845,1823,9022,48,213,2023
"Hidalgo County, Texas",898471,891334,438500,146308,94452,51856,245598,20775,224823,46594,12731,33863,452834,142819,85221,57598,252205,34752,217453,57810,18452,39358,48,215,2023
"Hood County, Texas",67774,67034,32718,8234,3234,5000,16618,601,16017,7866,824,7042,34316,6149,1452,4697,18594,1343,17251,9573,443,9130,48,221,2023
"Hunt County, Texas",113347,112669,55255,14844,4732,10112,32200,2166,30034,8211,387,7824,57414,14943,4539,10404,33473,3079,30394,8998,1349,7649,48,231,2023
"Jefferson County, Texas",251496,238209,118229,33681,18300,15381,67586,5471,62115,16962,1558,15404,119980,30511,16615,13896,67821,8586,59235,21648,4015,17633,48,245,2023
"Johnson County, Texas",202906,200410,100244,28909,9212,19697,58621,3471,55150,12714,595,12119,100166,26250,7381,18869,58538,4580,53958,15378,1502,13876,48,251,2023
"Kaufman County, Texas",185690,184508,91020,29647,10243,19404,52884,3637,49247,8489,375,8114,93488,26359,8176,18183,56656,4924,51732,10473,1275,9198,48,257,2023
"Liberty County, Texas",108272,102920,50957,17495,6995,10500,27554,2649,24905,5908,570,5338,51963,17141,5657,11484,28261,3183,25078,6561,497,6064,48,291,2023
"Lubbock County, Texas",320940,315924,154992,41603,15972,25631,94430,7453,86977,18959,2195,16764,160932,39859,13775,26084,97521,11690,85831,23552,2791,20761,48,303,2023
"McLennan County, Texas",268583,265613,130124,35425,11853,23572,76688,6054,70634,18011,2963,15048,135489,33096,12266,20830,79792,7802,71990,22601,3128,19473,48,309,2023
"Midland County, Texas",177108,175750,88994,26314,6766,19548,54176,2580,51596,8504,1802,6702,86756,25448,7910,17538,50713,4925,45788,10595,1338,9257,48,329,2023
"Montgomery County, Texas",711354,707725,351276,97328,26007,71321,208324,8818,199506,45624,2802,42822,356449,94403,23491,70912,208711,14611,194100,53335,5492,47843,48,339,2023
"Nacogdoches County, Texas",65375,64674,31570,9014,3851,5163,17943,1171,16772,4613,409,4204,33104,8728,4008,4720,18601,2730,15871,5775,1051,4724,48,347,2023
"Nueces County, Texas",352289,347695,171424,45577,19314,26263,100896,11162,89734,24951,3222,21729,176271,42522,20233,22289,102241,13186,89055,31508,5953,25555,48,355,2023
"Orange County, Texas",85722,85190,41062,11394,5228,6166,23187,1926,21261,6481,330,6151,44128,11835,5278,6557,24516,3753,20763,7777,947,6830,48,361,2023
"Parker County, Texas",173494,171620,84873,22251,4647,17604,50026,2146,47880,12596,1076,11520,86747,22370,7125,15245,49861,4297,45564,14516,1521,12995,48,367,2023
"Potter County, Texas",114647,109352,53305,15917,6800,9117,30140,3477,26663,7248,847,6401,56047,13138,4445,8693,34724,5274,29450,8185,1193,6992,48,375,2023
"Randall County, Texas",148255,147307,72609,18891,4402,14489,43112,2799,40313,10606,1933,8673,74698,18302,4895,13407,43771,3468,40303,12625,1165,11460,48,381,2023
"Rockwall County, Texas",131307,130651,64607,18462,2969,15493,38582,1263,37319,7563,678,6885,66044,18591,2482,16109,38602,1685,36917,8851,1040,7811,48,397,2023
"San Patricio County, Texas",70660,70031,36137,10092,3598,6494,21052,571,20481,4993,439,4554,33894,8892,2348,6544,19401,1500,17901,5601,893,4708,48,409,2023
"Smith County, Texas",245209,242571,117309,31227,11875,19352,67313,6904,60409,18769,1518,17251,125262,30987,11126,19861,70604,8104,62500,23671,2191,21480,48,423,2023
"Starr County, Texas",65934,65444,31714,11264,6907,4357,17131,1464,15667,3319,1497,1822,33730,11213,6817,4396,18447,2929,15518,4070,2335,1735,48,427,2023
"Tarrant County, Texas",2182947,2165561,1060347,292948,97849,195099,647181,33352,613829,120218,12849,107369,1105214,282543,95235,187308,672378,55133,617245,150293,16612,133681,48,439,2023
"Taylor County, Texas",146836,140413,67835,19756,6454,13302,38223,2339,35884,9856,1013,8843,72578,18561,4894,13667,41297,3962,37335,12720,1263,11457,48,441,2023
"Tom Green County, Texas",119057,114957,56649,14889,5482,9407,32339,2353,29986,9421,1060,8361,58308,14209,5960,8249,33239,3996,29243,10860,1519,9341,48,451,2023
"Travis County, Texas",1334961,1327236,678153,143929,33413,110516,464584,24240,440344,69640,6815,62825,649083,136174,33972,102202,432049,29394,402655,80860,6278,74582,48,453,2023
"Victoria County, Texas",91664,90716,44320,12489,4957,7532,24932,966,23966,6899,518,6381,46396,12376,3808,8568,25366,2379,22987,8654,1085,7569,48,469,2023
"Walker County, Texas",81268,66506,32894,7709,3871,3838,20813,1741,19072,4372,601,3771,33612,6525,3655,2870,21188,1884,19304,5899,794,5105,48,471,2023
"Webb County, Texas",269148,267380,132248,44277,27362,16915,75278,7142,68136,12693,2674,10019,135132,43475,25391,18084,75804,11170,64634,15853,4606,11247,48,479,2023
"Wichita County, Texas",130180,119347,57875,16599,6992,9607,32823,2112,30711,8453,684,7769,61472,15344,7149,8195,35394,4038,31356,10734,1855,8879,48,485,2023
"Williamson County, Texas",697191,692693,346893,89755,11787,77968,216845,9055,207790,40293,1915,38378,345800,82633,16733,65900,213849,11148,202701,49318,3696,45622,48,491,2023
"Wise County, Texas",78097,76588,37968,9805,3407,6398,22222,1563,20659,5941,638,5303,38620,9572,2987,6585,22584,2149,20435,6464,998,5466,48,497,2023
"Cache County, Utah",142393,141736,69682,21181,3346,17835,41810,2991,38819,6691,604,6087,72054,23118,3501,19617,41317,3538,37779,7619,574,7045,49,005,2023
"Davis County, Utah",373207,368844,185378,59801,6974,52827,106244,5547,100697,19333,925,18408,183466,55365,5556,49809,105377,6608,98769,22724,1620,21104,49,011,2023
"Salt Lake County, Utah",1185813,1179390,595946,158130,30744,127386,371164,27490,343674,66652,6225,60427,583444,150466,28186,122280,356298,29838,326460,76680,8562,68118,49,035,2023
"Tooele County, Utah",82051,81483,42266,15426,2907,12519,23260,1540,21720,3580,345,3235,39217,12054,1831,10223,22884,3025,19859,4279,532,3747,49,045,2023
"Utah County, Utah",719174,715654,362240,122551,18630,103921,212671,14493,198178,27018,2258,24760,353414,118909,16937,101972,203700,16395,187305,30805,3712,27093,49,049,2023
"Washington County, Utah",202452,201457,100447,26700,6864,19836,51805,5274,46531,21942,1559,20383,101010,25010,5326,19684,52859,6929,45930,23141,2276,20865,49,053,2023
"Weber County, Utah",271926,267835,134780,37820,7513,30307,81752,5234,76518,15208,1301,13907,133055,35913,5789,30124,79009,7593,71416,18133,2829,15304,49,057,2023
"Chittenden County, Vermont",169481,168611,82520,16627,3206,13421,52989,5816,47173,12904,1248,11656,86091,16480,3643,12837,53827,6742,47085,15784,1741,14043,50,007,2023
"Albemarle County, Virginia",115676,114120,54775,12807,2376,10431,31575,2529,29046,10393,369,10024,59345,12658,3658,9000,33475,4011,29464,13212,562,12650,51,003,2023
"Arlington County, Virginia",234162,230037,114566,22371,4134,18237,79070,4869,74201,13125,1102,12023,115471,21310,2766,18544,78867,3336,75531,15294,1583,13711,51,013,2023
"Augusta County, Virginia",78247,75518,37933,8136,2701,5435,21382,2422,18960,8415,566,7849,37585,7311,1555,5756,20441,2496,17945,9833,1058,8775,51,015,2023
"Bedford County, Virginia",81525,81157,39910,8081,2557,5524,22577,3507,19070,9252,395,8857,41247,8118,2310,5808,23287,4631,18656,9842,1179,8663,51,019,2023
"Chesterfield County, Virginia",383876,381064,184066,48625,11063,37562,107882,11963,95919,27559,1913,25646,196998,46735,11328,35407,115995,16395,99600,34268,2311,31957,51,041,2023
"Fairfax County, Virginia",1141878,1126823,559027,140641,22439,118202,336655,22413,314242,81731,5111,76620,567796,132502,25444,107058,341290,31095,310195,94004,9026,84978,51,059,2023
"Fauquier County, Virginia",75165,74933,37450,9600,2118,7482,21537,1867,19670,6313,366,5947,37483,8239,2346,5893,22537,2004,20533,6707,305,6402,51,061,2023
"Frederick County, Virginia",95994,94701,47919,12081,4354,7727,26961,1953,25008,8877,361,8516,46782,9960,2245,7715,26636,4421,22215,10186,556,9630,51,069,2023
"Hanover County, Virginia",114148,112898,55643,13435,2203,11232,32445,2390,30055,9763,520,9243,57255,12820,2071,10749,32530,3323,29207,11905,748,11157,51,085,2023
"Henrico County, Virginia",334760,331555,159544,39774,11428,28346,95505,11138,84367,24265,2386,21879,172011,35380,10044,25336,103249,16839,86410,33382,3619,29763,51,087,2023
"James City County, Virginia",82654,80514,39051,9050,3074,5976,19625,2209,17416,10376,501,9875,41463,7282,2188,5094,22402,3805,18597,11779,543,11236,51,095,2023
"Loudoun County, Virginia",436347,434275,217249,62103,6809,55294,132798,6674,126124,22348,1420,20928,217026,59120,6725,52395,131196,8187,123009,26710,2283,24427,51,107,2023
"Montgomery County, Virginia",98666,98061,50857,10403,2009,8394,34045,2772,31273,6409,91,6318,47204,9668,2480,7188,30009,3722,26287,7527,430,7097,51,121,2023
"Prince William County, Virginia",489640,480881,238837,69612,19753,49859,143008,14557,128451,26217,2460,23757,242044,65607,19580,46027,145525,16579,128946,30912,3193,27719,51,153,2023
"Roanoke County, Virginia",97026,95674,46101,10183,4058,6125,26900,2904,23996,9018,225,8793,49573,9664,3291,6373,27902,6139,21763,12007,844,11163,51,161,2023
"Rockingham County, Virginia",86568,86211,42049,10731,3305,7426,23351,2982,20369,7967,823,7144,44162,9652,2360,7292,24941,3551,21390,9569,784,8785,51,165,2023
"Spotsylvania County, Virginia",149588,148400,73293,19231,5246,13985,43405,3104,40301,10657,230,10427,75107,18367,3935,14432,44106,6406,37700,12634,396,12238,51,177,2023
"Stafford County, Virginia",165428,158826,79028,25171,5162,20009,45321,2541,42780,8536,1056,7480,79798,20086,2804,17282,49367,4502,44865,10345,680,9665,51,179,2023
"York County, Virginia",70952,65407,30304,8549,2179,6370,16108,2019,14089,5647,241,5406,35103,8376,1247,7129,19485,2392,17093,7242,511,6731,51,199,2023
"Alexandria city, Virginia",155230,149211,71410,14985,4986,9999,47114,3727,43387,9311,689,8622,77801,13741,4200,9541,52761,3929,48832,11299,1424,9875,51,510,2023
"Chesapeake city, Virginia",253886,242538,115917,33465,9766,23699,65934,7310,58624,16518,2430,14088,126621,31506,10232,21274,74209,10595,63614,20906,1426,19480,51,550,2023
"Hampton city, Virginia",137098,130336,60464,16378,8380,7998,34493,6837,27656,9593,978,8615,69872,15306,8465,6841,41377,11638,29739,13189,1654,11535,51,650,2023
"Lynchburg city, Virginia",79535,78362,36426,7606,3958,3648,24524,3584,20940,4296,488,3808,41936,9511,4468,5043,26182,5111,21071,6243,638,5605,51,680,2023
"Newport News city, Virginia",183118,174663,80591,21388,8954,12434,48340,6987,41353,10863,1655,9208,94072,23338,12033,11305,55665,13635,42030,15069,1991,13078,51,700,2023
"Norfolk city, Virginia",230930,208137,98850,25696,10375,15321,60069,12674,47395,13085,2092,10993,109287,25129,10937,14192,66121,16318,49803,18037,3739,14298,51,710,2023
"Portsmouth city, Virginia",96793,92361,43272,12218,6472,5746,24995,5158,19837,6059,1033,5026,49089,10546,6977,3569,30071,8017,22054,8472,1146,7326,51,740,2023
"Richmond city, Virginia",229247,227068,104729,21954,10502,11452,69035,8129,60906,13740,1911,11829,122339,23147,11553,11594,79748,13194,66554,19444,3083,16361,51,760,2023
"Roanoke city, Virginia",97171,95418,44822,11229,6624,4605,27289,5851,21438,6304,967,5337,50596,11633,6704,4929,29472,9212,20260,9491,1085,8406,51,770,2023
"Suffolk city, Virginia",100659,96131,45724,11961,2221,9740,26920,2832,24088,6843,837,6006,50407,12545,3488,9057,29268,4688,24580,8594,1093,7501,51,800,2023
"Virginia Beach city, Virginia",453649,429364,203173,53406,13541,39865,117875,11557,106318,31892,1888,30004,226191,50511,13568,36943,133767,19085,114682,41913,3344,38569,51,810,2023
"Benton County, Washington",215219,214103,108364,31069,15319,15750,61483,11023,50460,15812,2318,13494,105739,27380,11958,15422,59842,12878,46964,18517,1902,16615,53,005,2023
"Chelan County, Washington",79997,79228,40304,9399,4435,4964,22716,3754,18962,8189,913,7276,38924,9064,4219,4845,21029,3007,18022,8831,691,8140,53,007,2023
"Clallam County, Washington",77616,76253,36936,6191,3656,2535,19063,4471,14592,11682,1165,10517,39317,6284,3675,2609,19944,5730,14214,13089,1387,11702,53,009,2023
"Clark County, Washington",521150,517539,256790,63735,23151,40584,152400,19583,132817,40655,3368,37287,260749,59040,20848,38192,154222,27121,127101,47487,6015,41472,53,011,2023
"Cowlitz County, Washington",112864,112338,55238,13724,6896,6828,31110,4772,26338,10404,1170,9234,57100,12813,6064,6749,32860,9217,23643,11427,1642,9785,53,015,2023
"Franklin County, Washington",99034,96084,47724,15946,7113,8833,26703,5015,21688,5075,1113,3962,48360,16125,8690,7435,26796,7142,19654,5439,1014,4425,53,021,2023
"Grant County, Washington",102678,102202,52425,15878,10382,5496,29388,5795,23593,7159,876,6283,49777,14551,9717,4834,27346,9978,17368,7880,827,7053,53,025,2023
"Grays Harbor County, Washington",77290,75252,37710,8425,5568,2857,20568,6136,14432,8717,1547,7170,37542,7963,4708,3255,20020,5200,14820,9559,1671,7888,53,027,2023
"Island County, Washington",86267,79825,38695,8729,3621,5108,18647,2565,16082,11319,1077,10242,41130,7719,2125,5594,20213,3354,16859,13198,880,12318,53,029,2023
"King County, Washington",2271380,2257111,1142842,234873,60767,174106,760848,76395,684453,147121,14651,132470,1114269,225433,65199,160234,712572,89977,622595,176264,23481,152783,53,033,2023
"Kitsap County, Washington",277658,264018,131364,28760,7953,20807,76933,10634,66299,25671,2475,23196,132654,26293,7324,18969,76577,14293,62284,29784,2959,26825,53,035,2023
"Lewis County, Washington",86154,85542,42602,10134,6279,3855,23533,5223,18310,8935,794,8141,42940,10076,5843,4233,23367,6622,16745,9497,1450,8047,53,041,2023
"Mason County, Washington",68389,66424,32267,6374,3211,3163,17748,4306,13442,8145,906,7239,34157,7597,3577,4020,17590,4309,13281,8970,1699,7271,53,045,2023
"Pierce County, Washington",928696,895884,439411,113318,44481,68837,263502,37867,225635,62591,8010,54581,456473,108535,43677,64858,271787,52117,219670,76151,10239,65912,53,053,2023
"Skagit County, Washington",131417,130025,65245,15325,4843,10482,35476,4759,30717,14444,1317,13127,64780,13319,5309,8010,35399,6763,28636,16062,1687,14375,53,057,2023
"Snohomish County, Washington",844761,836683,421585,99966,31699,68267,263508,25506,238002,58111,6410,51701,415098,93806,33157,60649,252699,36498,216201,68593,12568,56025,53,061,2023
"Spokane County, Washington",551455,542097,269769,64745,27232,37513,161546,35365,126181,43478,5230,38248,272328,59841,24544,35297,160483,41720,118763,52004,7516,44488,53,063,2023
"Thurston County, Washington",299003,292140,141654,33886,11291,22595,82640,13415,69225,25128,3208,21920,150486,30907,10354,20553,87823,17434,70389,31756,3523,28233,53,067,2023
"Whatcom County, Washington",231919,230334,113407,23501,9617,13884,69550,13000,56550,20356,2572,17784,116927,21796,9543,12253,71723,16262,55461,23408,2408,21000,53,073,2023
"Yakima County, Washington",256643,254231,127497,39032,26993,12039,71354,14869,56485,17111,2411,14700,126734,38215,27301,10914,68551,20242,48309,19968,3347,16621,53,077,2023
"Berkeley County, West Virginia",132440,130975,65188,16333,5650,10683,39449,6322,33127,9406,739,8667,65787,15630,6246,9384,39397,8835,30562,10760,1612,9148,54,003,2023
"Cabell County, West Virginia",92082,90161,43782,10296,5515,4781,25507,5774,19733,7979,847,7132,46379,9637,4739,4898,26889,6598,20291,9853,1869,7984,54,011,2023
"Harrison County, West Virginia",64639,64082,31493,7181,2195,4986,18510,3567,14943,5802,494,5308,32589,6952,2722,4230,18527,5441,13086,7110,745,6365,54,033,2023
"Kanawha County, West Virginia",174805,172965,85009,20039,7759,12280,47650,10524,37126,17320,2139,15181,87956,16103,6211,9892,49896,13613,36283,21957,2861,19096,54,039,2023
"Monongalia County, West Virginia",107718,106747,55146,10949,3103,7846,37599,6827,30772,6598,203,6395,51601,10225,2724,7501,33417,6023,27394,7959,1032,6927,54,061,2023
"Raleigh County, West Virginia",72356,69301,33111,7515,3588,3927,18118,4823,13295,7478,816,6662,36190,8485,4720,3765,19413,6356,13057,8292,1518,6774,54,081,2023
"Wood County, West Virginia",83052,81954,40262,9201,3640,5561,22753,3910,18843,8308,1177,7131,41692,9174,3691,5483,22948,6472,16476,9570,1403,8167,54,107,2023
"Brown County, Wisconsin",271417,268936,132667,33566,12824,20742,78664,10997,67667,20437,2362,18075,136269,32234,12070,20164,78773,14746,64027,25262,3014,22248,55,009,2023
"Chippewa County, Wisconsin",66970,64390,32104,7547,2494,5053,18373,1988,16385,6184,525,5659,32286,7609,3069,4540,17700,3376,14324,6977,955,6022,55,017,2023
"Dane County, Wisconsin",575347,572145,288148,64806,12549,52257,183661,15728,167933,39681,3079,36602,283997,57588,12373,45215,179436,17735,161701,46973,5130,41843,55,025,2023
"Dodge County, Wisconsin",88231,83332,42667,9644,2710,6934,24999,2762,22237,8024,796,7228,40665,8090,2055,6035,24181,3412,20769,8394,1060,7334,55,027,2023
"Eau Claire County, Wisconsin",107903,107148,53219,12259,4068,8191,32666,4366,28300,8294,840,7454,53929,10749,3717,7032,33472,6559,26913,9708,1746,7962,55,035,2023
"Fond du Lac County, Wisconsin",103948,102308,51575,11128,2460,8668,30369,4165,26204,10078,970,9108,50733,10938,2914,8024,28575,5296,23279,11220,1174,10046,55,039,2023
"Jefferson County, Wisconsin",85743,85450,42851,9500,3188,6312,25637,2546,23091,7714,691,7023,42599,9028,2971,6057,24979,4536,20443,8592,762,7830,55,055,2023
"Kenosha County, Wisconsin",167488,166106,81300,19392,7613,11779,48892,5099,43793,13016,1195,11821,84806,18803,7867,10936,51062,8707,42355,14941,1769,13172,55,059,2023
"La Crosse County, Wisconsin",120486,119477,58946,12779,3573,9206,35804,4190,31614,10363,1741,8622,60531,12584,3648,8936,36620,4046,32574,11327,1188,10139,55,063,2023
"Manitowoc County, Wisconsin",81331,80661,39897,7909,2605,5304,23246,2275,20971,8742,1151,7591,40764,9037,4046,4991,22155,4318,17837,9572,1681,7891,55,071,2023
"Marathon County, Wisconsin",138612,137679,68637,16356,5323,11033,39966,5148,34818,12315,971,11344,69042,16104,5507,10597,38881,6138,32743,14057,1575,12482,55,073,2023
"Milwaukee County, Wisconsin",916205,910116,441071,115961,58111,57850,265026,50454,214572,60084,8412,51672,469045,112160,56937,55223,280871,72262,208609,76014,15295,60719,55,079,2023
"Outagamie County, Wisconsin",193234,191996,96029,23582,6297,17285,57342,5295,52047,15105,1292,13813,95967,22994,6293,16701,55120,7691,47429,17853,2575,15278,55,087,2023
"Ozaukee County, Wisconsin",93460,92976,46024,11142,1135,10007,25560,2409,23151,9322,759,8563,46952,9577,489,9088,26180,2004,24176,11195,1261,9934,55,089,2023
"Portage County, Wisconsin",71024,70792,35801,7954,2774,5180,21540,2062,19478,6307,563,5744,34991,6994,2294,4700,21166,3907,17259,6831,699,6132,55,097,2023
"Racine County, Wisconsin",196613,192824,94739,22984,10329,12655,55389,7300,48089,16366,1719,14647,98085,22251,10659,11592,56751,11932,44819,19083,2867,16216,55,101,2023
"Rock County, Wisconsin",164278,163310,81979,19974,7783,12191,48170,7075,41095,13835,1515,12320,81331,18239,7449,10790,46813,10123,36690,16279,1547,14732,55,105,2023
"St. Croix County, Wisconsin",96763,96056,47620,11725,2153,9572,28679,1562,27117,7216,607,6609,48436,11737,2241,9496,28413,2765,25648,8286,837,7449,55,109,2023
"Sauk County, Wisconsin",65920,65512,32771,7604,1977,5627,18918,2262,16656,6249,411,5838,32741,7242,2429,4813,18525,2401,16124,6974,950,6024,55,111,2023
"Sheboygan County, Wisconsin",117752,115384,57593,13275,5297,7978,33607,3682,29925,10711,920,9791,57791,12396,3891,8505,32902,5310,27592,12493,1167,11326,55,117,2023
"Walworth County, Wisconsin",105822,105110,53434,11457,3702,7755,31474,2899,28575,10503,849,9654,51676,10704,3475,7229,30191,5390,24801,10781,982,9799,55,127,2023
"Washington County, Wisconsin",138168,137604,67849,14593,2165,12428,39855,2461,37394,13401,971,12430,69755,15834,3540,12294,38778,3468,35310,15143,1092,14051,55,131,2023
"Waukesha County, Wisconsin",412591,410866,203438,46344,6121,40223,118073,6745,111328,39021,2462,36559,207428,44481,5890,38591,116863,9316,107547,46084,4896,41188,55,133,2023
"Winnebago County, Wisconsin",171735,168230,84482,19104,6752,12352,51503,5829,45674,13875,1708,12167,83748,18641,5842,12799,48775,8108,40667,16332,2470,13862,55,139,2023
"Wood County, Wisconsin",73939,73544,36645,8889,3575,5314,20231,3625,16606,7525,1149,6376,36899,8087,2623,5464,20127,3546,16581,8685,1367,7318,55,141,2023
"Laramie County, Wyoming",100984,96909,47377,11974,4338,7636,26669,1270,25399,8734,837,7897,49532,11379,3841,7538,28573,2399,26174,9580,988,8592,56,021,2023
"Natrona County, Wyoming",79941,79034,40198,9554,3132,6422,24117,1550,22567,6527,288,6239,38836,9128,3457,5671,22755,2263,20492,6953,528,6425,56,025,2023
"Arecibo Municipio, Puerto Rico",85641,84186,39007,7177,4014,3163,23573,10120,13453,8257,2250,6007,45179,7015,3540,3475,26144,13458,12686,12020,4284,7736,72,013,2023
"Bayamón Municipio, Puerto Rico",180835,176940,80962,15287,9204,6083,47879,14836,33043,17796,5267,12529,95978,14375,8259,6116,54699,22039,32660,26904,8755,18149,72,021,2023
"Caguas Municipio, Puerto Rico",124608,124034,56650,10151,7024,3127,35067,12690,22377,11432,5505,5927,67384,10177,7052,3125,40079,17270,22809,17128,8384,8744,72,025,2023
"Carolina Municipio, Puerto Rico",150843,150365,68774,12635,6316,6319,41371,9494,31877,14768,2981,11787,81591,11364,5847,5517,47240,13808,33432,22987,5386,17601,72,031,2023
"Guaynabo Municipio, Puerto Rico",89039,87816,40833,6643,1559,5084,24763,4668,20095,9427,2149,7278,46983,5871,1698,4173,27278,6343,20935,13834,3635,10199,72,061,2023
"Mayagüez Municipio, Puerto Rico",69798,68947,33085,7016,4630,2386,18657,8591,10066,7412,2275,5137,35862,5375,4297,1078,19344,11082,8262,11143,5023,6120,72,097,2023
"Ponce Municipio, Puerto Rico",130251,126098,58390,11528,8680,2848,32908,17280,15628,13954,6565,7389,67708,10915,8111,2804,37412,20905,16507,19381,10019,9362,72,113,2023
"San Juan Municipio, Puerto Rico",333005,329813,150024,27656,16089,11567,87325,24566,62759,35043,9082,25961,179789,26696,13888,12808,101615,38835,62780,51478,14443,37035,72,127,2023
"Toa Alta Municipio, Puerto Rico",65957,65368,30427,4730,2212,2518,20524,5548,14976,5173,1669,3504,34941,6279,3609,2670,22130,7245,14885,6532,1861,4671,72,135,2023
"Toa Baja Municipio, Puerto Rico",71888,71680,33125,6044,3490,2554,20359,7951,12408,6722,1373,5349,38555,6515,4228,2287,22445,8401,14044,9595,2465,7130,72,137,2023
"Trujillo Alto Municipio, Puerto Rico",66705,66365,31306,6166,2100,4066,19014,4071,14943,6126,1656,4470,35059,4884,1512,3372,21319,4651,16668,8856,2442,6414,72,139,2023
